1 1.056796908378601
2 0.7341048717498779
3 0.5883417129516602
4 0.4990707039833069
5 0.41452857851982117
6 0.3590886890888214
7 0.30097606778144836
8 0.26300883293151855
9 0.23421218991279602
10 0.21561239659786224
11 0.19450868666172028
12 0.18810074031352997
13 0.17123226821422577
14 0.16360604763031006
15 0.1596182882785797
16 0.15699347853660583
17 0.1506156027317047
18 0.141501784324646
19 0.1472754329442978
20 0.1407284438610077
21 0.12932716310024261
22 0.13483862578868866
23 0.1401769518852234
24 0.12640982866287231
25 0.13084033131599426
26 0.11539262533187866
27 0.11775630712509155
28 0.12871164083480835
29 0.12025861442089081
30 0.12813548743724823
31 0.11537626385688782
32 0.10436173528432846
33 0.11113425344228745
34 0.10892760008573532
35 0.10845869034528732
36 0.10761833935976028
37 0.11498008668422699
38 0.10882873088121414
39 0.09931932389736176
40 0.10122697800397873
41 0.11059979349374771
42 0.1169549748301506
43 0.09706620872020721
44 0.11140824854373932
45 0.09516122192144394
46 0.10506060719490051
47 0.09211308509111404
48 0.1321534514427185
49 0.11058017611503601
50 0.10626139491796494
51 0.098162941634655
52 0.09433794021606445
53 0.08562394231557846
54 0.09355510771274567
55 0.09490454196929932
56 0.09251648932695389
57 0.09568335860967636
58 0.10183519124984741
59 0.09601709246635437
60 0.09814082831144333
61 0.1061558946967125
62 0.09354564547538757
63 0.0981500893831253
64 0.08900053799152374
65 0.08996142446994781
66 0.097665935754776
67 0.10270410031080246
68 0.08741085231304169
69 0.09006098657846451
70 0.091682568192482
71 0.07740067690610886
72 0.08896935731172562
73 0.08200637996196747
74 0.09946255385875702
75 0.0808386579155922
76 0.08089369535446167
77 0.08974160999059677
78 0.08751519024372101
79 0.08536341041326523
80 0.106491819024086
81 0.08194104582071304
82 0.0779615268111229
83 0.08272761851549149
84 0.08818237483501434
85 0.10658654570579529
86 0.0752658024430275
87 0.09121092408895493
88 0.087249256670475
89 0.08783484250307083
90 0.10064094513654709
91 0.08314687013626099
92 0.07757396996021271
93 0.08335453271865845
94 0.09122282266616821
95 0.07652191817760468
96 0.08185593038797379
97 0.0818028524518013
98 0.0815061628818512
99 0.08309347927570343
100 0.0906648263335228
101 0.08372277766466141
102 0.06848311424255371
103 0.08719873428344727
104 0.09031789004802704
105 0.09600318968296051
106 0.08007296919822693
107 0.09459865838289261
108 0.0902339518070221
109 0.09410891681909561
110 0.09111695736646652
111 0.07714632153511047
112 0.07847248017787933
113 0.07226444035768509
114 0.08754249662160873
115 0.06820910423994064
116 0.07622773200273514
117 0.07513631880283356
118 0.07707945257425308
119 0.07262933254241943
120 0.08442433923482895
121 0.07834422588348389
122 0.08015789836645126
123 0.06783467531204224
124 0.07960331439971924
125 0.08456750214099884
126 0.10814040899276733
127 0.09287971258163452
128 0.08292907476425171
129 0.07059821486473083
130 0.07399820536375046
131 0.06532028317451477
132 0.10648640990257263
133 0.07448530942201614
134 0.0991828665137291
135 0.0768471285700798
136 0.07407233864068985
137 0.07039228826761246
138 0.07980905473232269
139 0.09522458910942078
140 0.07982073724269867
141 0.06889363378286362
142 0.07577121257781982
143 0.10765673220157623
144 0.09513305127620697
145 0.07182610780000687
146 0.09006704390048981
147 0.08226146548986435
148 0.08011731505393982
149 0.085563525557518
150 0.09514766931533813
151 0.07252681255340576
152 0.07846948504447937
153 0.07942955195903778
154 0.07730460911989212
155 0.07621333748102188
156 0.08818627148866653
157 0.06840011477470398
158 0.08511783927679062
159 0.10234594345092773
160 0.06975097209215164
161 0.07232371717691422
162 0.0733988955616951
163 0.08593641221523285
164 0.06925240159034729
165 0.06996149569749832
166 0.08256012946367264
167 0.09654514491558075
168 0.08236653357744217
169 0.07556276768445969
170 0.077567458152771
171 0.06989777833223343
172 0.0711360052227974
173 0.0697854608297348
174 0.071792371571064
175 0.06645381450653076
176 0.08248729258775711
177 0.07893922924995422
178 0.058967627584934235
179 0.07328363507986069
180 0.07895578444004059
181 0.06696929037570953
182 0.0704135149717331
183 0.06991494446992874
184 0.06623519212007523
185 0.07827170193195343
186 0.06696608662605286
187 0.061377156525850296
188 0.06808087974786758
189 0.07404256612062454
190 0.07475519925355911
191 0.08231289684772491
192 0.07071924209594727
193 0.07690998166799545
194 0.07528027892112732
195 0.06608431041240692
196 0.06695829331874847
197 0.0691995769739151
198 0.08419208973646164
199 0.06728781014680862
200 0.06499932706356049
