1 1.098222255706787
2 0.8522592782974243
3 0.7096996903419495
4 0.6268468499183655
5 0.5727313160896301
6 0.5325839519500732
7 0.5068798661231995
8 0.4715871214866638
9 0.449402779340744
10 0.4147022068500519
11 0.39033034443855286
12 0.3755209743976593
13 0.34881657361984253
14 0.3409063220024109
15 0.3163193464279175
16 0.3016670048236847
17 0.2952429950237274
18 0.28359609842300415
19 0.29245632886886597
20 0.2818155884742737
21 0.26579588651657104
22 0.2761143147945404
23 0.28206390142440796
24 0.25944018363952637
25 0.254453182220459
26 0.2568986713886261
27 0.25436317920684814
28 0.24797461926937103
29 0.2458953857421875
30 0.24670074880123138
31 0.23963789641857147
32 0.2392452359199524
33 0.24282845854759216
34 0.2285504788160324
35 0.23518963158130646
36 0.22287893295288086
37 0.2358974665403366
38 0.23982295393943787
39 0.22750772535800934
40 0.23810094594955444
41 0.22776812314987183
42 0.2246362268924713
43 0.22427643835544586
44 0.21735244989395142
45 0.2476647049188614
46 0.22527004778385162
47 0.22242635488510132
48 0.22380729019641876
49 0.22011062502861023
50 0.2327367216348648
51 0.2159159630537033
52 0.21696120500564575
53 0.21349510550498962
54 0.21557462215423584
55 0.2017822116613388
56 0.2081492692232132
57 0.21620938181877136
58 0.21407492458820343
59 0.22023676335811615
60 0.20570433139801025
61 0.19997817277908325
62 0.21518521010875702
63 0.2173374444246292
64 0.19387860596179962
65 0.20953215658664703
66 0.20219680666923523
67 0.21239908039569855
68 0.2173548936843872
69 0.19935782253742218
70 0.19592350721359253
71 0.2144753634929657
72 0.20613180100917816
73 0.19004549086093903
74 0.20640376210212708
75 0.21113063395023346
76 0.20337848365306854
77 0.19753174483776093
78 0.20767545700073242
79 0.20839965343475342
80 0.19889388978481293
81 0.19629904627799988
82 0.20543217658996582
83 0.19419483840465546
84 0.1939547061920166
85 0.20620693266391754
86 0.19641931354999542
87 0.1866607666015625
88 0.19243110716342926
89 0.19323348999023438
90 0.19957594573497772
91 0.19787338376045227
92 0.19156314432621002
93 0.1830166131258011
94 0.1897902935743332
95 0.20036084949970245
96 0.185306116938591
97 0.20063917338848114
98 0.1868284046649933
99 0.18711945414543152
100 0.18436487019062042
101 0.18039125204086304
102 0.18287211656570435
103 0.19084198772907257
104 0.18023225665092468
105 0.18445749580860138
106 0.18722012639045715
107 0.18070857226848602
108 0.17563745379447937
109 0.18337634205818176
110 0.19164316356182098
111 0.17914950847625732
112 0.1951652467250824
113 0.1803496778011322
114 0.18011727929115295
115 0.19398748874664307
116 0.18446709215641022
117 0.1671919971704483
118 0.17049363255500793
119 0.17546509206295013
120 0.18665079772472382
121 0.16645830869674683
122 0.16902124881744385
123 0.17037096619606018
124 0.17819540202617645
125 0.1754947155714035
126 0.17452017962932587
127 0.18486127257347107
128 0.16738709807395935
129 0.16667908430099487
130 0.19191502034664154
131 0.1597585827112198
132 0.16476327180862427
133 0.17840102314949036
134 0.17276310920715332
135 0.16763532161712646
136 0.16871365904808044
137 0.1936608999967575
138 0.16530612111091614
139 0.1806861311197281
140 0.17138886451721191
141 0.1698807328939438
142 0.16701030731201172
143 0.1652282029390335
144 0.1729004681110382
145 0.17710454761981964
146 0.16714715957641602
147 0.16576005518436432
148 0.16727669537067413
149 0.1600513905286789
150 0.16454121470451355
151 0.2013399451971054
152 0.1551549881696701
153 0.1591341644525528
154 0.1806357204914093
155 0.1638922542333603
156 0.16930018365383148
157 0.1583210676908493
158 0.15671008825302124
159 0.16314223408699036
160 0.18504564464092255
161 0.1652928739786148
162 0.15876328945159912
163 0.15705837309360504
164 0.15968947112560272
165 0.161013662815094
166 0.16828656196594238
167 0.16339951753616333
168 0.16715362668037415
169 0.15727633237838745
170 0.1613830178976059
171 0.15874893963336945
172 0.15596982836723328
173 0.16555528342723846
174 0.17704804241657257
175 0.16214948892593384
176 0.15103545784950256
177 0.1533013880252838
178 0.1653340756893158
179 0.1636541783809662
180 0.16477878391742706
181 0.16478458046913147
182 0.17708171904087067
183 0.15289005637168884
184 0.1638517677783966
185 0.18080133199691772
186 0.15583579242229462
187 0.1518489420413971
188 0.15512709319591522
189 0.19225580990314484
190 0.1583566516637802
191 0.1515897810459137
192 0.15088552236557007
193 0.15897758305072784
194 0.15397576987743378
195 0.18494157493114471
196 0.15944406390190125
197 0.16021911799907684
198 0.16096095740795135
199 0.1611730456352234
200 0.15949510037899017
