1 1.1381220817565918
2 0.9948143362998962
3 0.8566994667053223
4 0.7458509206771851
5 0.6682198643684387
6 0.610133171081543
7 0.5636705160140991
8 0.5255733728408813
9 0.5003753304481506
10 0.4762316048145294
11 0.45633217692375183
12 0.4386674761772156
13 0.41875573992729187
14 0.4015577733516693
15 0.3811808228492737
16 0.35631197690963745
17 0.32983627915382385
18 0.304790198802948
19 0.2759447395801544
20 0.2570032477378845
21 0.24267081916332245
22 0.22429513931274414
23 0.21498624980449677
24 0.19925299286842346
25 0.19391101598739624
26 0.1860324591398239
27 0.1809491217136383
28 0.17423056066036224
29 0.16775444149971008
30 0.16439136862754822
31 0.16004793345928192
32 0.15948417782783508
33 0.15315498411655426
34 0.15111437439918518
35 0.1494700312614441
36 0.14170046150684357
37 0.1406601220369339
38 0.13953028619289398
39 0.13316944241523743
40 0.13838399946689606
41 0.13056232035160065
42 0.12719570100307465
43 0.12694212794303894
44 0.12538844347000122
45 0.12582027912139893
46 0.12586800754070282
47 0.12044620513916016
48 0.12068422138690948
49 0.12646682560443878
50 0.1187569871544838
51 0.11452803760766983
52 0.11645425111055374
53 0.11393540352582932
54 0.11325791478157043
55 0.11377496272325516
56 0.11165928840637207
57 0.11153009533882141
58 0.11036596447229385
59 0.1070331260561943
60 0.10988898575305939
61 0.10598204284906387
62 0.10548852384090424
63 0.10613846033811569
64 0.10563679039478302
65 0.10220188647508621
66 0.10184095799922943
67 0.10062508285045624
68 0.09895820170640945
69 0.09986571967601776
70 0.09760655462741852
71 0.09738368541002274
72 0.10076058655977249
73 0.09910602867603302
74 0.0993107259273529
75 0.09815981984138489
76 0.09824350476264954
77 0.09736013412475586
78 0.09563811868429184
79 0.09455200284719467
80 0.09137892723083496
81 0.09161930531263351
82 0.09156787395477295
83 0.0910196304321289
84 0.08964952826499939
85 0.09407615661621094
86 0.09537290036678314
87 0.09455946832895279
88 0.0926252231001854
89 0.08938495069742203
90 0.08939870446920395
91 0.09041865915060043
92 0.087016262114048
93 0.09818482398986816
94 0.08707773685455322
95 0.08778057992458344
96 0.08593011647462845
97 0.08514825999736786
98 0.08603473007678986
99 0.08539026975631714
100 0.08817427605390549
101 0.08708353340625763
102 0.08552737534046173
103 0.08466978371143341
104 0.08135689795017242
105 0.08721844851970673
106 0.08433959633111954
107 0.09186315536499023
108 0.0823209285736084
109 0.08627860248088837
110 0.0805075541138649
111 0.08036758750677109
112 0.08072714507579803
113 0.08441586792469025
114 0.08052150160074234
115 0.07866811752319336
116 0.08399909734725952
117 0.07914291322231293
118 0.07976856082677841
119 0.07861834764480591
120 0.0821656882762909
121 0.08156829327344894
122 0.07681875675916672
123 0.08031857013702393
124 0.07732938975095749
125 0.07597734779119492
126 0.07673182338476181
127 0.07585376501083374
128 0.07666967064142227
129 0.08511536568403244
130 0.08038342744112015
131 0.0762329250574112
132 0.07615748792886734
133 0.07677001506090164
134 0.08163560926914215
135 0.08024181425571442
136 0.07468310743570328
137 0.07654586434364319
138 0.07790783047676086
139 0.07641313225030899
140 0.0725804790854454
141 0.07433314621448517
142 0.07766524702310562
143 0.0765475258231163
144 0.07294409722089767
145 0.07248640060424805
146 0.07425489276647568
147 0.0758160650730133
148 0.07058221101760864
149 0.0751122534275055
150 0.06945313513278961
151 0.0741279125213623
152 0.0758625864982605
153 0.07424363493919373
154 0.06653641164302826
155 0.07000121474266052
156 0.07663457095623016
157 0.0724179819226265
158 0.07656651735305786
159 0.0696515217423439
160 0.07066499441862106
161 0.0761147290468216
162 0.06811840832233429
163 0.0687643513083458
164 0.07827924937009811
165 0.07344460487365723
166 0.067671999335289
167 0.0705714076757431
168 0.07246105372905731
169 0.06922762840986252
170 0.06830187886953354
171 0.07076945900917053
172 0.07004984468221664
173 0.06455467641353607
174 0.06892494857311249
175 0.07185182720422745
176 0.07119724154472351
177 0.07220707833766937
178 0.06884215772151947
179 0.06997454166412354
180 0.06327953934669495
181 0.07395754754543304
182 0.06988541036844254
183 0.06962662935256958
184 0.06476358324289322
185 0.06560246646404266
186 0.06573043763637543
187 0.06537171453237534
188 0.06215120479464531
189 0.06578179448843002
190 0.06472788006067276
191 0.06834357976913452
192 0.06453561037778854
193 0.06552273780107498
194 0.06397008150815964
195 0.0657055526971817
196 0.06725364178419113
197 0.06396377086639404
198 0.0651339739561081
199 0.06354241073131561
200 0.06815866380929947
201 0.06350041180849075
202 0.06158493831753731
203 0.062285203486680984
204 0.06606438755989075
205 0.06137690320611
206 0.062161654233932495
207 0.062103718519210815
208 0.06268314272165298
209 0.06377850472927094
210 0.06398764997720718
211 0.06365465372800827
212 0.06767426431179047
213 0.059804536402225494
214 0.06371912360191345
215 0.06500645726919174
216 0.06430022418498993
217 0.0679749995470047
218 0.06062962859869003
219 0.07398274540901184
220 0.06552790105342865
221 0.06218651309609413
222 0.07132922112941742
223 0.05856500566005707
224 0.05907256528735161
225 0.0648004412651062
226 0.06347176432609558
227 0.06330041587352753
228 0.06192980334162712
229 0.06527724862098694
230 0.058377042412757874
231 0.06569704413414001
232 0.05902186781167984
233 0.06123196333646774
234 0.06602268666028976
235 0.05961131304502487
236 0.0616023950278759
237 0.05995716527104378
238 0.062062669545412064
239 0.05819381773471832
240 0.06456150114536285
241 0.05967091768980026
242 0.06091995909810066
243 0.06448431313037872
244 0.05731578916311264
245 0.06474947929382324
246 0.057294007390737534
247 0.058419764041900635
248 0.06290359795093536
249 0.06049278751015663
250 0.0599345937371254
251 0.056634657084941864
252 0.06430847942829132
253 0.06185213848948479
254 0.05937374755740166
255 0.058938201516866684
256 0.056382663547992706
257 0.061311472207307816
258 0.06503580510616302
259 0.05609682947397232
260 0.0594322569668293
261 0.061066027730703354
262 0.05890103057026863
263 0.05437668785452843
264 0.06843040138483047
265 0.05401310324668884
266 0.062189217656850815
267 0.06000107526779175
268 0.06070362403988838
269 0.056670788675546646
270 0.05538906902074814
271 0.05368266999721527
272 0.05567975714802742
273 0.061717044562101364
274 0.058040063828229904
275 0.05425724387168884
276 0.05869592726230621
277 0.06406135857105255
278 0.05658217892050743
279 0.0573701411485672
280 0.06646917760372162
281 0.05692392215132713
282 0.06370355933904648
283 0.055006783455610275
284 0.06485925614833832
285 0.0589611791074276
286 0.057219333946704865
287 0.058498188853263855
288 0.06238536164164543
289 0.054102495312690735
290 0.05297880619764328
291 0.06205621734261513
292 0.054398294538259506
293 0.05622883141040802
294 0.057665932923555374
295 0.05630159378051758
296 0.05290984362363815
297 0.05938917025923729
298 0.05934407562017441
299 0.058337945491075516
300 0.05703902617096901
301 0.05443035811185837
302 0.06463241577148438
303 0.05532555654644966
304 0.055549781769514084
305 0.05414557829499245
306 0.055701032280921936
307 0.05766070634126663
308 0.0591542012989521
309 0.06484204530715942
310 0.05341681092977524
311 0.05265343189239502
312 0.056160155683755875
313 0.05936896428465843
314 0.057087525725364685
315 0.05201522633433342
316 0.055294718593358994
317 0.05156753584742546
318 0.059303052723407745
319 0.057245247066020966
320 0.05093242973089218
321 0.05890927463769913
322 0.05828124284744263
323 0.05627446621656418
324 0.05439956486225128
325 0.053698018193244934
326 0.0595935583114624
327 0.05778709799051285
328 0.06094001233577728
329 0.05886804312467575
330 0.05324147269129753
331 0.05525173991918564
332 0.053453218191862106
333 0.05554502457380295
334 0.05952615290880203
335 0.05239781737327576
336 0.054137080907821655
337 0.054290369153022766
338 0.05092237889766693
339 0.052036967128515244
340 0.05453786626458168
341 0.05223075672984123
342 0.05460159108042717
343 0.05645262449979782
344 0.052089981734752655
345 0.051851190626621246
346 0.05241480469703674
347 0.05242183804512024
348 0.050774961709976196
349 0.05575483664870262
350 0.05722480267286301
351 0.05142740160226822
352 0.0504644550383091
353 0.059342995285987854
354 0.05650944262742996
355 0.056424472481012344
356 0.05364314094185829
357 0.04859737679362297
358 0.058581821620464325
359 0.053998999297618866
360 0.055458471179008484
361 0.05502025783061981
362 0.057988401502370834
363 0.052138909697532654
364 0.05081479623913765
365 0.051235049962997437
366 0.05262582376599312
367 0.05237502232193947
368 0.05221974477171898
369 0.04881087318062782
370 0.051003117114305496
371 0.05505436658859253
372 0.053032148629426956
373 0.05315989628434181
374 0.04756402224302292
375 0.05348291993141174
376 0.05569607391953468
377 0.05008595436811447
378 0.04876016080379486
379 0.05144057795405388
380 0.053618595004081726
381 0.05824599415063858
382 0.051478855311870575
383 0.05751831457018852
384 0.055473387241363525
385 0.05259915813803673
386 0.04968877509236336
387 0.05261016637086868
388 0.0503748282790184
389 0.0513981431722641
390 0.04936537146568298
391 0.04899003729224205
392 0.05286741256713867
393 0.06107565760612488
394 0.04696066677570343
395 0.04755009710788727
396 0.05289493873715401
397 0.052734363824129105
398 0.05539365112781525
399 0.054924171417951584
400 0.0506286583840847
401 0.04846397042274475
402 0.0524132177233696
403 0.051385536789894104
404 0.0487171895802021
405 0.04735453054308891
406 0.05266588553786278
407 0.05080890655517578
408 0.04761024937033653
409 0.047073621302843094
410 0.04851037636399269
411 0.04872308298945427
412 0.04669300839304924
413 0.052642423659563065
414 0.05137664079666138
415 0.04876720532774925
416 0.04694408178329468
417 0.05482267215847969
418 0.049313634634017944
419 0.05720199644565582
420 0.047366973012685776
421 0.05193949118256569
422 0.05010742321610451
423 0.048582810908555984
424 0.050354015082120895
425 0.05676059052348137
426 0.04999248683452606
427 0.053605809807777405
428 0.05724751204252243
429 0.049676455557346344
430 0.04790846258401871
431 0.05274980142712593
432 0.04475582763552666
433 0.04565522447228432
434 0.05318070575594902
435 0.056102316826581955
436 0.048852063715457916
437 0.05264356732368469
438 0.04714185744524002
439 0.04968695342540741
440 0.04871613159775734
441 0.053173307329416275
442 0.04905712977051735
443 0.04813510924577713
444 0.04595080390572548
445 0.052918605506420135
446 0.04788064956665039
447 0.051766782999038696
448 0.04874294996261597
449 0.05790755897760391
450 0.04868989437818527
451 0.04944329708814621
452 0.05445170775055885
453 0.05473192408680916
454 0.04825384542346001
455 0.05424265190958977
456 0.051626354455947876
457 0.05286127328872681
458 0.0494103729724884
459 0.04648921266198158
460 0.048797495663166046
461 0.05210373178124428
462 0.0447685532271862
463 0.055587705224752426
464 0.04803530126810074
465 0.04949187859892845
466 0.05726698786020279
467 0.04660431668162346
468 0.046793729066848755
469 0.055202458053827286
470 0.04711540788412094
471 0.049486156553030014
472 0.051278967410326004
473 0.050772495567798615
474 0.04613150656223297
475 0.04555996507406235
476 0.049261756241321564
477 0.0483342707157135
478 0.049382325261831284
479 0.04782966524362564
480 0.046531546860933304
481 0.04595274105668068
482 0.04996540769934654
483 0.046143461018800735
484 0.04889998212456703
485 0.05187474936246872
486 0.0450681708753109
487 0.05054682493209839
488 0.04598091170191765
489 0.04814576730132103
490 0.04226844385266304
491 0.04483283311128616
492 0.04904625192284584
493 0.050468940287828445
494 0.05352131277322769
495 0.04726078733801842
496 0.05058915168046951
497 0.05252829194068909
498 0.04613814502954483
499 0.05443834140896797
500 0.051529958844184875
501 0.05856062099337578
502 0.050505828112363815
503 0.04466494172811508
504 0.047316763550043106
505 0.04474321007728577
506 0.0476665198802948
507 0.044444482773542404
508 0.04861128330230713
509 0.044168077409267426
510 0.053715214133262634
511 0.04693429172039032
512 0.04385887086391449
513 0.04976209998130798
514 0.04517755284905434
515 0.04664682596921921
516 0.04231111705303192
517 0.044550761580467224
518 0.043987855315208435
519 0.05605480819940567
520 0.04660427197813988
521 0.05204101279377937
522 0.04622513800859451
523 0.05053633823990822
524 0.042969293892383575
525 0.048687368631362915
526 0.04853922873735428
527 0.0492682047188282
528 0.045928169041872025
529 0.04600019007921219
530 0.05022574961185455
531 0.04259028285741806
532 0.045080315321683884
533 0.049385182559490204
534 0.05291591212153435
535 0.039016593247652054
536 0.04663517698645592
537 0.05136774480342865
538 0.04739244654774666
539 0.048353299498558044
540 0.05149286985397339
541 0.04431411251425743
542 0.04811090975999832
543 0.04398397356271744
544 0.04574696347117424
545 0.04254356026649475
546 0.04876873269677162
547 0.0446096807718277
548 0.048881616443395615
549 0.04378140717744827
550 0.04565989226102829
551 0.04539935663342476
552 0.04830382391810417
553 0.04904059320688248
554 0.04512595757842064
555 0.042961448431015015
556 0.04827023297548294
557 0.04431549087166786
558 0.04365795850753784
559 0.046743154525756836
560 0.04886005446314812
561 0.046987198293209076
562 0.04019540175795555
563 0.05011116713285446
564 0.045850250869989395
565 0.046023640781641006
566 0.043209318071603775
567 0.04553716629743576
568 0.04709399491548538
569 0.04395309090614319
570 0.04779663681983948
571 0.048737794160842896
572 0.043953198939561844
573 0.05537807568907738
574 0.05097680538892746
575 0.04688923805952072
576 0.04738590866327286
577 0.05201796069741249
578 0.05408770963549614
579 0.04983073100447655
580 0.04646984487771988
581 0.043578021228313446
582 0.04533940553665161
583 0.04780952259898186
584 0.046949319541454315
585 0.04728209972381592
586 0.05208028107881546
587 0.04513085260987282
588 0.04810252785682678
589 0.05826201289892197
590 0.04553383216261864
591 0.04875973239541054
592 0.047747354954481125
593 0.05042572319507599
594 0.04220472648739815
595 0.053195562213659286
596 0.043998897075653076
597 0.042998749762773514
598 0.04429464787244797
599 0.04430906102061272
600 0.04346194490790367
601 0.04183821752667427
602 0.05151521414518356
603 0.044477708637714386
604 0.044883836060762405
605 0.04746520146727562
606 0.040277693420648575
607 0.04667789861559868
608 0.043319374322891235
609 0.0459882915019989
610 0.04390590265393257
611 0.05167693644762039
612 0.04291177913546562
613 0.04274548217654228
614 0.04500877112150192
615 0.05012395232915878
616 0.04350091516971588
617 0.044132690876722336
618 0.046315934509038925
619 0.045415524393320084
620 0.04544634744524956
621 0.04763984680175781
622 0.043980445712804794
623 0.043283797800540924
624 0.04173997417092323
625 0.04974352940917015
626 0.049691613763570786
627 0.044697877019643784
628 0.0447106808423996
629 0.042054735124111176
630 0.04476243630051613
631 0.04269309714436531
632 0.04455985128879547
633 0.04405520111322403
634 0.05380437150597572
635 0.04531562700867653
636 0.04476328566670418
637 0.049792010337114334
638 0.05130689963698387
639 0.040785666555166245
640 0.04534006118774414
641 0.05846679210662842
642 0.0450185090303421
643 0.04364815726876259
644 0.04806789755821228
645 0.04119103401899338
646 0.04391346126794815
647 0.04753206670284271
648 0.05365639179944992
649 0.04375218600034714
650 0.0484844334423542
651 0.046996861696243286
652 0.05010246858000755
653 0.042985524982213974
654 0.05494057387113571
655 0.04756560176610947
656 0.04596712812781334
657 0.04631044343113899
658 0.044099800288677216
659 0.04352346062660217
660 0.041523199528455734
661 0.054671760648489
662 0.043221525847911835
663 0.04280155152082443
664 0.05131954699754715
665 0.04225829988718033
666 0.04154451563954353
667 0.04028172045946121
668 0.03887809067964554
669 0.05143223702907562
670 0.050378989428281784
671 0.048893675208091736
672 0.04441966861486435
673 0.04557313770055771
674 0.04626288637518883
675 0.04776608571410179
676 0.0425749234855175
677 0.04109804332256317
678 0.04802383482456207
679 0.04030453786253929
680 0.04315992817282677
681 0.051530901342630386
682 0.049369264394044876
683 0.04515507072210312
684 0.04597808048129082
685 0.04743390902876854
686 0.04596072807908058
687 0.046766314655542374
688 0.04267720878124237
689 0.03815007209777832
690 0.03737467899918556
691 0.04003307968378067
692 0.0400906465947628
693 0.04136202484369278
694 0.04300428926944733
695 0.04699685052037239
696 0.044775739312171936
697 0.04501817747950554
698 0.04718687757849693
699 0.041894007474184036
700 0.042367659509181976
701 0.05082801729440689
702 0.04405998811125755
703 0.052440617233514786
704 0.043767742812633514
705 0.04709622263908386
706 0.04746048524975777
707 0.044347409158945084
708 0.044617895036935806
709 0.04348873347043991
710 0.039655495434999466
711 0.043358128517866135
712 0.048826299607753754
713 0.04605856165289879
714 0.04893981292843819
715 0.03978759050369263
716 0.04397355765104294
717 0.04322003200650215
718 0.043952327221632004
719 0.039901770651340485
720 0.045188721269369125
721 0.04618984833359718
722 0.04904353246092796
723 0.04953419417142868
724 0.04195573925971985
725 0.04152750223875046
726 0.04285958409309387
727 0.04824979603290558
728 0.043995846062898636
729 0.04061811789870262
730 0.04560837894678116
731 0.038596779108047485
732 0.04010975733399391
733 0.05427863448858261
734 0.04074173420667648
735 0.043414123356342316
736 0.0472428984940052
737 0.053361281752586365
738 0.042260050773620605
739 0.039279092103242874
740 0.04350841045379639
741 0.03818301856517792
742 0.045884884893894196
743 0.042997173964977264
744 0.049218058586120605
745 0.04290030896663666
746 0.046859923750162125
747 0.039705853909254074
748 0.04628518968820572
749 0.049683183431625366
750 0.04308796301484108
751 0.04135122150182724
752 0.04729027301073074
753 0.04271911457180977
754 0.04297645017504692
755 0.04426337033510208
756 0.04284362494945526
757 0.048362135887145996
758 0.038882989436388016
759 0.04930240288376808
760 0.04868772253394127
761 0.04768765717744827
762 0.038330622017383575
763 0.046944569796323776
764 0.04908269643783569
765 0.04134976118803024
766 0.045361194759607315
767 0.03912436217069626
768 0.04454866424202919
769 0.04123818129301071
770 0.04195503145456314
771 0.04105941206216812
772 0.04210406541824341
773 0.04322277754545212
774 0.044154807925224304
775 0.04219868406653404
776 0.043953586369752884
777 0.043459583073854446
778 0.0493621826171875
779 0.04415047541260719
780 0.04680895805358887
781 0.04203121364116669
782 0.043464962393045425
783 0.051998745650053024
784 0.04701375216245651
785 0.04951035976409912
786 0.03890713304281235
787 0.04506698250770569
788 0.0462166965007782
789 0.04961870610713959
790 0.04611809179186821
791 0.04305039346218109
792 0.04226384684443474
793 0.04037461802363396
794 0.040886059403419495
795 0.04937877506017685
796 0.04368152469396591
797 0.04522726684808731
798 0.04145202040672302
799 0.04912758246064186
800 0.043220844119787216
