1 1.9019206762313843
2 1.4980003833770752
3 1.3883206844329834
4 1.3932801485061646
5 1.0762979984283447
6 1.0092880725860596
7 1.1696176528930664
8 1.1823177337646484
9 1.007332682609558
10 1.079610824584961
11 0.9791698455810547
12 1.2247956991195679
13 0.9199007749557495
14 0.8823941946029663
15 0.9065160155296326
16 0.9042831063270569
17 0.9093256592750549
18 1.0882065296173096
19 0.8349882960319519
20 0.7935121655464172
21 0.9323083758354187
22 0.8229042887687683
23 0.7546104788780212
24 0.7915594577789307
25 0.8295477628707886
26 0.8774093985557556
27 0.6800412535667419
28 0.882642388343811
29 0.8414809107780457
30 0.5921523571014404
31 0.6863221526145935
32 0.6810383796691895
33 0.655508279800415
34 0.6529135704040527
35 0.8864862322807312
36 0.6346574425697327
37 0.6686574220657349
38 0.7974162697792053
39 0.5524145364761353
40 0.7135646343231201
41 0.6904847025871277
42 0.7966117858886719
43 0.5444240570068359
44 0.721265435218811
45 0.7546445727348328
46 0.7207915782928467
47 0.5230955481529236
48 0.5823003053665161
49 1.1337052583694458
50 0.48554614186286926
51 0.7230515480041504
52 0.5221527218818665
53 0.8062329292297363
54 0.5582538843154907
55 0.5649579167366028
56 0.6637851595878601
57 0.597368597984314
58 0.5355310440063477
59 0.47046464681625366
60 0.5562003254890442
61 0.6052578091621399
62 0.7154382467269897
63 0.4849841892719269
64 0.5542608499526978
65 0.5116531848907471
66 0.5345872640609741
67 0.5320539474487305
68 0.49402526021003723
69 0.5649610161781311
70 0.5974687337875366
71 0.4694984555244446
72 0.46827441453933716
73 0.7168004512786865
74 0.56977778673172
75 0.5206916928291321
76 0.5377928018569946
77 0.5056664347648621
78 0.4099646508693695
79 0.4765331447124481
80 0.686664342880249
81 0.41829901933670044
82 0.5059738159179688
83 0.45050087571144104
84 0.42173925042152405
85 0.41143864393234253
86 0.7738131284713745
87 0.4281110465526581
88 0.4921324551105499
89 0.4773474633693695
90 0.5750442147254944
91 0.5022615194320679
92 0.5953728556632996
93 0.472308486700058
94 0.41191744804382324
95 0.6507250070571899
96 0.4096563160419464
97 0.6573129892349243
98 0.9077957272529602
99 0.3980267345905304
100 0.3911372423171997
101 0.4955681264400482
102 0.4301470220088959
103 0.579392671585083
104 0.39621874690055847
105 0.44975924491882324
106 0.4619302749633789
107 0.4336905777454376
108 0.41628506779670715
109 0.4013383388519287
110 0.5288095474243164
111 0.44760844111442566
112 0.5132442712783813
113 0.42019981145858765
114 0.6488600969314575
115 0.5317216515541077
116 0.5709888935089111
117 0.46499869227409363
118 0.4237414598464966
119 0.7823560237884521
120 0.4308041036128998
121 0.47957295179367065
122 0.569246768951416
123 0.48215252161026
124 0.5033103823661804
125 0.5403947830200195
126 0.5453938841819763
127 0.6228628158569336
128 0.4097186326980591
129 0.4154571294784546
130 0.4996909499168396
131 0.4483707547187805
132 0.3785378932952881
133 0.4632003605365753
134 0.38818228244781494
135 0.40827393531799316
136 0.4552191495895386
137 0.3585359752178192
138 0.6247190237045288
139 0.3889489769935608
140 0.6214004158973694
141 0.4112940728664398
142 0.35958486795425415
143 0.4346603453159332
144 0.43421709537506104
145 0.39942729473114014
146 0.4577537178993225
147 0.5641942620277405
148 0.3580703139305115
149 0.4561592936515808
150 0.43458250164985657
151 0.3696102797985077
152 0.5887455344200134
153 0.5504377484321594
154 0.45363783836364746
155 0.3611384332180023
156 0.5216363072395325
157 0.35704880952835083
158 0.45993658900260925
159 0.4020669162273407
160 0.6485226154327393
161 0.3889788091182709
162 0.43170806765556335
163 0.35402336716651917
164 0.4023910462856293
165 0.38819658756256104
166 0.4228505492210388
167 0.47667890787124634
168 0.7979016304016113
169 0.4381125569343567
170 0.4510529339313507
171 0.3371821939945221
172 0.37805476784706116
173 0.438161164522171
174 1.1997778415679932
175 0.5950303673744202
176 0.3341929316520691
177 0.6979674696922302
178 0.7091107964515686
179 0.6291676759719849
180 0.39427584409713745
181 0.3269346356391907
182 0.4195324182510376
183 0.38503846526145935
184 0.5099262595176697
185 0.3226154148578644
186 0.3814259469509125
187 0.39576295018196106
188 0.3542209267616272
189 1.0667446851730347
190 0.31644323468208313
191 0.38241812586784363
192 0.34873470664024353
193 0.40704283118247986
194 0.38274693489074707
195 0.36495551466941833
196 0.5258938670158386
197 0.36671823263168335
198 0.3991802930831909
199 0.4717307984828949
200 0.844073474407196
