1 1.0649539232254028
2 0.5599846839904785
3 0.3497467339038849
4 0.30173054337501526
5 0.2616920471191406
6 0.20593656599521637
7 0.19585533440113068
8 0.20774231851100922
9 0.2073703408241272
10 0.21061407029628754
11 0.20163634419441223
12 0.17208990454673767
13 0.19007344543933868
14 0.18920712172985077
15 0.20061111450195312
16 0.19045846164226532
17 0.17916567623615265
18 0.17024031281471252
19 0.20037038624286652
20 0.19950342178344727
21 0.1653452068567276
22 0.1684928983449936
23 0.15767595171928406
24 0.1891995519399643
25 0.16419510543346405
26 0.12619072198867798
27 0.168914332985878
28 0.1780671626329422
29 0.15306179225444794
30 0.12843389809131622
31 0.2024856060743332
32 0.1751205027103424
33 0.19127340614795685
34 0.14676783978939056
35 0.16122275590896606
36 0.1905500590801239
37 0.17268039286136627
38 0.16252398490905762
39 0.1584753394126892
40 0.1329670399427414
41 0.13881726562976837
42 0.14589545130729675
43 0.1494053602218628
44 0.13984543085098267
45 0.18274377286434174
46 0.13253338634967804
47 0.13512587547302246
48 0.1944398283958435
49 0.1514156609773636
50 0.12288613617420197
51 0.13989757001399994
52 0.16191044449806213
53 0.1497756540775299
54 0.16486556828022003
55 0.18382929265499115
56 0.1420036405324936
57 0.13623563945293427
58 0.18501029908657074
59 0.12768049538135529
60 0.14965108036994934
61 0.14719723165035248
62 0.12182091176509857
63 0.1450052559375763
64 0.15373173356056213
65 0.13429692387580872
66 0.15310436487197876
67 0.1484472155570984
68 0.13331855833530426
69 0.15922696888446808
70 0.15882708132266998
71 0.15129797160625458
72 0.14291878044605255
73 0.16940857470035553
74 0.1248951256275177
75 0.12328997999429703
76 0.16434969007968903
77 0.12451378256082535
78 0.14208468794822693
79 0.1149648055434227
80 0.12187587469816208
81 0.15639172494411469
82 0.12664541602134705
83 0.13151679933071136
84 0.14148001372814178
85 0.12956136465072632
86 0.149024099111557
87 0.13764478266239166
88 0.13291838765144348
89 0.1591109335422516
90 0.13422204554080963
91 0.13789242506027222
92 0.106321781873703
93 0.1545209139585495
94 0.14961101114749908
95 0.12020004540681839
96 0.12057315558195114
97 0.13721513748168945
98 0.18004487454891205
99 0.12858837842941284
100 0.11546801775693893
101 0.12859269976615906
102 0.1601167917251587
103 0.1255740374326706
104 0.1316506415605545
105 0.12365930527448654
106 0.1411767303943634
107 0.1333233267068863
108 0.1288130134344101
109 0.14454098045825958
110 0.12259764969348907
111 0.11992243677377701
112 0.15429317951202393
113 0.13413621485233307
114 0.16437573730945587
115 0.1257755607366562
116 0.13738955557346344
117 0.1414554864168167
118 0.14631393551826477
119 0.13712014257907867
120 0.1330539435148239
121 0.14143070578575134
122 0.1227659061551094
123 0.13545231521129608
124 0.14524142444133759
125 0.18871408700942993
126 0.1479896903038025
127 0.1187158152461052
128 0.14426207542419434
129 0.11778821796178818
130 0.12529826164245605
131 0.13237538933753967
132 0.1263795644044876
133 0.16291023790836334
134 0.12747515738010406
135 0.10697247833013535
136 0.15178269147872925
137 0.10696858167648315
138 0.1427401602268219
139 0.12439572066068649
140 0.13372372090816498
141 0.15879739820957184
142 0.11306696385145187
143 0.15138086676597595
144 0.11666345596313477
145 0.1427994817495346
146 0.14090250432491302
147 0.12126719951629639
148 0.12583379447460175
149 0.1316470354795456
150 0.12892787158489227
151 0.10963175445795059
152 0.11808240413665771
153 0.12021337449550629
154 0.15171116590499878
155 0.11365184187889099
156 0.13359807431697845
157 0.12866653501987457
158 0.12079306691884995
159 0.1213124468922615
160 0.1339079886674881
161 0.13315936923027039
162 0.15766681730747223
163 0.12138553708791733
164 0.14436666667461395
165 0.11149676144123077
166 0.14375579357147217
167 0.1285187304019928
168 0.13095319271087646
169 0.1247921735048294
170 0.14743460714817047
171 0.12998409569263458
172 0.10901114344596863
173 0.1085149496793747
174 0.13085682690143585
175 0.11538475006818771
176 0.1255076825618744
177 0.146605983376503
178 0.13547739386558533
179 0.12688936293125153
180 0.15001462399959564
181 0.11715708673000336
182 0.12524202466011047
183 0.11262442171573639
184 0.12110697478055954
185 0.15536178648471832
186 0.11367578059434891
187 0.15658369660377502
188 0.10461019724607468
189 0.09710671752691269
190 0.14099302887916565
191 0.129632830619812
192 0.12923021614551544
193 0.1444922238588333
194 0.11346916109323502
195 0.13445235788822174
196 0.11658547073602676
197 0.14001308381557465
198 0.10187162458896637
199 0.114010751247406
200 0.12464147806167603
201 0.1278368979692459
202 0.1447780877351761
203 0.13257256150245667
204 0.12086419761180878
205 0.11015371233224869
206 0.11500031501054764
207 0.10684138536453247
208 0.13152581453323364
209 0.10407326370477676
210 0.14855296909809113
211 0.10123545676469803
212 0.10849322378635406
213 0.11680100113153458
214 0.1261148601770401
215 0.11192777007818222
216 0.1443156749010086
217 0.1374429613351822
218 0.14110615849494934
219 0.11232580244541168
220 0.1169709861278534
221 0.12199105322360992
222 0.12905292212963104
223 0.12122975289821625
224 0.11900898069143295
225 0.11974328756332397
226 0.16008977591991425
227 0.10838598757982254
228 0.16250306367874146
229 0.14312002062797546
230 0.11206365376710892
231 0.12650573253631592
232 0.11939282715320587
233 0.11806883662939072
234 0.1167154535651207
235 0.13521036505699158
236 0.1098865494132042
237 0.14689931273460388
238 0.10714597254991531
239 0.0966821238398552
240 0.12741008400917053
241 0.10883745551109314
242 0.15149211883544922
243 0.14024043083190918
244 0.12652933597564697
245 0.12091750651597977
246 0.11732178181409836
247 0.1246185228228569
248 0.12204799801111221
249 0.12806040048599243
250 0.12415476888418198
251 0.11549895256757736
252 0.15122506022453308
253 0.13174797594547272
254 0.1317525953054428
255 0.1263645440340042
256 0.1471688151359558
257 0.1649990826845169
258 0.08278404921293259
259 0.12855280935764313
260 0.10625822097063065
261 0.11486537009477615
262 0.1412821114063263
263 0.11872031539678574
264 0.09865197539329529
265 0.120089590549469
266 0.1175420805811882
267 0.1331111043691635
268 0.09656094759702682
269 0.13485372066497803
270 0.10675550997257233
271 0.09031885862350464
272 0.13443197309970856
273 0.12341300398111343
274 0.15053996443748474
275 0.1406315416097641
276 0.11240227520465851
277 0.14222264289855957
278 0.12828874588012695
279 0.12234669923782349
280 0.13896416127681732
281 0.12396758049726486
282 0.10495538264513016
283 0.10448434203863144
284 0.12016111612319946
285 0.12837685644626617
286 0.11962887644767761
287 0.11771687865257263
288 0.14520391821861267
289 0.15368710458278656
290 0.1370653212070465
291 0.12904970347881317
292 0.145769864320755
293 0.08717953413724899
294 0.11043347418308258
295 0.12834416329860687
296 0.11884075403213501
297 0.1245197132229805
298 0.13235542178153992
299 0.10814612358808517
300 0.11950521171092987
301 0.10782060772180557
302 0.11412115395069122
303 0.15373975038528442
304 0.0940331444144249
305 0.11402864754199982
306 0.09887214004993439
307 0.1235380470752716
308 0.10796225816011429
309 0.12307729572057724
310 0.09621386975049973
311 0.09223231673240662
312 0.13383203744888306
313 0.1404806524515152
314 0.0939306691288948
315 0.11781038343906403
316 0.09841165691614151
317 0.12592639029026031
318 0.1101377084851265
319 0.10578469932079315
320 0.11297937482595444
321 0.12353485077619553
322 0.09774091839790344
323 0.09167668968439102
324 0.15913887321949005
325 0.121945820748806
326 0.12107004225254059
327 0.1233275905251503
328 0.14594584703445435
329 0.14605164527893066
330 0.1318431943655014
331 0.15984439849853516
332 0.11694709956645966
333 0.11469163745641708
334 0.11450009047985077
335 0.11715130507946014
336 0.12033480405807495
337 0.11288141459226608
338 0.11838789284229279
339 0.13014812767505646
340 0.09921903908252716
341 0.13072167336940765
342 0.11922720819711685
343 0.11470198631286621
344 0.11371221393346786
345 0.12286500632762909
346 0.10361648350954056
347 0.11970579624176025
348 0.08714935928583145
349 0.11305466294288635
350 0.10182684659957886
351 0.1332058608531952
352 0.10753676295280457
353 0.12320902943611145
354 0.10262234508991241
355 0.12775474786758423
356 0.10401692986488342
357 0.12829037010669708
358 0.10320691764354706
359 0.1457625925540924
360 0.11225713044404984
361 0.10982709378004074
362 0.10111846029758453
363 0.12064464390277863
364 0.1112082228064537
365 0.14080430567264557
366 0.12458029389381409
367 0.15456892549991608
368 0.1369212567806244
369 0.11645149439573288
370 0.10641797631978989
371 0.11057191342115402
372 0.1256866455078125
373 0.09158660471439362
374 0.08110243827104568
375 0.11696894466876984
376 0.11488723754882812
377 0.14165085554122925
378 0.14605247974395752
379 0.11593232303857803
380 0.12070967257022858
381 0.09003496915102005
382 0.1460825800895691
383 0.10543068498373032
384 0.11807078123092651
385 0.14330609142780304
386 0.12109929323196411
387 0.11584733426570892
388 0.13860660791397095
389 0.11555321514606476
390 0.14550448954105377
391 0.09917458891868591
392 0.12365651875734329
393 0.10460735857486725
394 0.11780234426259995
395 0.1504923403263092
396 0.1023605689406395
397 0.12944868206977844
398 0.12170393019914627
399 0.11535250395536423
400 0.11247406154870987
