1 0.9910379648208618
2 0.6340683698654175
3 0.4926828145980835
4 0.3998430073261261
5 0.3323900103569031
6 0.2981373965740204
7 0.2597506046295166
8 0.253932386636734
9 0.25819075107574463
10 0.24274276196956635
11 0.20832104980945587
12 0.20938251912593842
13 0.22069139778614044
14 0.19402961432933807
15 0.19871653616428375
16 0.20569898188114166
17 0.19569626450538635
18 0.1894758939743042
19 0.17829900979995728
20 0.19186171889305115
21 0.1818334013223648
22 0.18448860943317413
23 0.1685401052236557
24 0.1666332632303238
25 0.1699512004852295
26 0.16322867572307587
27 0.16415254771709442
28 0.16393347084522247
29 0.1606575846672058
30 0.17014987766742706
31 0.17024053633213043
32 0.15694935619831085
33 0.17419661581516266
34 0.1654190868139267
35 0.17059920728206635
36 0.15726502239704132
37 0.13994702696800232
38 0.14966833591461182
39 0.16248701512813568
40 0.14500820636749268
41 0.1541036069393158
42 0.14647020399570465
43 0.14331720769405365
44 0.13496176898479462
45 0.13929866254329681
46 0.1394648402929306
47 0.15122459828853607
48 0.13877274096012115
49 0.1411309540271759
50 0.16003549098968506
51 0.13992378115653992
52 0.14280056953430176
53 0.13588692247867584
54 0.14471840858459473
55 0.14599673449993134
56 0.13609224557876587
57 0.14137959480285645
58 0.13967901468276978
59 0.13328680396080017
60 0.14602698385715485
61 0.13456235826015472
62 0.1456156224012375
63 0.12285488098859787
64 0.12944775819778442
65 0.141694575548172
66 0.14879687130451202
67 0.12889201939105988
68 0.13606250286102295
69 0.11868896335363388
70 0.13041500747203827
71 0.11881661415100098
72 0.14649108052253723
73 0.129960298538208
74 0.12220530211925507
75 0.12750616669654846
76 0.12059497088193893
77 0.13034306466579437
78 0.13617688417434692
79 0.13440334796905518
80 0.1257009208202362
81 0.13472864031791687
82 0.12400589138269424
83 0.12975113093852997
84 0.13656973838806152
85 0.12134812027215958
86 0.11305680871009827
87 0.12833614647388458
88 0.12948589026927948
89 0.12303481996059418
90 0.12024637311697006
91 0.12510919570922852
92 0.11553432792425156
93 0.1270342618227005
94 0.13069306313991547
95 0.1288033276796341
96 0.1269443780183792
97 0.12112854421138763
98 0.11946666240692139
99 0.12714070081710815
100 0.1145389974117279
101 0.1357213407754898
102 0.11588533967733383
103 0.13422444462776184
104 0.11951402574777603
105 0.1277598738670349
106 0.11041362583637238
107 0.12531544268131256
108 0.11198003590106964
109 0.11751048266887665
110 0.11587759852409363
111 0.11147769540548325
112 0.10856224596500397
113 0.11364927142858505
114 0.11589706689119339
115 0.11224593222141266
116 0.12229039520025253
117 0.12649889290332794
118 0.11432760208845139
119 0.10597185045480728
120 0.10898693650960922
121 0.10886497050523758
122 0.1315465122461319
123 0.11339747160673141
124 0.11974551528692245
125 0.10233861207962036
126 0.1177624836564064
127 0.10928752273321152
128 0.11909539997577667
129 0.1150551438331604
130 0.09957972168922424
131 0.12780974805355072
132 0.10754096508026123
133 0.11535074561834335
134 0.11277912557125092
135 0.1285122185945511
136 0.11015183478593826
137 0.11790253967046738
138 0.11822251230478287
139 0.1062248945236206
140 0.10032425820827484
141 0.10701427608728409
142 0.10693669319152832
143 0.10975781083106995
144 0.1123550683259964
145 0.11357656866312027
146 0.0981440618634224
147 0.1165546253323555
148 0.11476748436689377
149 0.10886486619710922
150 0.09981626272201538
151 0.10098041594028473
152 0.11187287420034409
153 0.11747570335865021
154 0.10680355876684189
155 0.11164400726556778
156 0.1103677973151207
157 0.10869026929140091
158 0.1133568212389946
159 0.09933862090110779
160 0.11039260029792786
161 0.11560848355293274
162 0.11941511183977127
163 0.09786045551300049
164 0.11381810903549194
165 0.11165456473827362
166 0.09873033314943314
167 0.10922618210315704
168 0.10497644543647766
169 0.10453090071678162
170 0.11086210608482361
171 0.0997297391295433
172 0.11941689252853394
173 0.10197784751653671
174 0.1107620820403099
175 0.09801603853702545
176 0.10920148342847824
177 0.08929439634084702
178 0.10184987634420395
179 0.10865240544080734
180 0.10996614396572113
181 0.09332086145877838
182 0.11691835522651672
183 0.1012415736913681
184 0.10128453373908997
185 0.09599436074495316
186 0.10686251521110535
187 0.0946083813905716
188 0.11663032323122025
189 0.0945345088839531
190 0.10943913459777832
191 0.09438148140907288
192 0.09410419315099716
193 0.09883984178304672
194 0.10283666104078293
195 0.10696317255496979
196 0.10990036278963089
197 0.09903979301452637
198 0.10158269852399826
199 0.09964249283075333
200 0.10497497022151947
