1 1.8920955657958984
2 1.6116005182266235
3 1.3116159439086914
4 1.4465736150741577
5 1.225942850112915
6 1.2958496809005737
7 1.0258175134658813
8 0.8986514806747437
9 1.2440778017044067
10 0.7794196009635925
11 0.8701227307319641
12 0.8668122291564941
13 0.8671624660491943
14 0.749378502368927
15 1.032303810119629
16 0.7111039161682129
17 0.7169651985168457
18 0.748853325843811
19 0.7190289497375488
20 0.783332109451294
21 0.8230749368667603
22 0.6562649607658386
23 0.7110168933868408
24 0.6814395189285278
25 0.6347852349281311
26 0.7946529984474182
27 0.5910562872886658
28 0.6058394908905029
29 0.7271891236305237
30 0.5569422245025635
31 0.6086172461509705
32 0.6275580525398254
33 0.5989033579826355
34 0.5982944369316101
35 0.5815260410308838
36 0.5275987982749939
37 0.7647019624710083
38 0.5341901779174805
39 0.7416377067565918
40 0.46062836050987244
41 0.5749427080154419
42 0.6050463318824768
43 0.5534746050834656
44 0.4934174120426178
45 0.4962877929210663
46 0.609160304069519
47 0.5850051641464233
48 0.5983585119247437
49 0.4690130650997162
50 0.5415719747543335
51 0.4904603064060211
52 0.5606549978256226
53 0.5011963248252869
54 0.46206310391426086
55 0.6010090112686157
56 0.488424688577652
57 0.5721280574798584
58 0.486969918012619
59 0.48201659321784973
60 0.5245553851127625
61 0.6251400709152222
62 0.5286692976951599
63 0.5299713015556335
64 0.4497937262058258
65 0.6385653018951416
66 0.5350660085678101
67 0.5226830244064331
68 0.509657621383667
69 0.48988938331604004
70 0.5870087742805481
71 0.4481666386127472
72 0.492881178855896
73 0.5336701273918152
74 0.38748276233673096
75 0.6089643239974976
76 0.3961617648601532
77 0.4015745520591736
78 0.4719861149787903
79 0.483726441860199
80 0.38693106174468994
81 0.5184343457221985
82 0.4909344017505646
83 0.5001927614212036
84 0.4904208183288574
85 0.49280834197998047
86 0.3778168559074402
87 0.3964478373527527
88 0.43762752413749695
89 0.4087164103984833
90 0.4236114025115967
91 0.464393675327301
92 0.5033679604530334
93 0.3789946436882019
94 0.460319846868515
95 0.5470064878463745
96 0.3740406632423401
97 0.3944668471813202
98 0.4676143229007721
99 0.47024500370025635
100 0.41447412967681885
101 0.5956869721412659
102 0.837619960308075
103 0.44261011481285095
104 1.4135164022445679
105 0.3787285089492798
106 0.4196683466434479
107 0.4738653898239136
108 0.3596603572368622
109 0.42253008484840393
110 0.47605547308921814
111 0.38898327946662903
112 0.4902571141719818
113 0.5428141355514526
114 0.41256436705589294
115 0.4038333296775818
116 0.42827317118644714
117 0.4353448450565338
118 0.45530441403388977
119 0.37805086374282837
120 0.4498750865459442
121 0.3307742774486542
122 0.3915179669857025
123 0.3894505202770233
124 0.5040953159332275
125 0.36195021867752075
126 0.37915053963661194
127 0.3656655251979828
128 0.35322704911231995
129 0.3771646320819855
130 0.9454903602600098
131 0.3629995882511139
132 0.5403507947921753
133 0.3562139868736267
134 0.4267655909061432
135 0.4369136393070221
136 0.321182519197464
137 0.3768633306026459
138 0.3600500226020813
139 0.417983740568161
140 0.31730180978775024
141 0.3467409908771515
142 0.40505653619766235
143 0.47999516129493713
144 0.5108875632286072
145 0.4000033438205719
146 0.36905187368392944
147 0.4177488088607788
148 0.7040950059890747
149 0.334576278924942
150 0.34746962785720825
151 0.7024308443069458
152 0.3496326208114624
153 0.5415685176849365
154 0.34515318274497986
155 0.37823963165283203
156 0.35017141699790955
157 0.6429382562637329
158 0.37813058495521545
159 0.3583057224750519
160 0.34831178188323975
161 0.3438890874385834
162 0.39056533575057983
163 0.3178648352622986
164 0.41156160831451416
165 0.4192972779273987
166 0.3143809139728546
167 0.37321311235427856
168 0.40002548694610596
169 0.31893041729927063
170 0.3733280599117279
171 0.3750886023044586
172 0.4844883978366852
173 0.3029841482639313
174 0.4881093502044678
175 0.3458825349807739
176 0.43607375025749207
177 0.42236772179603577
178 0.3675706088542938
179 0.4650523364543915
180 0.30319899320602417
181 0.3743714392185211
182 0.37721046805381775
183 0.3151046633720398
184 0.3202199339866638
185 0.30721476674079895
186 0.31140896677970886
187 0.30869677662849426
188 0.5258660912513733
189 0.3126237988471985
190 0.6090347170829773
191 0.4025619328022003
192 0.3812618851661682
193 0.4033101201057434
194 0.4057583510875702
195 0.46347296237945557
196 0.39834702014923096
197 0.31810227036476135
198 0.4441836178302765
199 0.3664551079273224
200 0.37118130922317505
201 0.3621942698955536
202 0.31483274698257446
203 0.4804742932319641
204 0.32867544889450073
205 0.3882918059825897
206 0.4681583046913147
207 0.35481178760528564
208 0.3410603106021881
209 0.395530104637146
210 0.38273653388023376
211 0.4640459418296814
212 0.2945258915424347
213 0.5390633940696716
214 0.6488590836524963
215 0.2718057930469513
216 0.4400835335254669
217 0.320602148771286
218 0.3869795501232147
219 0.4692155420780182
220 0.3448980450630188
221 0.4882873296737671
222 0.30717676877975464
223 0.32631754875183105
224 0.2988908290863037
225 0.31183919310569763
226 0.5504347681999207
227 0.371381551027298
228 0.30061253905296326
229 0.2894669473171234
230 0.7200009226799011
231 0.3442365527153015
232 0.31746673583984375
233 0.33450305461883545
234 0.33228129148483276
235 0.26742133498191833
236 0.3839402496814728
237 0.4285522997379303
238 0.4245374798774719
239 0.3343047499656677
240 0.38803422451019287
241 0.31110385060310364
242 0.29094505310058594
243 0.3153543770313263
244 0.2979699671268463
245 0.28961777687072754
246 0.337610125541687
247 0.3046245276927948
248 0.27649056911468506
249 0.31609025597572327
250 0.3672354817390442
251 0.31934911012649536
252 0.2946743369102478
253 0.3666023910045624
254 0.3246515691280365
255 0.41864365339279175
256 0.29238519072532654
257 0.342231422662735
258 0.29321175813674927
259 0.26144108176231384
260 0.4699758291244507
261 0.4220382571220398
262 0.3472910225391388
263 0.34528541564941406
264 0.3287719190120697
265 0.28109750151634216
266 0.48605597019195557
267 0.26320117712020874
268 0.3365042805671692
269 0.43031230568885803
270 0.3306780457496643
271 0.3209536671638489
272 0.27433574199676514
273 0.5891993641853333
274 0.4183310568332672
275 0.502772331237793
276 0.2386825978755951
277 0.3441317081451416
278 0.36143776774406433
279 0.37870606780052185
280 0.34667903184890747
281 0.444012314081192
282 0.2613564133644104
283 0.8392117619514465
284 0.3347843885421753
285 0.331559956073761
286 0.335406631231308
287 0.34370607137680054
288 0.23139077425003052
289 0.26548489928245544
290 0.5579052567481995
291 0.34766995906829834
292 0.2780458629131317
293 0.35963112115859985
294 0.30436667799949646
295 0.2542617619037628
296 0.40623417496681213
297 0.31739720702171326
298 0.33243221044540405
299 0.25392934679985046
300 0.3166119158267975
301 0.2917157709598541
302 0.35333213210105896
303 0.24070954322814941
304 0.3135579824447632
305 0.3113011121749878
306 0.31246882677078247
307 0.5058107376098633
308 0.29180869460105896
309 0.30770596861839294
310 0.2700275480747223
311 0.2888214886188507
312 0.284028023481369
313 0.5591661930084229
314 0.26563382148742676
315 0.2598971128463745
316 0.27985599637031555
317 0.4365556240081787
318 0.2909117639064789
319 0.3161901831626892
320 0.34211599826812744
321 0.25949719548225403
322 0.23560771346092224
323 0.46016862988471985
324 0.2830997407436371
325 0.26621055603027344
326 0.31145069003105164
327 0.35138818621635437
328 0.3462514281272888
329 0.674173891544342
330 0.3495718836784363
331 0.5622846484184265
332 0.23876872658729553
333 0.35803526639938354
334 0.31752660870552063
335 0.2569868862628937
336 0.29568246006965637
337 0.27569815516471863
338 0.27765750885009766
339 0.3240729868412018
340 0.2525942623615265
341 0.23181693255901337
342 0.28212666511535645
343 0.2397720217704773
344 0.43664437532424927
345 0.2476738691329956
346 0.2842164933681488
347 0.294034481048584
348 0.2527381479740143
349 0.3098544478416443
350 0.3558821678161621
351 0.30815500020980835
352 0.22561238706111908
353 0.26862379908561707
354 0.457526296377182
355 0.2787124216556549
356 0.5595752596855164
357 0.3371795117855072
358 0.35416993498802185
359 0.2841593325138092
360 0.27785035967826843
361 0.31089872121810913
362 0.2835579514503479
363 0.24009011685848236
364 0.31630653142929077
365 0.5487806797027588
366 0.43201613426208496
367 0.20859171450138092
368 0.31129714846611023
369 0.24610787630081177
370 0.2612512409687042
371 0.2958667278289795
372 0.2877446413040161
373 0.24285638332366943
374 0.3404497802257538
375 0.25089842081069946
376 0.9315575957298279
377 0.34706002473831177
378 0.2739127278327942
379 0.2605152428150177
380 0.28097590804100037
381 0.2618492841720581
382 0.36879169940948486
383 0.3350159525871277
384 0.3189890384674072
385 0.22343158721923828
386 0.25719961524009705
387 0.33705267310142517
388 0.4298003017902374
389 0.5050317645072937
390 0.26129743456840515
391 0.2253658026456833
392 0.35657429695129395
393 0.23651783168315887
394 0.2970651686191559
395 0.2722771167755127
396 0.24493549764156342
397 0.25959521532058716
398 0.2713432312011719
399 0.23255936801433563
400 0.6957674026489258
401 0.23512239754199982
402 0.2747144401073456
403 0.9339197278022766
404 0.25204047560691833
405 0.24707497656345367
406 0.27738696336746216
407 0.25043848156929016
408 0.30249664187431335
409 0.34553948044776917
410 0.21255548298358917
411 0.3803979754447937
412 0.21787779033184052
413 0.5194230675697327
414 0.3120211362838745
415 0.27085191011428833
416 0.2769484519958496
417 0.28045642375946045
418 0.30512142181396484
419 0.2700608968734741
420 0.25567764043807983
421 0.2428801953792572
422 0.5190101265907288
423 0.3340884745121002
424 0.35361331701278687
425 0.255910187959671
426 0.28144094347953796
427 0.30114954710006714
428 0.2867856025695801
429 0.2700343430042267
430 0.20088809728622437
431 0.21260759234428406
432 0.5396392941474915
433 0.5085273385047913
434 0.30115169286727905
435 0.8220866918563843
436 0.34255722165107727
437 0.20838183164596558
438 0.3324795067310333
439 0.45812365412712097
440 0.25333359837532043
441 0.22872944176197052
442 0.5974507927894592
443 0.36999809741973877
444 0.38118690252304077
445 0.33873221278190613
446 0.29120054841041565
447 0.2207622528076172
448 0.2362339198589325
449 0.4484880864620209
450 0.3308660089969635
451 0.48244792222976685
452 0.7951438426971436
453 0.3351568579673767
454 0.29187649488449097
455 0.2779976427555084
456 0.23555363714694977
457 0.30081474781036377
458 0.4042430520057678
459 0.21847304701805115
460 0.28492259979248047
461 0.25956079363822937
462 0.3512246310710907
463 0.2750961482524872
464 0.22579246759414673
465 0.3541177213191986
466 0.29170307517051697
467 0.22622939944267273
468 0.38474366068840027
469 0.2869223654270172
470 0.2553853392601013
471 0.2477918416261673
472 0.3486984968185425
473 0.3198685348033905
474 0.23984865844249725
475 0.3695772886276245
476 0.3191961944103241
477 0.3093003034591675
478 0.4186811149120331
479 0.3055703938007355
480 0.5258062481880188
481 0.293335884809494
482 0.4412662982940674
483 0.31317806243896484
484 0.291585236787796
485 0.596713662147522
486 0.21905231475830078
487 0.3307601809501648
488 0.5549765825271606
489 0.267077773809433
490 0.3251345455646515
491 0.26256051659584045
492 0.25990214943885803
493 0.35898303985595703
494 0.2552769184112549
495 0.24250684678554535
496 0.21320049464702606
497 0.2433391958475113
498 0.32187989354133606
499 0.31849586963653564
500 0.27235808968544006
501 0.317621648311615
502 0.497730016708374
503 0.22466345131397247
504 0.25756144523620605
505 0.38468414545059204
506 0.25028470158576965
507 0.2541733384132385
508 0.21925999224185944
509 0.22961896657943726
510 0.25950735807418823
511 0.23298285901546478
512 0.2658053934574127
513 0.3230842351913452
514 0.23925185203552246
515 0.5439043641090393
516 0.22933705151081085
517 0.32333993911743164
518 0.22780264914035797
519 0.6635724902153015
520 0.2515747547149658
521 0.39421531558036804
522 0.267819881439209
523 0.24621571600437164
524 0.2254164218902588
525 0.25784024596214294
526 0.311357319355011
527 0.28810474276542664
528 0.2656378448009491
529 0.27696967124938965
530 0.2964257001876831
531 0.2095663845539093
532 0.25547391176223755
533 0.24798476696014404
534 0.24975116550922394
535 0.24385948479175568
536 1.3842185735702515
537 0.33913475275039673
538 0.46416717767715454
539 0.31412473320961
540 0.29016757011413574
541 0.7690355777740479
542 0.39310315251350403
543 0.6218133568763733
544 0.2508386969566345
545 0.21074289083480835
546 0.3358938992023468
547 0.23370510339736938
548 0.2988232374191284
549 0.22236500680446625
550 0.3075884282588959
551 0.37116488814353943
552 0.3171152174472809
553 0.30932116508483887
554 0.241618812084198
555 0.27967995405197144
556 0.31484147906303406
557 0.22535282373428345
558 0.2553679049015045
559 0.377469003200531
560 0.3336828052997589
561 0.27651742100715637
562 0.3465748131275177
563 0.2418772429227829
564 0.47394707798957825
565 0.17307625710964203
566 0.2551986873149872
567 0.3058772385120392
568 0.24746908247470856
569 0.32848304510116577
570 0.2517572045326233
571 0.2919361889362335
572 0.3414829671382904
573 0.5541294813156128
574 0.32369765639305115
575 0.38399413228034973
576 0.2907070815563202
577 0.19253526628017426
578 0.5183827877044678
579 0.26688045263290405
580 0.3112143576145172
581 0.4139280617237091
582 0.26082414388656616
583 0.23954598605632782
584 0.3257729709148407
585 0.2980678975582123
586 0.26015329360961914
587 1.0123798847198486
588 0.23885561525821686
589 0.4778251349925995
590 1.5653151273727417
591 0.4801040291786194
592 0.3733866512775421
593 0.22349336743354797
594 0.2954394221305847
595 0.27500802278518677
596 0.7462040781974792
597 0.2673112452030182
598 0.2397034466266632
599 0.2105536311864853
600 0.2518182694911957
601 0.27727845311164856
602 0.21255704760551453
603 0.28778892755508423
604 0.2260802686214447
605 0.18704819679260254
606 0.727273166179657
607 0.20425109565258026
608 0.293374627828598
609 0.4763508141040802
610 0.31175416707992554
611 0.21939997375011444
612 0.4616393446922302
613 0.2289862483739853
614 0.7385674118995667
615 0.2515171468257904
616 0.27232226729393005
617 0.23577475547790527
618 0.24276332557201385
619 0.2666590213775635
620 0.2322913110256195
621 0.17871253192424774
622 0.31142449378967285
623 0.23705479502677917
624 0.307137131690979
625 0.22213084995746613
626 0.19495639204978943
627 0.3280150294303894
628 0.28940874338150024
629 0.21415378153324127
630 0.19542934000492096
631 0.28239113092422485
632 0.27368515729904175
633 0.3627120852470398
634 0.31836560368537903
635 0.20542576909065247
636 0.22628095746040344
637 0.24646350741386414
638 0.41330793499946594
639 0.26847130060195923
640 0.46286243200302124
641 0.2613079845905304
642 0.26990535855293274
643 0.2590160667896271
644 0.43183547258377075
645 0.3824883699417114
646 0.26307007670402527
647 0.27823856472969055
648 0.4218882620334625
649 0.38848185539245605
650 0.3508633077144623
651 0.2396996021270752
652 0.5224782824516296
653 0.21309047937393188
654 0.29020199179649353
655 0.22310809791088104
656 0.22531864047050476
657 0.2470444142818451
658 0.2695279121398926
659 0.22349247336387634
660 0.2677077353000641
661 0.26762205362319946
662 0.2142101526260376
663 0.3351948857307434
664 0.4571007788181305
665 0.2692250609397888
666 0.4769856631755829
667 0.21062321960926056
668 0.20243632793426514
669 0.34605494141578674
670 0.27873513102531433
671 0.26779571175575256
672 0.21969471871852875
673 0.3602409362792969
674 0.477326899766922
675 0.2304530292749405
676 0.2385130226612091
677 0.3030771017074585
678 0.26661282777786255
679 0.4289575517177582
680 0.25155457854270935
681 0.24671292304992676
682 0.6496568322181702
683 0.25259068608283997
684 0.3184574544429779
685 0.47263047099113464
686 0.26709824800491333
687 0.35012155771255493
688 0.35852205753326416
689 0.2583070993423462
690 0.18861088156700134
691 0.4413403272628784
692 0.24882714450359344
693 0.588501513004303
694 0.24243244528770447
695 0.2815348207950592
696 0.3437446057796478
697 0.6160752177238464
698 0.3039454221725464
699 0.27195847034454346
700 0.2467731535434723
701 0.555118203163147
702 0.2873799502849579
703 0.19774675369262695
704 0.2932080328464508
705 0.1902715116739273
706 0.2578229308128357
707 0.288668155670166
708 0.194413959980011
709 0.2850118577480316
710 0.19628551602363586
711 0.2919965088367462
712 0.2031698226928711
713 0.2078845500946045
714 0.22813716530799866
715 0.24341654777526855
716 0.37877577543258667
717 0.4799889326095581
718 0.2287815362215042
719 0.47611236572265625
720 0.2679120600223541
721 0.19916275143623352
722 0.499458372592926
723 0.2127881944179535
724 0.21622011065483093
725 0.40249985456466675
726 0.2296757996082306
727 0.2404392510652542
728 0.4348754584789276
729 0.7371426820755005
730 0.24851195514202118
731 0.49447357654571533
732 0.2390395998954773
733 0.22931577265262604
734 0.23563329875469208
735 0.26560088992118835
736 0.38734006881713867
737 0.373648464679718
738 0.3526724576950073
739 0.2282063513994217
740 0.28918907046318054
741 0.3225702941417694
742 0.30979883670806885
743 0.27653637528419495
744 0.2585965394973755
745 0.5991981625556946
746 0.25127747654914856
747 0.24400030076503754
748 0.37369564175605774
749 0.5629962086677551
750 0.2503167390823364
751 0.22390854358673096
752 0.23947328329086304
753 0.2711710035800934
754 0.21867212653160095
755 0.23881801962852478
756 0.23603014647960663
757 0.4066520035266876
758 0.3423532545566559
759 0.2656126618385315
760 0.24637532234191895
761 0.2734692692756653
762 0.3222529888153076
763 0.4742409884929657
764 0.32521623373031616
765 0.23952616751194
766 0.2821176052093506
767 0.2411949783563614
768 0.26788145303726196
769 0.7681879997253418
770 0.3200590908527374
771 0.23749908804893494
772 0.708533525466919
773 0.28513193130493164
774 0.31072738766670227
775 0.2494686096906662
776 0.3424188196659088
777 0.36974188685417175
778 0.2624073326587677
779 0.37419450283050537
780 0.32165980339050293
781 0.34776997566223145
782 0.44483211636543274
783 0.1890856921672821
784 1.2288172245025635
785 0.2966564893722534
786 0.26351431012153625
787 0.24428321421146393
788 0.2606029212474823
789 0.2241087108850479
790 0.8186863660812378
791 0.3195716142654419
792 0.4621885120868683
793 1.2700375318527222
794 0.23796634376049042
795 0.3309125304222107
796 0.24491047859191895
797 0.21171730756759644
798 1.086405873298645
799 0.38321202993392944
800 0.20390309393405914
