1 2.673668146133423
2 1.8267940282821655
3 2.0564005374908447
4 1.8525631427764893
5 1.8277136087417603
6 1.9344956874847412
7 1.8190782070159912
8 2.0584921836853027
9 1.8379720449447632
10 1.7515053749084473
11 1.986938714981079
12 2.235827922821045
13 2.185652494430542
14 1.7452709674835205
15 1.8432804346084595
16 1.9200094938278198
17 1.8124371767044067
18 1.993804693222046
19 1.8475550413131714
20 1.7205785512924194
21 1.9193916320800781
22 1.91343355178833
23 1.9805350303649902
24 1.7225559949874878
25 2.0913257598876953
26 1.962971806526184
27 1.769540548324585
28 1.8185346126556396
29 1.8173401355743408
30 1.9435968399047852
31 1.8065881729125977
32 1.7351149320602417
33 1.8019241094589233
34 1.7011759281158447
35 1.8251051902770996
36 1.9828758239746094
37 2.266078472137451
38 1.9722926616668701
39 2.266995429992676
40 2.126204490661621
41 1.8935898542404175
42 2.0727920532226562
43 1.767979383468628
44 1.8145413398742676
45 2.0850272178649902
46 2.258091688156128
47 2.118513345718384
48 1.9926843643188477
49 1.7856661081314087
50 1.8698701858520508
51 1.8552049398422241
52 2.0764567852020264
53 1.8197489976882935
54 1.8435097932815552
55 1.8121964931488037
56 1.9639722108840942
57 1.9851113557815552
58 1.8749388456344604
59 1.963281512260437
60 1.8668307065963745
61 2.0605576038360596
62 1.8923338651657104
63 1.9436006546020508
64 1.9046447277069092
65 1.849007487297058
66 1.7428792715072632
67 1.9314724206924438
68 2.015544891357422
69 1.8109439611434937
70 2.079091787338257
71 1.712563157081604
72 1.9277998208999634
73 1.7751065492630005
74 1.7963087558746338
75 1.998119592666626
76 1.924904465675354
77 1.9222123622894287
78 1.7233061790466309
79 1.9978996515274048
80 1.9292207956314087
81 2.020298957824707
82 1.745374083518982
83 1.905272126197815
84 1.8808155059814453
85 1.8808128833770752
86 2.046764612197876
87 1.8973302841186523
88 1.7521867752075195
89 1.9777140617370605
90 1.9596538543701172
91 1.907213568687439
92 1.8684426546096802
93 1.7275781631469727
94 1.7424535751342773
95 2.181440591812134
96 1.8993343114852905
97 1.7765651941299438
98 1.789199709892273
99 2.0605289936065674
100 1.7719348669052124
101 2.1090025901794434
102 1.7720948457717896
103 1.8134725093841553
104 1.8224459886550903
105 1.831908106803894
106 1.9485938549041748
107 1.9809013605117798
108 1.8530524969100952
109 1.7232749462127686
110 1.9000362157821655
111 1.9847794771194458
112 1.9410194158554077
113 1.866672158241272
114 1.883941411972046
115 1.9243683815002441
116 1.834764838218689
117 1.8713452816009521
118 1.8888912200927734
119 1.9674309492111206
120 2.15580677986145
121 1.909684181213379
122 1.925262451171875
123 2.003368616104126
124 1.954201579093933
125 1.8543084859848022
126 1.8640649318695068
127 2.0262744426727295
128 1.915248990058899
129 1.882236361503601
130 1.8807930946350098
131 1.8639264106750488
132 1.9977127313613892
133 2.1006009578704834
134 1.8525755405426025
135 1.7850067615509033
136 1.780879259109497
137 2.0128350257873535
138 1.797949194908142
139 1.7817893028259277
140 2.0057077407836914
141 2.1393368244171143
142 1.990081548690796
143 2.031435966491699
144 1.7813175916671753
145 2.189770460128784
146 1.9395283460617065
147 2.120065927505493
148 1.9255071878433228
149 1.8354408740997314
150 1.8765860795974731
151 2.082381248474121
152 1.826648235321045
153 1.8595484495162964
154 1.80866277217865
155 2.040100574493408
156 1.952624797821045
157 1.7432111501693726
158 1.9084076881408691
159 1.9652351140975952
160 1.8999366760253906
161 1.8148080110549927
162 1.9279272556304932
163 1.8366180658340454
164 1.8192312717437744
165 1.743643045425415
166 1.8457387685775757
167 1.8324617147445679
168 2.0639030933380127
169 1.993149757385254
170 2.2178492546081543
171 1.8361825942993164
172 1.8996853828430176
173 1.8705191612243652
174 1.8819938898086548
175 1.8661105632781982
176 2.0727298259735107
177 1.8525447845458984
178 1.916319489479065
179 1.9368945360183716
180 2.007991313934326
181 1.9281657934188843
182 2.003458023071289
183 1.9751042127609253
184 1.9010933637619019
185 2.212123394012451
186 1.8151437044143677
187 1.8721517324447632
188 1.9004544019699097
189 1.8781371116638184
190 1.7055928707122803
191 2.141268491744995
192 1.906307578086853
193 2.0999228954315186
194 2.0581600666046143
195 2.027920722961426
196 1.9514086246490479
197 1.7452784776687622
198 2.148590564727783
199 2.085674285888672
200 1.877327799797058
201 2.0495753288269043
202 1.8573410511016846
203 2.1097073554992676
204 1.8413729667663574
205 2.1128714084625244
206 1.8718054294586182
207 2.068885326385498
208 1.9473365545272827
209 1.8872238397598267
210 1.8363189697265625
211 1.9827851057052612
212 1.9139093160629272
213 2.095576524734497
214 1.836596131324768
215 1.9710837602615356
216 1.8423601388931274
217 1.9249082803726196
218 1.8560597896575928
219 2.010552406311035
220 1.7596927881240845
221 2.0661447048187256
222 1.8598982095718384
223 1.9975560903549194
224 1.9283976554870605
225 2.010859251022339
226 1.8134113550186157
227 2.0158872604370117
228 1.7987778186798096
229 2.00018048286438
230 1.8180102109909058
231 1.8794245719909668
232 1.9147225618362427
233 1.9688454866409302
234 1.9405040740966797
235 1.872208595275879
236 1.9315223693847656
237 1.8434492349624634
238 1.9666954278945923
239 1.8494895696640015
240 1.9407118558883667
241 1.783413052558899
242 1.8515876531600952
243 2.045614004135132
244 1.9301774501800537
245 1.8735134601593018
246 1.9453108310699463
247 1.9320263862609863
248 1.8504416942596436
249 2.1289212703704834
250 1.8803067207336426
251 1.9501365423202515
252 1.886229157447815
253 1.843192219734192
254 1.8512355089187622
255 2.043445348739624
256 2.02091646194458
257 2.0573155879974365
258 1.926102638244629
259 1.7763961553573608
260 1.919305682182312
261 1.8808265924453735
262 1.770182490348816
263 1.8256138563156128
264 1.9636174440383911
265 2.051875114440918
266 2.0765459537506104
267 1.8550561666488647
268 1.8499013185501099
269 2.0431742668151855
270 1.694596767425537
271 1.914216160774231
272 2.0779998302459717
273 2.025547504425049
274 1.8166780471801758
275 1.7805252075195312
276 1.8377448320388794
277 1.9087468385696411
278 1.8949605226516724
279 1.9775325059890747
280 1.9400696754455566
281 1.764076590538025
282 1.9524604082107544
283 1.7733557224273682
284 1.807350516319275
285 2.090601921081543
286 2.0014524459838867
287 1.678675651550293
288 1.7929552793502808
289 1.7892142534255981
290 1.8599133491516113
291 1.8862390518188477
292 1.6257519721984863
293 1.758445143699646
294 1.8401142358779907
295 2.0409727096557617
296 1.9153350591659546
297 1.8194384574890137
298 2.0193443298339844
299 1.830065131187439
300 1.7732492685317993
301 2.0409975051879883
302 1.9849408864974976
303 1.8690248727798462
304 1.927846074104309
305 1.8973075151443481
306 1.911805510520935
307 1.8868566751480103
308 1.7686399221420288
309 1.9624300003051758
310 1.8130645751953125
311 1.6815129518508911
312 1.8644360303878784
313 1.904435396194458
314 1.8490180969238281
315 1.8077245950698853
316 1.8058011531829834
317 1.8696224689483643
318 1.9400690793991089
319 2.0688467025756836
320 1.959406852722168
321 1.94748854637146
322 1.8167308568954468
323 1.869559645652771
324 2.1000478267669678
325 1.8754585981369019
326 1.9161064624786377
327 1.8985072374343872
328 1.9098440408706665
329 1.7693930864334106
330 1.9036506414413452
331 1.7883071899414062
332 1.9168790578842163
333 1.9080537557601929
334 1.8968403339385986
335 1.879174828529358
336 2.0165364742279053
337 1.9334803819656372
338 1.920370101928711
339 1.9743047952651978
340 1.8688130378723145
341 1.7834246158599854
342 1.8812466859817505
343 1.8434921503067017
344 1.7755614519119263
345 2.0017213821411133
346 1.8736398220062256
347 1.8007028102874756
348 1.915754795074463
349 1.9664860963821411
350 1.931640386581421
351 1.8523589372634888
352 1.7238843441009521
353 1.9337224960327148
354 1.8856805562973022
355 1.809399127960205
356 1.9914422035217285
357 1.831458330154419
358 1.8949873447418213
359 1.8037750720977783
360 1.722968578338623
361 1.9208056926727295
362 1.7672162055969238
363 1.988059401512146
364 1.7925970554351807
365 1.8753032684326172
366 1.9781460762023926
367 1.8282012939453125
368 2.0048556327819824
369 1.8807276487350464
370 1.6207386255264282
371 2.0578725337982178
372 1.8055847883224487
373 1.968246340751648
374 1.7166227102279663
375 2.1108288764953613
376 1.875727653503418
377 1.8334966897964478
378 1.8811149597167969
379 1.9893639087677002
380 1.825336217880249
381 1.934124231338501
382 2.1403400897979736
383 1.965083360671997
384 2.111246109008789
385 2.0051910877227783
386 1.9230988025665283
387 1.925268292427063
388 1.8386142253875732
389 1.7699522972106934
390 1.6609641313552856
391 2.0011727809906006
392 1.9235167503356934
393 1.856903076171875
394 2.013051986694336
395 1.9122906923294067
396 1.9258922338485718
397 1.8490577936172485
398 1.8072222471237183
399 1.886667013168335
400 1.765162467956543
