1 1.2011371850967407
2 1.1059502363204956
3 1.024758219718933
4 0.9507801532745361
5 0.8898125886917114
6 0.8387851119041443
7 0.7944521307945251
8 0.7541506290435791
9 0.716458797454834
10 0.6827194094657898
11 0.6528745889663696
12 0.6247214078903198
13 0.6008403301239014
14 0.5794293284416199
15 0.5610222816467285
16 0.5425542593002319
17 0.5256752967834473
18 0.5123313665390015
19 0.49610593914985657
20 0.48454752564430237
21 0.4702681303024292
22 0.4571763277053833
23 0.444263756275177
24 0.4287813901901245
25 0.41680094599723816
26 0.40469250082969666
27 0.3911687433719635
28 0.3800044655799866
29 0.36680155992507935
30 0.3541058301925659
31 0.3434131145477295
32 0.3332572877407074
33 0.3240399658679962
34 0.3145449161529541
35 0.3069738447666168
36 0.2992505729198456
37 0.29098159074783325
38 0.2838037610054016
39 0.27814924716949463
40 0.27059927582740784
41 0.26572585105895996
42 0.26160648465156555
43 0.25750622153282166
44 0.2523718476295471
45 0.25008347630500793
46 0.24445080757141113
47 0.241498664021492
48 0.23841901123523712
49 0.23290055990219116
50 0.23203808069229126
51 0.22800755500793457
52 0.22600270807743073
53 0.22418420016765594
54 0.22051721811294556
55 0.21791377663612366
56 0.2159544825553894
57 0.2137233316898346
58 0.2114461362361908
59 0.20824562013149261
60 0.2074928879737854
61 0.20468880236148834
62 0.2027824968099594
63 0.20090369880199432
64 0.20090551674365997
65 0.19691495597362518
66 0.19551727175712585
67 0.19314979016780853
68 0.19501526653766632
69 0.18903006613254547
70 0.18777823448181152
71 0.18780969083309174
72 0.18670833110809326
73 0.18508872389793396
74 0.18272888660430908
75 0.18186885118484497
76 0.18275035917758942
77 0.17988485097885132
78 0.17837505042552948
79 0.17706862092018127
80 0.17621202766895294
81 0.1758318990468979
82 0.17178620398044586
83 0.17265884578227997
84 0.17181189358234406
85 0.17039188742637634
86 0.16828308999538422
87 0.1686135232448578
88 0.16620244085788727
89 0.16649110615253448
90 0.16643790900707245
91 0.16202104091644287
92 0.1625278890132904
93 0.1612352430820465
94 0.160243421792984
95 0.16036561131477356
96 0.1594664752483368
97 0.15689922869205475
98 0.1562442034482956
99 0.1546463817358017
100 0.1535544991493225
101 0.1543932408094406
102 0.15290506184101105
103 0.15264782309532166
104 0.15135769546031952
105 0.15111848711967468
106 0.1486942172050476
107 0.15051449835300446
108 0.14745880663394928
109 0.1472281664609909
110 0.14512410759925842
111 0.14511674642562866
112 0.14514094591140747
113 0.14273300766944885
114 0.14531362056732178
115 0.1422426849603653
116 0.14011716842651367
117 0.14179006218910217
118 0.14026866853237152
119 0.1388898342847824
120 0.13780003786087036
121 0.13673824071884155
122 0.13754838705062866
123 0.13753336668014526
124 0.1339065432548523
125 0.13341405987739563
126 0.1363966017961502
127 0.13326069712638855
128 0.13344818353652954
129 0.13162736594676971
130 0.13211487233638763
131 0.13090188801288605
132 0.13025283813476562
133 0.12964904308319092
134 0.12714697420597076
135 0.1282433420419693
136 0.1282511055469513
137 0.1263216882944107
138 0.12707264721393585
139 0.1265987604856491
140 0.1262901872396469
141 0.12504573166370392
142 0.12561771273612976
143 0.12493836879730225
144 0.12399973720312119
145 0.12239096313714981
146 0.12408457696437836
147 0.12342360615730286
148 0.12094948440790176
149 0.1243882104754448
150 0.12233474105596542
151 0.1206945851445198
152 0.12338656187057495
153 0.11993421614170074
154 0.12179284542798996
155 0.12006401270627975
156 0.11942153424024582
157 0.1183166652917862
158 0.11818236857652664
159 0.1188562661409378
160 0.11700649559497833
161 0.11735720187425613
162 0.11514086276292801
163 0.1158808022737503
164 0.11590488255023956
165 0.11489323526620865
166 0.11462130397558212
167 0.11496833711862564
168 0.11403698474168777
169 0.11287280917167664
170 0.11390680074691772
171 0.11368793994188309
172 0.11601976305246353
173 0.1127927154302597
174 0.112539142370224
175 0.11141084879636765
176 0.11365457624197006
177 0.11004895716905594
178 0.11076677590608597
179 0.10966525971889496
180 0.10957452654838562
181 0.1086602509021759
182 0.11168111860752106
183 0.11061402410268784
184 0.10852555930614471
185 0.10874401777982712
186 0.10759712010622025
187 0.10964558273553848
188 0.10692274570465088
189 0.10886994749307632
190 0.10679956525564194
191 0.10743673145771027
192 0.10592344403266907
193 0.10671460628509521
194 0.10873015969991684
195 0.10560334473848343
196 0.10516560822725296
197 0.1063181534409523
198 0.10561208426952362
199 0.10574105381965637
200 0.10489419847726822
201 0.10336090624332428
202 0.10537637770175934
203 0.10489987581968307
204 0.10520050674676895
205 0.10381533950567245
206 0.10503628849983215
207 0.10374905914068222
208 0.10244148969650269
209 0.10250183194875717
210 0.10313131660223007
211 0.10270503163337708
212 0.10243353992700577
213 0.10155099630355835
214 0.10252045094966888
215 0.10064659267663956
216 0.1019146591424942
217 0.10207051783800125
218 0.10182294249534607
219 0.10202348977327347
220 0.10165885835886002
221 0.09888972342014313
222 0.10070288181304932
223 0.10059783607721329
224 0.10028981417417526
225 0.10039550065994263
226 0.09974803775548935
227 0.100394606590271
228 0.09953901171684265
229 0.09826289862394333
230 0.09908413887023926
231 0.09794368594884872
232 0.10064901411533356
233 0.09793159365653992
234 0.0976148247718811
235 0.0982980728149414
236 0.09637615084648132
237 0.09769973158836365
238 0.0968356505036354
239 0.09563367068767548
240 0.09717676788568497
241 0.09550250321626663
242 0.09589633345603943
243 0.09748504310846329
244 0.09655856341123581
245 0.09685102105140686
246 0.09778425097465515
247 0.09720500558614731
248 0.09516537189483643
249 0.09606047719717026
250 0.09752906858921051
251 0.09549744427204132
252 0.09452580660581589
253 0.09383372217416763
254 0.09610308706760406
255 0.09420659393072128
256 0.09507883340120316
257 0.09289208799600601
258 0.09412151575088501
259 0.0922202616930008
260 0.0947205126285553
261 0.09193220734596252
262 0.09312351047992706
263 0.0935932919383049
264 0.09501050412654877
265 0.09367624670267105
266 0.09159725159406662
267 0.09034162759780884
268 0.09251270443201065
269 0.0922846645116806
270 0.0925004631280899
271 0.09179290384054184
272 0.09138813614845276
273 0.09201592206954956
274 0.09247859567403793
275 0.0908454954624176
276 0.09021788090467453
277 0.08932778239250183
278 0.09054846316576004
279 0.08937105536460876
280 0.09151406586170197
281 0.09128230810165405
282 0.09054508805274963
283 0.08866153657436371
284 0.08977469056844711
285 0.09185601025819778
286 0.08873466402292252
287 0.08972334861755371
288 0.0907101109623909
289 0.0890159159898758
290 0.08795703947544098
291 0.08856771141290665
292 0.08677130192518234
293 0.09045426547527313
294 0.0906502828001976
295 0.08895938098430634
296 0.08846785128116608
297 0.08755699545145035
298 0.08861532062292099
299 0.08919848501682281
300 0.08865080028772354
301 0.08632238209247589
302 0.08711838722229004
303 0.08725043386220932
304 0.08740885555744171
305 0.08634970337152481
306 0.08621636033058167
307 0.08686229586601257
308 0.08663777261972427
309 0.08833526819944382
310 0.0857987031340599
311 0.08559560775756836
312 0.08760024607181549
313 0.0862671360373497
314 0.0855548083782196
315 0.08700170367956161
316 0.08467469364404678
317 0.08512881398200989
318 0.08553794026374817
319 0.08561370521783829
320 0.08647643029689789
321 0.08735916018486023
322 0.08687399327754974
323 0.08600949496030807
324 0.08463870733976364
325 0.08559177815914154
326 0.08472567796707153
327 0.08517657965421677
328 0.08499745279550552
329 0.08450931310653687
330 0.08530017733573914
331 0.08432835340499878
332 0.08558794856071472
333 0.08347035199403763
334 0.08446706831455231
335 0.08420520275831223
336 0.0824199765920639
337 0.08461281657218933
338 0.08392009139060974
339 0.08247240632772446
340 0.08440116792917252
341 0.08309958130121231
342 0.08346731960773468
343 0.08384795486927032
344 0.08330060541629791
345 0.08253494650125504
346 0.0837429016828537
347 0.08158104866743088
348 0.08295629173517227
349 0.08407118171453476
350 0.08079081773757935
351 0.08306141942739487
352 0.08169323205947876
353 0.08079026639461517
354 0.08243435621261597
355 0.08297988772392273
356 0.08053095638751984
357 0.07950711250305176
358 0.07981539517641068
359 0.08065744489431381
360 0.08119092881679535
361 0.08049245923757553
362 0.08168639242649078
363 0.08161893486976624
364 0.0824439525604248
365 0.07954399287700653
366 0.08252514898777008
367 0.0817047581076622
368 0.07823524624109268
369 0.08076412230730057
370 0.08049189299345016
371 0.08051463961601257
372 0.08029584586620331
373 0.08084110915660858
374 0.0791696310043335
375 0.08037177473306656
376 0.08065789937973022
377 0.07867365330457687
378 0.07895570993423462
379 0.08021888881921768
380 0.0785113275051117
381 0.07961578667163849
382 0.07833732664585114
383 0.08090238273143768
384 0.07973093539476395
385 0.07947760075330734
386 0.07944027334451675
387 0.07820844650268555
388 0.07879434525966644
389 0.07793012261390686
390 0.07805375754833221
391 0.07906194776296616
392 0.07822352647781372
393 0.07915088534355164
394 0.07720836251974106
395 0.07589448243379593
396 0.07897881418466568
397 0.07688353210687637
398 0.07853278517723083
399 0.07808718085289001
400 0.07719313353300095
401 0.07602845132350922
402 0.07713533192873001
403 0.0758836418390274
404 0.07793848216533661
405 0.07745938003063202
406 0.07552538067102432
407 0.07688737660646439
408 0.07616546005010605
409 0.07628989219665527
410 0.07833752036094666
411 0.07654940336942673
412 0.0765075609087944
413 0.07561137527227402
414 0.07629334181547165
415 0.07502872496843338
416 0.07611560821533203
417 0.07526395469903946
418 0.07679776102304459
419 0.07525907456874847
420 0.0757506936788559
421 0.07652559876441956
422 0.07517576962709427
423 0.07693101465702057
424 0.07553862035274506
425 0.07640337198972702
426 0.0746709480881691
427 0.07521279901266098
428 0.07489259541034698
429 0.07717595249414444
430 0.07531286031007767
431 0.07639619708061218
432 0.0736972838640213
433 0.07477109134197235
434 0.07758613675832748
435 0.07493714243173599
436 0.07479260861873627
437 0.07394187152385712
438 0.0750427097082138
439 0.07457810640335083
440 0.07523497939109802
441 0.07418995350599289
442 0.07452646642923355
443 0.07298341393470764
444 0.07560855150222778
445 0.07520414143800735
446 0.07199125736951828
447 0.07597044110298157
448 0.07260560989379883
449 0.07396228611469269
450 0.07403545081615448
451 0.07495298236608505
452 0.07311148941516876
453 0.07485932111740112
454 0.07487940043210983
455 0.07324426621198654
456 0.0735103040933609
457 0.07226191461086273
458 0.07351547479629517
459 0.07144113630056381
460 0.07412981241941452
461 0.07356777042150497
462 0.07395647466182709
463 0.07250793278217316
464 0.07113315910100937
465 0.07178349047899246
466 0.07356515526771545
467 0.0715569481253624
468 0.07272037863731384
469 0.07281945645809174
470 0.0719229206442833
471 0.07198274880647659
472 0.07309888303279877
473 0.07095025479793549
474 0.07290554791688919
475 0.07152126729488373
476 0.0713939219713211
477 0.07244575023651123
478 0.07250508666038513
479 0.07251328229904175
480 0.07171962410211563
481 0.071487657725811
482 0.0717059001326561
483 0.06984453648328781
484 0.07084769755601883
485 0.07034999132156372
486 0.07314394414424896
487 0.07112520188093185
488 0.07353326678276062
489 0.0700540766119957
490 0.07153934240341187
491 0.07049576193094254
492 0.0704277977347374
493 0.06936679780483246
494 0.07088088989257812
495 0.07256641238927841
496 0.07170404493808746
497 0.07067900896072388
498 0.07026740163564682
499 0.0704573392868042
500 0.0702279806137085
501 0.06972817331552505
502 0.06830842792987823
503 0.06905896961688995
504 0.06900058686733246
505 0.07127468287944794
506 0.06817100942134857
507 0.0702195093035698
508 0.07072470337152481
509 0.07328473031520844
510 0.06852464377880096
511 0.06843538582324982
512 0.06969938427209854
513 0.07025118172168732
514 0.06904707103967667
515 0.07025021314620972
516 0.0685146152973175
517 0.06957580894231796
518 0.06924527138471603
519 0.06900639832019806
520 0.06990201026201248
521 0.06921219825744629
522 0.06832195818424225
523 0.06945845484733582
524 0.07037881761789322
525 0.06795261800289154
526 0.07072920352220535
527 0.06908073276281357
528 0.06701134890317917
529 0.06843911111354828
530 0.06935738027095795
531 0.06868959963321686
532 0.06614640355110168
533 0.06826663762331009
534 0.06822383403778076
535 0.06960272789001465
536 0.06745164096355438
537 0.06721624732017517
538 0.06894811987876892
539 0.0683724582195282
540 0.06798280775547028
541 0.06756219267845154
542 0.06782128661870956
543 0.06791482865810394
544 0.06793687492609024
545 0.07018231600522995
546 0.06699607521295547
547 0.0670335665345192
548 0.06888523697853088
549 0.0670938789844513
550 0.06969073414802551
551 0.0663684755563736
552 0.0670105442404747
553 0.06816834956407547
554 0.06815829128026962
555 0.06743881106376648
556 0.06732621788978577
557 0.06715190410614014
558 0.06757017970085144
559 0.06897451728582382
560 0.06902661174535751
561 0.06685104966163635
562 0.0658285915851593
563 0.06783413141965866
564 0.06803887337446213
565 0.06507370620965958
566 0.06527271121740341
567 0.0667487233877182
568 0.06563547253608704
569 0.06543193757534027
570 0.06682142615318298
571 0.06461184471845627
572 0.06318820267915726
573 0.06706900149583817
574 0.06575721502304077
575 0.06793015450239182
576 0.06518837809562683
577 0.06732746213674545
578 0.06440434604883194
579 0.06447122991085052
580 0.0654253214597702
581 0.06469365954399109
582 0.06618698686361313
583 0.06663572043180466
584 0.06397528946399689
585 0.06400170177221298
586 0.06551657617092133
587 0.06580314040184021
588 0.06621059030294418
589 0.06420928984880447
590 0.06298172473907471
591 0.0654766857624054
592 0.06397266685962677
593 0.0652143582701683
594 0.06568742543458939
595 0.06454265862703323
596 0.0659111961722374
597 0.06539929658174515
598 0.06529545783996582
599 0.065519317984581
600 0.06550997495651245
601 0.0656176209449768
602 0.0636611133813858
603 0.06523936986923218
604 0.06474757194519043
605 0.06435909122228622
606 0.06476789712905884
607 0.06428337097167969
608 0.06444379687309265
609 0.06448102742433548
610 0.06628426164388657
611 0.06215377524495125
612 0.06504403799772263
613 0.06415941566228867
614 0.06349949538707733
615 0.06404966115951538
616 0.06433779001235962
617 0.0638967901468277
618 0.06453753262758255
619 0.06482046097517014
620 0.06214968115091324
621 0.06462528556585312
622 0.06275280565023422
623 0.06515800207853317
624 0.064298115670681
625 0.06265038251876831
626 0.06297393143177032
627 0.06366347521543503
628 0.06359552592039108
629 0.06317044794559479
630 0.06427839398384094
631 0.06258529424667358
632 0.06342931091785431
633 0.06326740980148315
634 0.06322570145130157
635 0.06429751962423325
636 0.06173548102378845
637 0.06263762712478638
638 0.0638817548751831
639 0.06231950595974922
640 0.06127522885799408
641 0.06339548528194427
642 0.06431557983160019
643 0.0636819377541542
644 0.062021754682064056
645 0.06142061576247215
646 0.06213204935193062
647 0.06372997164726257
648 0.061683617532253265
649 0.06428500264883041
650 0.06152632087469101
651 0.06357812881469727
652 0.06181837618350983
653 0.062011025846004486
654 0.062191832810640335
655 0.0630371943116188
656 0.06417077779769897
657 0.06256060302257538
658 0.06384091079235077
659 0.06207314506173134
660 0.061949364840984344
661 0.06195616349577904
662 0.062170978635549545
663 0.06201273947954178
664 0.0618506520986557
665 0.059166084975004196
666 0.06325007975101471
667 0.062187351286411285
668 0.06054840609431267
669 0.06203040853142738
670 0.061218686401844025
671 0.06041001155972481
672 0.062269486486911774
673 0.06081588566303253
674 0.061971455812454224
675 0.06293375045061111
676 0.06200207397341728
677 0.06094694882631302
678 0.06127548590302467
679 0.06016227975487709
680 0.05968153476715088
681 0.059133756905794144
682 0.05874576419591904
683 0.06229377165436745
684 0.06159104034304619
685 0.06069294735789299
686 0.06038180738687515
687 0.06034354865550995
688 0.0604080930352211
689 0.06114509701728821
690 0.05890340730547905
691 0.060893598943948746
692 0.05997425317764282
693 0.06020685285329819
694 0.062146808952093124
695 0.060550011694431305
696 0.06177110970020294
697 0.06068413704633713
698 0.06136585399508476
699 0.05946267396211624
700 0.06250741332769394
701 0.059379495680332184
702 0.0590398907661438
703 0.06069575995206833
704 0.06074016913771629
705 0.059579432010650635
706 0.0592263787984848
707 0.06077045574784279
708 0.060216404497623444
709 0.06085363030433655
710 0.057894017547369
711 0.059925466775894165
712 0.05889616161584854
713 0.060450099408626556
714 0.06039045751094818
715 0.05998440459370613
716 0.059792447835206985
717 0.05977219343185425
718 0.05900454521179199
719 0.05890943482518196
720 0.05953619256615639
721 0.06019392982125282
722 0.05909300595521927
723 0.06008394807577133
724 0.060211487114429474
725 0.05911802500486374
726 0.05916816368699074
727 0.05919951945543289
728 0.058744192123413086
729 0.058788251131772995
730 0.05941133573651314
731 0.057245828211307526
732 0.06065463274717331
733 0.05918854847550392
734 0.05966490879654884
735 0.05883719027042389
736 0.05818258225917816
737 0.05865278095006943
738 0.05950792506337166
739 0.057679835706949234
740 0.05955183506011963
741 0.05841844528913498
742 0.05836666747927666
743 0.0581488199532032
744 0.055643387138843536
745 0.057447388768196106
746 0.06000050902366638
747 0.05954330414533615
748 0.05896872654557228
749 0.058153681457042694
750 0.05754225328564644
751 0.05966363847255707
752 0.05790584534406662
753 0.05752713978290558
754 0.057580869644880295
755 0.05648382753133774
756 0.05751948803663254
757 0.05652056634426117
758 0.05589833855628967
759 0.05802241340279579
760 0.0576665885746479
761 0.05852203071117401
762 0.0575641393661499
763 0.05961993336677551
764 0.05613339692354202
765 0.058116283267736435
766 0.05561737343668938
767 0.056997958570718765
768 0.057272497564554214
769 0.05852246284484863
770 0.056676723062992096
771 0.056751374155282974
772 0.05684267356991768
773 0.05687985569238663
774 0.058899566531181335
775 0.05716170743107796
776 0.05731690675020218
777 0.05657783895730972
778 0.057114459574222565
779 0.058693982660770416
780 0.05670066922903061
781 0.056100692600011826
782 0.05757107958197594
783 0.05773484706878662
784 0.05651244893670082
785 0.05663261190056801
786 0.055034466087818146
787 0.05681512504816055
788 0.05680122599005699
789 0.05631859228014946
790 0.05417852848768234
791 0.05710133910179138
792 0.05445118993520737
793 0.05850524082779884
794 0.0569293312728405
795 0.05839715152978897
796 0.05680231750011444
797 0.05746245011687279
798 0.05600094795227051
799 0.0573398731648922
800 0.056047841906547546
