1 1.0342587232589722
2 0.7547820806503296
3 0.6100335121154785
4 0.5356504917144775
5 0.4916771650314331
6 0.4610106647014618
7 0.4252092242240906
8 0.40221378207206726
9 0.3847861588001251
10 0.36989980936050415
11 0.3530139923095703
12 0.33500543236732483
13 0.3320328891277313
14 0.33591169118881226
15 0.3118972182273865
16 0.310668408870697
17 0.29966264963150024
18 0.2990555465221405
19 0.29400089383125305
20 0.29564136266708374
21 0.2788695693016052
22 0.2740227282047272
23 0.27505674958229065
24 0.2686106562614441
25 0.27255505323410034
26 0.25811994075775146
27 0.2692372798919678
28 0.26586729288101196
29 0.2585836946964264
30 0.26922789216041565
31 0.2604421079158783
32 0.2596611976623535
33 0.25438427925109863
34 0.2524040937423706
35 0.25632500648498535
36 0.2594296932220459
37 0.24803446233272552
38 0.25534316897392273
39 0.24842065572738647
40 0.2502192258834839
41 0.26284724473953247
42 0.2453814148902893
43 0.2494230568408966
44 0.25051090121269226
45 0.24115033447742462
46 0.2643369734287262
47 0.2514997124671936
48 0.24167190492153168
49 0.24490179121494293
50 0.2475198358297348
51 0.2475966066122055
52 0.24965481460094452
53 0.2389702945947647
54 0.24064113199710846
55 0.2437627911567688
56 0.24861130118370056
57 0.23331505060195923
58 0.2509385645389557
59 0.23946300148963928
60 0.23000021278858185
61 0.24151478707790375
62 0.23794235289096832
63 0.23648732900619507
64 0.2412678450345993
65 0.24033057689666748
66 0.23172195255756378
67 0.24120698869228363
68 0.24606987833976746
69 0.24253961443901062
70 0.23301906883716583
71 0.24433763325214386
72 0.23822125792503357
73 0.23327042162418365
74 0.24798201024532318
75 0.2345261573791504
76 0.23640187084674835
77 0.23652540147304535
78 0.23489713668823242
79 0.23319542407989502
80 0.24751055240631104
81 0.24683739244937897
82 0.2328675538301468
83 0.24382135272026062
84 0.23300683498382568
85 0.2372090220451355
86 0.2394932359457016
87 0.2403542846441269
88 0.22940558195114136
89 0.23290511965751648
90 0.23390062153339386
91 0.22823499143123627
92 0.24713939428329468
93 0.22629669308662415
94 0.23885302245616913
95 0.23349565267562866
96 0.22990398108959198
97 0.2329891473054886
98 0.22377368807792664
99 0.2323819100856781
100 0.24018405377864838
101 0.2378549575805664
102 0.23920418322086334
103 0.24558165669441223
104 0.21901458501815796
105 0.23040801286697388
106 0.22692199051380157
107 0.22270643711090088
108 0.22784580290317535
109 0.2347104698419571
110 0.22842781245708466
111 0.2362505942583084
112 0.21967044472694397
113 0.24889028072357178
114 0.23528088629245758
115 0.23971126973628998
116 0.23559647798538208
117 0.21966922283172607
118 0.23854497075080872
119 0.2359427809715271
120 0.24755899608135223
121 0.2326364368200302
122 0.24014125764369965
123 0.2298726737499237
124 0.2241607904434204
125 0.23811045289039612
126 0.2302965670824051
127 0.22739069163799286
128 0.21815714240074158
129 0.2369896024465561
130 0.24381014704704285
131 0.23003193736076355
132 0.21965040266513824
133 0.24022310972213745
134 0.23565693199634552
135 0.23370715975761414
136 0.232599675655365
137 0.2402830421924591
138 0.23682767152786255
139 0.2208576798439026
140 0.22270987927913666
141 0.23828013241291046
142 0.22780179977416992
143 0.2346266210079193
144 0.21845762431621552
145 0.23143844306468964
146 0.22571133077144623
147 0.22856315970420837
148 0.21459533274173737
149 0.24074240028858185
150 0.23314036428928375
151 0.23080991208553314
152 0.21396958827972412
153 0.22755840420722961
154 0.22720450162887573
155 0.22766894102096558
156 0.2206393927335739
157 0.2383846640586853
158 0.23634381592273712
159 0.23455573618412018
160 0.2385074347257614
161 0.2261207401752472
162 0.24242430925369263
163 0.22321154177188873
164 0.23723642528057098
165 0.23145551979541779
166 0.23580147325992584
167 0.2266073375940323
168 0.22640161216259003
169 0.23223640024662018
170 0.22329364717006683
171 0.25031542778015137
172 0.2320641577243805
173 0.2271726429462433
174 0.23426946997642517
175 0.24224816262722015
176 0.24610112607479095
177 0.22563625872135162
178 0.2495298832654953
179 0.2240113914012909
180 0.22749805450439453
181 0.2337249219417572
182 0.2187960147857666
183 0.2251274436712265
184 0.22371023893356323
185 0.2342229038476944
186 0.22668153047561646
187 0.2222943753004074
188 0.2235294133424759
189 0.23100820183753967
190 0.24318817257881165
191 0.21415168046951294
192 0.22520585358142853
193 0.24112041294574738
194 0.22713737189769745
195 0.24045896530151367
196 0.23693320155143738
197 0.22008702158927917
198 0.22631798684597015
199 0.2301216423511505
200 0.22885969281196594
201 0.22228340804576874
202 0.22382278740406036
203 0.2430960237979889
204 0.22014054656028748
205 0.23470962047576904
206 0.2291041612625122
207 0.22748810052871704
208 0.23440897464752197
209 0.2211998850107193
210 0.24032101035118103
211 0.2499036341905594
212 0.22173462808132172
213 0.22356493771076202
214 0.21659164130687714
215 0.23058825731277466
216 0.22083237767219543
217 0.21083223819732666
218 0.22107316553592682
219 0.2289460450410843
220 0.23190753161907196
221 0.2226908802986145
222 0.22736820578575134
223 0.2426575869321823
224 0.2164788395166397
225 0.23574292659759521
226 0.22200225293636322
227 0.22883111238479614
228 0.22469671070575714
229 0.22893130779266357
230 0.2244240790605545
231 0.21220019459724426
232 0.21812325716018677
233 0.24928760528564453
234 0.22703303396701813
235 0.23637837171554565
236 0.21997742354869843
237 0.23524267971515656
238 0.22222374379634857
239 0.22654582560062408
240 0.22894929349422455
241 0.22666427493095398
242 0.22486233711242676
243 0.24701759219169617
244 0.2374136745929718
245 0.2155183106660843
246 0.22314631938934326
247 0.23525306582450867
248 0.22602349519729614
249 0.24993088841438293
250 0.23085413873195648
251 0.22108404338359833
252 0.22283236682415009
253 0.22484464943408966
254 0.22123581171035767
255 0.22336210310459137
256 0.22936227917671204
257 0.24416832625865936
258 0.23496659100055695
259 0.21166843175888062
260 0.2282196432352066
261 0.22438015043735504
262 0.24131058156490326
263 0.24403846263885498
264 0.23509132862091064
265 0.20772425830364227
266 0.21502582728862762
267 0.22627189755439758
268 0.2424340397119522
269 0.2188740074634552
270 0.23646706342697144
271 0.2212163507938385
272 0.2391889989376068
273 0.2172347605228424
274 0.22942499816417694
275 0.22784490883350372
276 0.21217156946659088
277 0.23477880656719208
278 0.2339300662279129
279 0.23405037820339203
280 0.2343551218509674
281 0.22640880942344666
282 0.20967945456504822
283 0.2278338223695755
284 0.22817711532115936
285 0.2225949615240097
286 0.21213340759277344
287 0.24724632501602173
288 0.22018519043922424
289 0.24100741744041443
290 0.24624477326869965
291 0.2282349318265915
292 0.22182075679302216
293 0.22758778929710388
294 0.22662915289402008
295 0.208335280418396
296 0.23411229252815247
297 0.22491174936294556
298 0.2287517488002777
299 0.2180468589067459
300 0.24046684801578522
301 0.22567760944366455
302 0.21910835802555084
303 0.2399781197309494
304 0.23093955218791962
305 0.23043358325958252
306 0.22132594883441925
307 0.24778735637664795
308 0.22357523441314697
309 0.2204206883907318
310 0.23733069002628326
311 0.23288466036319733
312 0.21638476848602295
313 0.23667536675930023
314 0.23029150068759918
315 0.23337240517139435
316 0.22075745463371277
317 0.22707726061344147
318 0.2184303253889084
319 0.2391783446073532
320 0.23459196090698242
321 0.22319944202899933
322 0.21957701444625854
323 0.2249494194984436
324 0.23388421535491943
325 0.2438131719827652
326 0.2107711285352707
327 0.219272643327713
328 0.2215159386396408
329 0.21680530905723572
330 0.22623923420906067
331 0.2210220843553543
332 0.22870968282222748
333 0.2260371595621109
334 0.23347780108451843
335 0.22463665902614594
336 0.22336402535438538
337 0.24183663725852966
338 0.22788961231708527
339 0.22138066589832306
340 0.22699667513370514
341 0.21387609839439392
342 0.2483147829771042
343 0.22510738670825958
344 0.22891290485858917
345 0.23222537338733673
346 0.2299170345067978
347 0.2231493592262268
348 0.22911231219768524
349 0.20306767523288727
350 0.23446430265903473
351 0.22849370539188385
352 0.22109626233577728
353 0.2280941605567932
354 0.2295660376548767
355 0.2275422364473343
356 0.22365079820156097
357 0.21727856993675232
358 0.22446711361408234
359 0.22629773616790771
360 0.226046621799469
361 0.21964019536972046
362 0.21833664178848267
363 0.21816246211528778
364 0.2307744026184082
365 0.2228490114212036
366 0.21739140152931213
367 0.21165411174297333
368 0.23096422851085663
369 0.2185622602701187
370 0.23122501373291016
371 0.2324986308813095
372 0.22153890132904053
373 0.21157383918762207
374 0.23810914158821106
375 0.21596351265907288
376 0.22034500539302826
377 0.23617132008075714
378 0.22135666012763977
379 0.22190847992897034
380 0.2258085310459137
381 0.2136591076850891
382 0.22370794415473938
383 0.21725355088710785
384 0.22520874440670013
385 0.22191262245178223
386 0.21612471342086792
387 0.21268555521965027
388 0.2101321667432785
389 0.22798320651054382
390 0.21414440870285034
391 0.2030617594718933
392 0.23895223438739777
393 0.2076280117034912
394 0.21801650524139404
395 0.22535349428653717
396 0.19990073144435883
397 0.19617563486099243
398 0.2194298803806305
399 0.2312721163034439
400 0.2177811563014984
