1 0.9500851035118103
2 0.6665735840797424
3 0.5117911100387573
4 0.4214368164539337
5 0.3437992036342621
6 0.293487548828125
7 0.2528911828994751
8 0.2321355640888214
9 0.22418473660945892
10 0.21813684701919556
11 0.19762486219406128
12 0.19643321633338928
13 0.18009868264198303
14 0.17552423477172852
15 0.1675555258989334
16 0.16350898146629333
17 0.17267365753650665
18 0.17213551700115204
19 0.1715751588344574
20 0.15729907155036926
21 0.1567659080028534
22 0.16197632253170013
23 0.1508583277463913
24 0.14638496935367584
25 0.15126527845859528
26 0.16497193276882172
27 0.15902118384838104
28 0.15350064635276794
29 0.12821325659751892
30 0.1543288677930832
31 0.14440089464187622
32 0.14896421134471893
33 0.14228655397891998
34 0.1461634337902069
35 0.13827933371067047
36 0.14578638970851898
37 0.1292668581008911
38 0.154814213514328
39 0.13647165894508362
40 0.14606472849845886
41 0.13659849762916565
42 0.1383228451013565
43 0.13742339611053467
44 0.12535640597343445
45 0.13202562928199768
46 0.14653269946575165
47 0.1348581314086914
48 0.12447080761194229
49 0.13057367503643036
50 0.12992413341999054
51 0.1398726850748062
52 0.1361132711172104
53 0.1337876170873642
54 0.143904909491539
55 0.1299186646938324
56 0.13725309073925018
57 0.12177817523479462
58 0.12247385829687119
59 0.12927675247192383
60 0.12520815432071686
61 0.1303528994321823
62 0.11707133054733276
63 0.14823798835277557
64 0.11779505759477615
65 0.13373711705207825
66 0.12677043676376343
67 0.11491572111845016
68 0.12632441520690918
69 0.12495235353708267
70 0.1179828867316246
71 0.12084068357944489
72 0.14081791043281555
73 0.1271151602268219
74 0.11857064813375473
75 0.12851746380329132
76 0.11881314963102341
77 0.11867491155862808
78 0.11997856944799423
79 0.12837307155132294
80 0.12135738134384155
81 0.1262240707874298
82 0.11184927076101303
83 0.12135554105043411
84 0.11959551274776459
85 0.11182763427495956
86 0.11825313419103622
87 0.11584179848432541
88 0.11691437661647797
89 0.11570840328931808
90 0.12005103379487991
91 0.11895709484815598
92 0.10660156607627869
93 0.11745886504650116
94 0.11086675524711609
95 0.10636451095342636
96 0.11626383662223816
97 0.11051756888628006
98 0.10757870227098465
99 0.13109859824180603
100 0.10632060468196869
101 0.10338357836008072
102 0.11277560144662857
103 0.11399737000465393
104 0.11025162786245346
105 0.12305428087711334
106 0.10584770143032074
107 0.12081200629472733
108 0.1118997111916542
109 0.10981973260641098
110 0.10306856036186218
111 0.11016813665628433
112 0.11121826618909836
113 0.11760322004556656
114 0.11425517499446869
115 0.11357903480529785
116 0.1083117350935936
117 0.10625360906124115
118 0.11106763780117035
119 0.10245610773563385
120 0.10900722444057465
121 0.10208400338888168
122 0.12189273536205292
123 0.11410701274871826
124 0.10220009088516235
125 0.11647200584411621
126 0.11014513671398163
127 0.10800940543413162
128 0.10433164238929749
129 0.09916334599256516
130 0.10960408300161362
131 0.10598185658454895
132 0.09743121266365051
133 0.10568110644817352
134 0.113177590072155
135 0.0979418158531189
136 0.09943529963493347
137 0.09617436677217484
138 0.11466959118843079
139 0.10537458956241608
140 0.10377056896686554
141 0.09672354906797409
142 0.11080168187618256
143 0.10057905316352844
144 0.1070912554860115
145 0.09824737161397934
146 0.10715644806623459
147 0.09063702076673508
148 0.11345111578702927
149 0.10484805703163147
150 0.10197950899600983
151 0.1064923107624054
152 0.09763658791780472
153 0.09930150955915451
154 0.10272210091352463
155 0.1000504121184349
156 0.10915256291627884
157 0.11214979737997055
158 0.10858505964279175
159 0.09595280885696411
160 0.10594768822193146
161 0.09762386977672577
162 0.1064918115735054
163 0.09640094637870789
164 0.11023259907960892
165 0.10291770100593567
166 0.10346901416778564
167 0.1101614236831665
168 0.10773183405399323
169 0.11041928827762604
170 0.09905151277780533
171 0.09935262799263
172 0.0969812199473381
173 0.11023340374231339
174 0.09386780858039856
175 0.10212279111146927
176 0.0998256579041481
177 0.09458184242248535
178 0.10267040878534317
179 0.09346264600753784
180 0.11113892495632172
181 0.09289166331291199
182 0.10925304144620895
183 0.10406013578176498
184 0.109921395778656
185 0.0988994836807251
186 0.10331778973340988
187 0.09231672435998917
188 0.09252254664897919
189 0.1078040823340416
190 0.09832417219877243
191 0.09753111749887466
192 0.10533744096755981
193 0.1003132089972496
194 0.0948093831539154
195 0.10041869431734085
196 0.09889671206474304
197 0.0888170376420021
198 0.09851276129484177
199 0.09003906697034836
200 0.09795083105564117
201 0.100277379155159
202 0.1013513058423996
203 0.09447882324457169
204 0.09774526953697205
205 0.10600285977125168
206 0.10332875698804855
207 0.09772969782352448
208 0.10268817842006683
209 0.10416634380817413
210 0.09623286873102188
211 0.10329299420118332
212 0.09519876539707184
213 0.08780596405267715
214 0.0939822643995285
215 0.09140324592590332
216 0.09573321044445038
217 0.09835133701562881
218 0.09800145030021667
219 0.09914807230234146
220 0.09573287516832352
221 0.09182986617088318
222 0.09437894821166992
223 0.09086950868368149
224 0.10112235695123672
225 0.09701068699359894
226 0.09404245764017105
227 0.09454164654016495
228 0.0850987359881401
229 0.09806830435991287
230 0.09330133348703384
231 0.09810002893209457
232 0.09519041329622269
233 0.09717582911252975
234 0.10726342350244522
235 0.09536551684141159
236 0.09207156300544739
237 0.10262546688318253
238 0.09413997828960419
239 0.10182477533817291
240 0.09554613381624222
241 0.0994919165968895
242 0.09012189507484436
243 0.09556540846824646
244 0.0973159670829773
245 0.08280861377716064
246 0.09587538987398148
247 0.09827344119548798
248 0.09578834474086761
249 0.08975858986377716
250 0.10058408975601196
251 0.09180697053670883
252 0.0995657742023468
253 0.09957785904407501
254 0.09365373104810715
255 0.09168507903814316
256 0.09452611953020096
257 0.1009489968419075
258 0.10041618347167969
259 0.08777240663766861
260 0.09381929039955139
261 0.10038113594055176
262 0.08231745660305023
263 0.09803765267133713
264 0.09145380556583405
265 0.09319236129522324
266 0.09268062561750412
267 0.08663000911474228
268 0.09406689554452896
269 0.09376511722803116
270 0.08610765635967255
271 0.08865071088075638
272 0.09095454961061478
273 0.08816449344158173
274 0.09417978674173355
275 0.08422040194272995
276 0.10015635937452316
277 0.09468629211187363
278 0.09971435368061066
279 0.08977320045232773
280 0.09439750015735626
281 0.09734431654214859
282 0.07896633446216583
283 0.0890626460313797
284 0.09085264801979065
285 0.09659449011087418
286 0.09750740230083466
287 0.09631537646055222
288 0.08878247439861298
289 0.09676382690668106
290 0.08329653739929199
291 0.0872376561164856
292 0.0933685302734375
293 0.09209445863962173
294 0.08663591742515564
295 0.08899391442537308
296 0.08402145653963089
297 0.09824629127979279
298 0.08745231479406357
299 0.0865822434425354
300 0.1066928282380104
301 0.08940428495407104
302 0.09533356875181198
303 0.08694056421518326
304 0.08114086091518402
305 0.09147603064775467
306 0.09001107513904572
307 0.0828753113746643
308 0.09976230561733246
309 0.09837167710065842
310 0.0838770642876625
311 0.08781155198812485
312 0.09305646270513535
313 0.0927453264594078
314 0.09142722934484482
315 0.0911167562007904
316 0.08773116022348404
317 0.09142739325761795
318 0.08510111272335052
319 0.09675415605306625
320 0.08780836313962936
321 0.09234447777271271
322 0.08781153708696365
323 0.09280511736869812
324 0.08576120436191559
325 0.09783567488193512
326 0.08809147030115128
327 0.08757367730140686
328 0.08918441087007523
329 0.09722398221492767
330 0.08391335606575012
331 0.08360530436038971
332 0.08603465557098389
333 0.10023623704910278
334 0.08948209136724472
335 0.09225389361381531
336 0.08047682791948318
337 0.09106943756341934
338 0.09365691244602203
339 0.08568333834409714
340 0.09185468405485153
341 0.08581086248159409
342 0.0875951498746872
343 0.07234544306993484
344 0.09124394506216049
345 0.07866828143596649
346 0.08449318259954453
347 0.09858788549900055
348 0.08819358795881271
349 0.09730075299739838
350 0.0884571373462677
351 0.09089786559343338
352 0.09088793396949768
353 0.08831226080656052
354 0.08558223396539688
355 0.0950542762875557
356 0.0888117179274559
357 0.08458021283149719
358 0.0843939259648323
359 0.08446871489286423
360 0.09494791179895401
361 0.08334660530090332
362 0.0948602631688118
363 0.0836091935634613
364 0.09499093890190125
365 0.0966680645942688
366 0.08047965914011002
367 0.07954791188240051
368 0.09428366273641586
369 0.08405143767595291
370 0.08621151000261307
371 0.08467503637075424
372 0.0865563452243805
373 0.0931457057595253
374 0.08411286026239395
375 0.08670192956924438
376 0.08700131624937057
377 0.09557395428419113
378 0.08576219528913498
379 0.09069634228944778
380 0.08323703706264496
381 0.09099084883928299
382 0.09990855306386948
383 0.09019900858402252
384 0.08188491314649582
385 0.08961445093154907
386 0.08135219663381577
387 0.08162377774715424
388 0.08956775814294815
389 0.09309300780296326
390 0.07866601645946503
391 0.08761657774448395
392 0.08496655523777008
393 0.08694886416196823
394 0.08457870781421661
395 0.07285686582326889
396 0.08528579771518707
397 0.0856526717543602
398 0.07993573695421219
399 0.07727352529764175
400 0.08816652745008469
401 0.07732788473367691
402 0.08553343266248703
403 0.07048037648200989
404 0.07918031513690948
405 0.08844279497861862
406 0.08537628501653671
407 0.09559442847967148
408 0.08515521883964539
409 0.08460314571857452
410 0.08633959293365479
411 0.08181154727935791
412 0.10113570094108582
413 0.09278984367847443
414 0.08473760634660721
415 0.0807681754231453
416 0.08537760376930237
417 0.08836884796619415
418 0.0899914875626564
419 0.08492375165224075
420 0.10125389695167542
421 0.08806749433279037
422 0.09092612564563751
423 0.07992644608020782
424 0.08034547418355942
425 0.08856718987226486
426 0.0840107649564743
427 0.10078444331884384
428 0.090705007314682
429 0.08915401250123978
430 0.08420747518539429
431 0.0783454179763794
432 0.08931559324264526
433 0.0840945616364479
434 0.08336713910102844
435 0.08305280655622482
436 0.08607787638902664
437 0.10352341085672379
438 0.08733886480331421
439 0.08077938109636307
440 0.08393768966197968
441 0.09818122535943985
442 0.07694609463214874
443 0.09525059908628464
444 0.09362977743148804
445 0.07652254402637482
446 0.09122136980295181
447 0.08202353864908218
448 0.08020161092281342
449 0.08650467544794083
450 0.0895075649023056
451 0.07535559684038162
452 0.09029871225357056
453 0.09133505821228027
454 0.079712875187397
455 0.08691707998514175
456 0.08358334749937057
457 0.08570792526006699
458 0.0765775516629219
459 0.08756176382303238
460 0.08137387037277222
461 0.07606766372919083
462 0.08967648446559906
463 0.0838976800441742
464 0.07939210534095764
465 0.08656498789787292
466 0.08991832286119461
467 0.09350477159023285
468 0.08908707648515701
469 0.07923613488674164
470 0.08969727158546448
471 0.08413361012935638
472 0.09034847468137741
473 0.08630600571632385
474 0.08589781075716019
475 0.08819416165351868
476 0.09639547765254974
477 0.08295760303735733
478 0.08351464569568634
479 0.07685358822345734
480 0.08206839114427567
481 0.09275049716234207
482 0.09152444452047348
483 0.08441216498613358
484 0.08332446217536926
485 0.09208571165800095
486 0.0830594152212143
487 0.08429805934429169
488 0.0779171958565712
489 0.07997636497020721
490 0.08189523965120316
491 0.07977267354726791
492 0.10062576830387115
493 0.0781344473361969
494 0.08713977783918381
495 0.08160631358623505
496 0.08554177731275558
497 0.07936232537031174
498 0.08701485395431519
499 0.07482533156871796
500 0.07970981299877167
501 0.08400822430849075
502 0.08192846924066544
503 0.082246795296669
504 0.08619200438261032
505 0.07640394568443298
506 0.08806951344013214
507 0.07856380939483643
508 0.07674834877252579
509 0.08971530199050903
510 0.078839011490345
511 0.0777633935213089
512 0.08362333476543427
513 0.0905103087425232
514 0.08071179687976837
515 0.08184272795915604
516 0.08227048814296722
517 0.07440872490406036
518 0.08165138214826584
519 0.07707367837429047
520 0.09094308316707611
521 0.08622027933597565
522 0.08320900052785873
523 0.08572635054588318
524 0.07568275183439255
525 0.07964371889829636
526 0.08810773491859436
527 0.07603819668292999
528 0.08630155026912689
529 0.07510470598936081
530 0.0901685506105423
531 0.07057325541973114
532 0.09254548698663712
533 0.07625611871480942
534 0.09490091353654861
535 0.07930302619934082
536 0.08859886974096298
537 0.08823446929454803
538 0.07342927902936935
539 0.08612411469221115
540 0.07588876038789749
541 0.09518121927976608
542 0.07151379436254501
543 0.09070979803800583
544 0.07666295021772385
545 0.08906353265047073
546 0.08458910137414932
547 0.08281178772449493
548 0.0799216479063034
549 0.09158224612474442
550 0.07911621779203415
551 0.08286651223897934
552 0.07529011368751526
553 0.07768219709396362
554 0.08009303361177444
555 0.07356259226799011
556 0.07603093236684799
557 0.07932472974061966
558 0.0818447396159172
559 0.09084175527095795
560 0.0754336267709732
561 0.07976224273443222
562 0.08139043301343918
563 0.07784133404493332
564 0.08513522148132324
565 0.0781865119934082
566 0.08062106370925903
567 0.07986950874328613
568 0.0933278426527977
569 0.07576415687799454
570 0.07979515194892883
571 0.08687133342027664
572 0.08632564544677734
573 0.08409187197685242
574 0.07827957719564438
575 0.08045217394828796
576 0.08122680336236954
577 0.0829232856631279
578 0.08445492386817932
579 0.07955238223075867
580 0.08668960630893707
581 0.08277744799852371
582 0.07937825471162796
583 0.08894495666027069
584 0.06870709359645844
585 0.08376054465770721
586 0.07141442596912384
587 0.09013441205024719
588 0.07541005313396454
589 0.07265302538871765
590 0.08281979709863663
591 0.07904873043298721
592 0.07353640347719193
593 0.07979259639978409
594 0.08261556923389435
595 0.07057145982980728
596 0.07209085673093796
597 0.07657604664564133
598 0.08782874047756195
599 0.07455912232398987
600 0.09052107483148575
601 0.08219659328460693
602 0.07467731833457947
603 0.0943358987569809
604 0.08316412568092346
605 0.08062256872653961
606 0.08029120415449142
607 0.07917264103889465
608 0.08965056389570236
609 0.07332490384578705
610 0.07949826121330261
611 0.08586166799068451
612 0.08363071829080582
613 0.08427096158266068
614 0.08440487831830978
615 0.0823938325047493
616 0.07883352786302567
617 0.08118168264627457
618 0.08518865704536438
619 0.07059548050165176
620 0.09493651241064072
621 0.07990596443414688
622 0.08527210354804993
623 0.0663544312119484
624 0.0850004032254219
625 0.07735352218151093
626 0.08553647249937057
627 0.07930693030357361
628 0.08643407374620438
629 0.07906327396631241
630 0.08412938565015793
631 0.08417771756649017
632 0.08445394039154053
633 0.08995959162712097
634 0.0752817764878273
635 0.08204507827758789
636 0.07121634483337402
637 0.08782312273979187
638 0.08142776787281036
639 0.07776426523923874
640 0.072367824614048
641 0.08285558968782425
642 0.08459509909152985
643 0.07217348366975784
644 0.08331184834241867
645 0.08048223704099655
646 0.09053157269954681
647 0.0752679780125618
648 0.08194582909345627
649 0.07493214309215546
650 0.08083249628543854
651 0.08293482661247253
652 0.08099005371332169
653 0.07893165946006775
654 0.07929697632789612
655 0.08092369139194489
656 0.07693272083997726
657 0.08522825688123703
658 0.0909767672419548
659 0.08283345401287079
660 0.07358042150735855
661 0.07703831046819687
662 0.07941312342882156
663 0.08647473156452179
664 0.07472927123308182
665 0.09051496535539627
666 0.09355149418115616
667 0.08188990503549576
668 0.07385647296905518
669 0.08730962872505188
670 0.07142943143844604
671 0.08093764632940292
672 0.08380448073148727
673 0.06956372410058975
674 0.0730314552783966
675 0.06762836128473282
676 0.0934094488620758
677 0.07673329859972
678 0.08284915238618851
679 0.08555006235837936
680 0.07649757713079453
681 0.08290183544158936
682 0.08051707595586777
683 0.08821608126163483
684 0.07565667480230331
685 0.07710777968168259
686 0.08582383394241333
687 0.0806812271475792
688 0.07451388984918594
689 0.07655978202819824
690 0.06925534456968307
691 0.08803347498178482
692 0.07277145236730576
693 0.08594200015068054
694 0.06978131830692291
695 0.08520495146512985
696 0.0755990594625473
697 0.07666163891553879
698 0.0694962739944458
699 0.08517530560493469
700 0.06556666642427444
701 0.08993874490261078
702 0.08512915670871735
703 0.08243037760257721
704 0.08412425965070724
705 0.0745968446135521
706 0.07797658443450928
707 0.07488996535539627
708 0.07577356696128845
709 0.07735754549503326
710 0.07915779203176498
711 0.09440979361534119
712 0.08174735307693481
713 0.07664541155099869
714 0.08458790928125381
715 0.07810632884502411
716 0.07612531632184982
717 0.07878367602825165
718 0.07270552963018417
719 0.07937727868556976
720 0.07435745000839233
721 0.08969573676586151
722 0.06929619610309601
723 0.08202718943357468
724 0.08300759643316269
725 0.08216408640146255
726 0.07967323064804077
727 0.07865355163812637
728 0.07144390046596527
729 0.08374256640672684
730 0.0647207498550415
731 0.0844850167632103
732 0.08871138840913773
733 0.07539457827806473
734 0.0721127837896347
735 0.08422385156154633
736 0.07776597142219543
737 0.07807338982820511
738 0.07832559198141098
739 0.07265330851078033
740 0.08333150297403336
741 0.08121515065431595
742 0.06800971925258636
743 0.06993911415338516
744 0.07485289126634598
745 0.07135514914989471
746 0.07807265967130661
747 0.07857499271631241
748 0.07409736514091492
749 0.07075151801109314
750 0.07903486490249634
751 0.07905285060405731
752 0.0820501372218132
753 0.08019046485424042
754 0.0836993083357811
755 0.07331212610006332
756 0.07696031033992767
757 0.08313112705945969
758 0.06854864209890366
759 0.08352626860141754
760 0.07383571565151215
761 0.07043429464101791
762 0.0881141647696495
763 0.0808497965335846
764 0.07563135772943497
765 0.07431800663471222
766 0.092662014067173
767 0.0720001608133316
768 0.07242350280284882
769 0.07955595850944519
770 0.07645268738269806
771 0.07887139916419983
772 0.07769853621721268
773 0.0796138122677803
774 0.06979839503765106
775 0.07926230877637863
776 0.08093785494565964
777 0.0781501904129982
778 0.07721879333257675
779 0.07573137432336807
780 0.07529149949550629
781 0.0815315917134285
782 0.0775512233376503
783 0.07785246521234512
784 0.080784872174263
785 0.08338084816932678
786 0.07295449078083038
787 0.0737883448600769
788 0.0780714675784111
789 0.08041208982467651
790 0.0691380724310875
791 0.07340478897094727
792 0.07540827244520187
793 0.07842487096786499
794 0.07671190053224564
795 0.0878332257270813
796 0.07742758095264435
797 0.07423219829797745
798 0.0739937499165535
799 0.08254385739564896
800 0.08156224340200424
