1 0.9920516014099121
2 0.5362859964370728
3 0.34841227531433105
4 0.26570823788642883
5 0.24813596904277802
6 0.22132565081119537
7 0.1928146332502365
8 0.2029966413974762
9 0.1944192349910736
10 0.17524228990077972
11 0.19357708096504211
12 0.20492778718471527
13 0.1701427847146988
14 0.20321141183376312
15 0.18259494006633759
16 0.17090357840061188
17 0.16945700347423553
18 0.16426752507686615
19 0.17733696103096008
20 0.177227184176445
21 0.14826685190200806
22 0.13768626749515533
23 0.18084271252155304
24 0.15232016146183014
25 0.1931992769241333
26 0.15452156960964203
27 0.17069648206233978
28 0.16587887704372406
29 0.16425418853759766
30 0.14627358317375183
31 0.13875482976436615
32 0.15882427990436554
33 0.16859085857868195
34 0.14222028851509094
35 0.14957894384860992
36 0.17652221024036407
37 0.14126020669937134
38 0.16151674091815948
39 0.12576669454574585
40 0.1513555943965912
41 0.14682286977767944
42 0.194969043135643
43 0.1328311562538147
44 0.14980238676071167
45 0.18952009081840515
46 0.13800503313541412
47 0.1511131078004837
48 0.15775930881500244
49 0.16074471175670624
50 0.11866851150989532
51 0.13948076963424683
52 0.1475551873445511
53 0.14671115577220917
54 0.13588768243789673
55 0.1467834860086441
56 0.1316656917333603
57 0.14430083334445953
58 0.1313532590866089
59 0.1623014211654663
60 0.16738872230052948
61 0.1593746393918991
62 0.12864990532398224
63 0.199888676404953
64 0.12347152084112167
65 0.13559980690479279
66 0.1448633223772049
67 0.15147049725055695
68 0.1338208168745041
69 0.1168651431798935
70 0.13306766748428345
71 0.13477373123168945
72 0.12515118718147278
73 0.15676634013652802
74 0.17604337632656097
75 0.12475541979074478
76 0.14286991953849792
77 0.13623344898223877
78 0.12182135134935379
79 0.13576556742191315
80 0.16254524886608124
81 0.13140930235385895
82 0.15228882431983948
83 0.15170985460281372
84 0.12443545460700989
85 0.1430424302816391
86 0.11493998765945435
87 0.13311509788036346
88 0.1616644412279129
89 0.11702894419431686
90 0.11879052221775055
91 0.13855496048927307
92 0.1284988671541214
93 0.16252104938030243
94 0.12878753244876862
95 0.12898387014865875
96 0.12084213644266129
97 0.11526203900575638
98 0.12744036316871643
99 0.12788143754005432
100 0.16763605177402496
101 0.12540364265441895
102 0.14533483982086182
103 0.1374090313911438
104 0.1349828988313675
105 0.14860659837722778
106 0.1354575902223587
107 0.14074048399925232
108 0.11729107052087784
109 0.14023807644844055
110 0.12247008830308914
111 0.13395607471466064
112 0.1222180500626564
113 0.1176769807934761
114 0.11536020040512085
115 0.12143339961767197
116 0.13053755462169647
117 0.11436508595943451
118 0.14170756936073303
119 0.11113092303276062
120 0.14691035449504852
121 0.12779247760772705
122 0.1603298932313919
123 0.13884933292865753
124 0.13251757621765137
125 0.1462104320526123
126 0.14521698653697968
127 0.1584617793560028
128 0.1150064691901207
129 0.16519621014595032
130 0.1405104398727417
131 0.11085569858551025
132 0.13562357425689697
133 0.14969268441200256
134 0.1194487065076828
135 0.11857420206069946
136 0.13043177127838135
137 0.135701522231102
138 0.12138766795396805
139 0.1494569033384323
140 0.10708168894052505
141 0.14417961239814758
142 0.14389066398143768
143 0.13606806099414825
144 0.1066262498497963
145 0.13406014442443848
146 0.10555331408977509
147 0.11785973608493805
148 0.12611974775791168
149 0.11270584166049957
150 0.10585062950849533
151 0.1267836093902588
152 0.09757111966609955
153 0.14595235884189606
154 0.10886143893003464
155 0.1475130319595337
156 0.1571340411901474
157 0.11590352654457092
158 0.15491020679473877
159 0.13999584317207336
160 0.1147368773818016
161 0.1362876147031784
162 0.10720176249742508
163 0.12607204914093018
164 0.12479983270168304
165 0.11789145320653915
166 0.13156011700630188
167 0.11304891109466553
168 0.1243007704615593
169 0.1338089108467102
170 0.12343282997608185
171 0.11663910001516342
172 0.10466145724058151
173 0.15075860917568207
174 0.12622399628162384
175 0.13553906977176666
176 0.10704009979963303
177 0.11571584641933441
178 0.11839687079191208
179 0.11958713084459305
180 0.1439487785100937
181 0.11105144768953323
182 0.12405207753181458
183 0.10583130270242691
184 0.14002037048339844
185 0.14182651042938232
186 0.13443875312805176
187 0.14583000540733337
188 0.09856768697500229
189 0.10727405548095703
190 0.12789832055568695
191 0.11177852004766464
192 0.10753896087408066
193 0.11372964829206467
194 0.1273939162492752
195 0.12001097202301025
196 0.141622856259346
197 0.13123317062854767
198 0.11378394067287445
199 0.12325535714626312
200 0.12689325213432312
201 0.11242393404245377
202 0.12866021692752838
203 0.12815196812152863
204 0.10514780879020691
205 0.10380451381206512
206 0.14669950306415558
207 0.11341625452041626
208 0.12241554260253906
209 0.09447211027145386
210 0.11394438147544861
211 0.149012953042984
212 0.11420588940382004
213 0.1058240681886673
214 0.12746645510196686
215 0.09572910517454147
216 0.12271415442228317
217 0.10730432718992233
218 0.1137823760509491
219 0.11509249359369278
220 0.10830505937337875
221 0.15353138744831085
222 0.12037602066993713
223 0.16390888392925262
224 0.0894450768828392
225 0.13518662750720978
226 0.11880026757717133
227 0.11988946795463562
228 0.1314033418893814
229 0.159689798951149
230 0.12562979757785797
231 0.1098291277885437
232 0.11679878830909729
233 0.10747525095939636
234 0.11457269638776779
235 0.13334669172763824
236 0.10051355510950089
237 0.12261511385440826
238 0.10307784378528595
239 0.14025062322616577
240 0.12090975046157837
241 0.1349097192287445
242 0.1165173351764679
243 0.1286853551864624
244 0.1379155069589615
245 0.11675780266523361
246 0.14258132874965668
247 0.10106455534696579
248 0.11121981590986252
249 0.12546516954898834
250 0.15407899022102356
251 0.1473209708929062
252 0.12425641715526581
253 0.11006657779216766
254 0.11761832982301712
255 0.12222501635551453
256 0.1337001621723175
257 0.13408787548542023
258 0.10680337250232697
259 0.13469785451889038
260 0.1298978477716446
261 0.10298139601945877
262 0.0946173369884491
263 0.12342318147420883
264 0.10495341569185257
265 0.15092428028583527
266 0.10831772536039352
267 0.11510102450847626
268 0.11521825939416885
269 0.10801723599433899
270 0.11058808118104935
271 0.11904491484165192
272 0.13454098999500275
273 0.12581612169742584
274 0.09844139218330383
275 0.11710287630558014
276 0.11384115368127823
277 0.11227197200059891
278 0.1148088201880455
279 0.13709670305252075
280 0.11257275193929672
281 0.11671295017004013
282 0.10327954590320587
283 0.12971603870391846
284 0.0861721932888031
285 0.12180419266223907
286 0.09790273010730743
287 0.12565289437770844
288 0.13699044287204742
289 0.14598526060581207
290 0.1016986295580864
291 0.11688272655010223
292 0.14436565339565277
293 0.11216825991868973
294 0.11326156556606293
295 0.10731738060712814
296 0.10680931061506271
297 0.11758492141962051
298 0.1236279085278511
299 0.10250449925661087
300 0.09609895944595337
301 0.12047237902879715
302 0.14848901331424713
303 0.11065082997083664
304 0.1445409208536148
305 0.10841953009366989
306 0.1110706552863121
307 0.12215733528137207
308 0.09119249880313873
309 0.10463007539510727
310 0.09651585668325424
311 0.09045811742544174
312 0.15197628736495972
313 0.1391919106245041
314 0.10711579769849777
315 0.11900144070386887
316 0.1152680367231369
317 0.10569339245557785
318 0.12397496402263641
319 0.10207666456699371
320 0.0925421491265297
321 0.1297593116760254
322 0.10580192506313324
323 0.11919787526130676
324 0.11232674866914749
325 0.1529691070318222
326 0.1324566900730133
327 0.12568607926368713
328 0.10387897491455078
329 0.12508656084537506
330 0.11288396269083023
331 0.12029280513525009
332 0.11213137209415436
333 0.13875500857830048
334 0.09485124051570892
335 0.13432778418064117
336 0.1536589115858078
337 0.12450537830591202
338 0.10854431986808777
339 0.1300608366727829
340 0.11539752781391144
341 0.1510741263628006
342 0.09568347036838531
343 0.10634956508874893
344 0.12055811285972595
345 0.10408381372690201
346 0.09841068089008331
347 0.12179119139909744
348 0.11278106272220612
349 0.11589045822620392
350 0.10253046452999115
351 0.12613175809383392
352 0.0989600345492363
353 0.09900978207588196
354 0.1434604525566101
355 0.09212508797645569
356 0.11294711381196976
357 0.11201726645231247
358 0.10004826635122299
359 0.10291838645935059
360 0.11476961523294449
361 0.11846430599689484
362 0.12330494821071625
363 0.09394395351409912
364 0.10389384627342224
365 0.14262636005878448
366 0.12657012045383453
367 0.12575718760490417
368 0.1021539643406868
369 0.1303836554288864
370 0.08705486357212067
371 0.15535615384578705
372 0.10031413286924362
373 0.09993285685777664
374 0.08805419504642487
375 0.11801771074533463
376 0.0959986224770546
377 0.09636112302541733
378 0.15060684084892273
379 0.09993728250265121
380 0.10342272371053696
381 0.11909035593271255
382 0.11955226212739944
383 0.12545321881771088
384 0.0964418351650238
385 0.14988017082214355
386 0.11550390720367432
387 0.12838201224803925
388 0.10364927351474762
389 0.12723396718502045
390 0.120261050760746
391 0.10745667666196823
392 0.11710825562477112
393 0.1331080198287964
394 0.12818367779254913
395 0.10396026819944382
396 0.12147550284862518
397 0.11058424413204193
398 0.09899923950433731
399 0.10378455370664597
400 0.13243220746517181
401 0.11890493333339691
402 0.09821855276823044
403 0.10138920694589615
404 0.12908312678337097
405 0.09026399999856949
406 0.10120036453008652
407 0.1081315353512764
408 0.08103284984827042
409 0.09842237085103989
410 0.1136578619480133
411 0.10022179037332535
412 0.13877539336681366
413 0.10343652963638306
414 0.10158094763755798
415 0.10788846760988235
416 0.12522080540657043
417 0.10039183497428894
418 0.11153820157051086
419 0.13129931688308716
420 0.1124274805188179
421 0.0936482697725296
422 0.12580566108226776
423 0.11627695709466934
424 0.12519748508930206
425 0.1358143389225006
426 0.09359520673751831
427 0.11473583430051804
428 0.081873320043087
429 0.13781461119651794
430 0.08656568080186844
431 0.11233912408351898
432 0.1244070827960968
433 0.09547979384660721
434 0.10208375006914139
435 0.1107146292924881
436 0.14142712950706482
437 0.0907086506485939
438 0.11191204935312271
439 0.11861984431743622
440 0.11406554281711578
441 0.10439880192279816
442 0.10805599391460419
443 0.1098579615354538
444 0.10514426231384277
445 0.10307765752077103
446 0.1080857515335083
447 0.0938117504119873
448 0.10264018923044205
449 0.07751259207725525
450 0.15398521721363068
451 0.1032276451587677
452 0.11814979463815689
453 0.14576135575771332
454 0.10077240318059921
455 0.10005513578653336
456 0.0992865040898323
457 0.10264384001493454
458 0.09421868622303009
459 0.09420553594827652
460 0.10247476398944855
461 0.11822927743196487
462 0.13143637776374817
463 0.10592436045408249
464 0.09999099373817444
465 0.10779573023319244
466 0.09599197655916214
467 0.12800206243991852
468 0.09892604500055313
469 0.09225527942180634
470 0.08672455698251724
471 0.10138281434774399
472 0.09377823770046234
473 0.1275004893541336
474 0.15658612549304962
475 0.10797344148159027
476 0.1423477977514267
477 0.0856456458568573
478 0.11935872584581375
479 0.10274811089038849
480 0.1167834997177124
481 0.14738833904266357
482 0.12010551989078522
483 0.11044491082429886
484 0.10427279025316238
485 0.09374020248651505
486 0.10666989535093307
487 0.10267870873212814
488 0.10269416868686676
489 0.09698567539453506
490 0.10935962200164795
491 0.11479441821575165
492 0.09825582802295685
493 0.12668371200561523
494 0.11156398057937622
495 0.10489508509635925
496 0.08977653086185455
497 0.12926898896694183
498 0.12447968125343323
499 0.11106797307729721
500 0.10243352502584457
501 0.1067940890789032
502 0.10971933603286743
503 0.12982259690761566
504 0.08328808844089508
505 0.1413176953792572
506 0.10653693974018097
507 0.12413068115711212
508 0.11398670822381973
509 0.1014072373509407
510 0.10501527041196823
511 0.12769976258277893
512 0.14344057440757751
513 0.10785355418920517
514 0.11307745426893234
515 0.08900991827249527
516 0.12958775460720062
517 0.10331114381551743
518 0.13611939549446106
519 0.13552631437778473
520 0.09518510103225708
521 0.09560827910900116
522 0.10228486359119415
523 0.10395753383636475
524 0.1083262637257576
525 0.10958293825387955
526 0.12132279574871063
527 0.10472188889980316
528 0.09034119546413422
529 0.08428727090358734
530 0.12585818767547607
531 0.16145960986614227
532 0.09142695367336273
533 0.1298244744539261
534 0.11012660712003708
535 0.11175799369812012
536 0.1083284318447113
537 0.12353554368019104
538 0.09986114501953125
539 0.12027014791965485
540 0.0998099073767662
541 0.10541659593582153
542 0.09833493083715439
543 0.08882851153612137
544 0.1496708244085312
545 0.07534801959991455
546 0.1236158236861229
547 0.11714524775743484
548 0.10594301670789719
549 0.08930449187755585
550 0.08212615549564362
551 0.10222232341766357
552 0.11515924334526062
553 0.09809179604053497
554 0.11034198850393295
555 0.08321229368448257
556 0.10015477985143661
557 0.1305411010980606
558 0.11215593665838242
559 0.11386826634407043
560 0.11471797525882721
561 0.12207917124032974
562 0.12146163731813431
563 0.13194650411605835
564 0.12288352102041245
565 0.12838512659072876
566 0.1126629039645195
567 0.09277312457561493
568 0.09108582139015198
569 0.10368385910987854
570 0.14191913604736328
571 0.11074309796094894
572 0.09153617918491364
573 0.10772746056318283
574 0.09238661080598831
575 0.11597229540348053
576 0.09987161308526993
577 0.10880322754383087
578 0.1003820076584816
579 0.10334127396345139
580 0.08690831810235977
581 0.12010660022497177
582 0.09653612226247787
583 0.13960996270179749
584 0.09773433208465576
585 0.09776981174945831
586 0.12315478175878525
587 0.12041406333446503
588 0.12645210325717926
589 0.09302539378404617
590 0.11474906653165817
591 0.08885630965232849
592 0.1025046780705452
593 0.10215430706739426
594 0.113923080265522
595 0.1083739697933197
596 0.1077924519777298
597 0.10695032775402069
598 0.09887577593326569
599 0.0946730524301529
600 0.1139584556221962
601 0.09091784805059433
602 0.08862651139497757
603 0.11635258793830872
604 0.08710172772407532
605 0.09505783021450043
606 0.10499746352434158
607 0.08166865259408951
608 0.11513108760118484
609 0.10628803819417953
610 0.11722727864980698
611 0.1067526713013649
612 0.1123364195227623
613 0.08117712289094925
614 0.09711205959320068
615 0.09368883073329926
616 0.09761399775743484
617 0.10805734992027283
618 0.1049029529094696
619 0.09818408638238907
620 0.1081089898943901
621 0.1284938007593155
622 0.09739318490028381
623 0.11487749963998795
624 0.09967799484729767
625 0.1267033964395523
626 0.09427238255739212
627 0.1294700801372528
628 0.09251128137111664
629 0.106685571372509
630 0.12809695303440094
631 0.10481060296297073
632 0.11953198164701462
633 0.09909695386886597
634 0.11085332185029984
635 0.10802505910396576
636 0.11136200278997421
637 0.09277243912220001
638 0.09236694127321243
639 0.09389321506023407
640 0.1096702590584755
641 0.1310255378484726
642 0.12717311084270477
643 0.0856645405292511
644 0.12657730281352997
645 0.09862857311964035
646 0.1449206918478012
647 0.09058564901351929
648 0.11139042675495148
649 0.120901919901371
650 0.09500442445278168
651 0.10298769176006317
652 0.12700657546520233
653 0.09895770996809006
654 0.14856714010238647
655 0.10853999853134155
656 0.09428612887859344
657 0.10616132616996765
658 0.10223513096570969
659 0.07851375639438629
660 0.0907110795378685
661 0.11099520325660706
662 0.13020125031471252
663 0.08276544511318207
664 0.114841990172863
665 0.1097046360373497
666 0.08582938462495804
667 0.09530527144670486
668 0.10062023997306824
669 0.11316832900047302
670 0.14058920741081238
671 0.13437296450138092
672 0.11169110238552094
673 0.10734900087118149
674 0.08860940486192703
675 0.11667093634605408
676 0.09477464109659195
677 0.14095059037208557
678 0.10299041122198105
679 0.12536406517028809
680 0.10343897342681885
681 0.11447512358427048
682 0.1665252298116684
683 0.13844573497772217
684 0.0985153466463089
685 0.0876341313123703
686 0.0975082740187645
687 0.12254403531551361
688 0.08430157601833344
689 0.10198523104190826
690 0.09255409240722656
691 0.11428974568843842
692 0.11332058906555176
693 0.09423117339611053
694 0.09252549707889557
695 0.10617338865995407
696 0.10824281722307205
697 0.10918823629617691
698 0.08721853792667389
699 0.11030927300453186
700 0.09676249325275421
701 0.13845868408679962
702 0.10481500625610352
703 0.10543179512023926
704 0.10043072700500488
705 0.09640735387802124
706 0.10476288199424744
707 0.10514216870069504
708 0.1351408213376999
709 0.09444199502468109
710 0.08975844085216522
711 0.15589657425880432
712 0.09336204826831818
713 0.12138580530881882
714 0.07938101142644882
715 0.11466582119464874
716 0.09702827781438828
717 0.08722825348377228
718 0.09436539560556412
719 0.1452428549528122
720 0.10370205342769623
721 0.1475220024585724
722 0.10493333637714386
723 0.10734164714813232
724 0.09662678837776184
725 0.0860108807682991
726 0.08821536600589752
727 0.11527817696332932
728 0.1399490237236023
729 0.09921187907457352
730 0.1077684611082077
731 0.10346744954586029
732 0.10781588405370712
733 0.14314992725849152
734 0.11478913575410843
735 0.08450882136821747
736 0.09343354403972626
737 0.13213634490966797
738 0.0843750461935997
739 0.0805714875459671
740 0.09496289491653442
741 0.08815804123878479
742 0.09074404090642929
743 0.11928343772888184
744 0.09317702800035477
745 0.1480325609445572
746 0.11047392338514328
747 0.10456010699272156
748 0.12350823730230331
749 0.07728844881057739
750 0.11085823178291321
751 0.07850035279989243
752 0.09639137238264084
753 0.08342360705137253
754 0.10517721623182297
755 0.08919597417116165
756 0.11115685850381851
757 0.11515283584594727
758 0.09308233857154846
759 0.11296261847019196
760 0.08502896875143051
761 0.1103387102484703
762 0.1037173941731453
763 0.08468344062566757
764 0.08604728430509567
765 0.10117866098880768
766 0.08517629653215408
767 0.09496065229177475
768 0.10240150988101959
769 0.0750768780708313
770 0.10475320369005203
771 0.15497833490371704
772 0.120524562895298
773 0.08659633994102478
774 0.10887803882360458
775 0.12475980073213577
776 0.12402357161045074
777 0.07408822327852249
778 0.12400514632463455
779 0.10438340157270432
780 0.09280718117952347
781 0.09776269644498825
782 0.09758329391479492
783 0.1067010834813118
784 0.10076875984668732
785 0.10231445729732513
786 0.09952489286661148
787 0.07550790160894394
788 0.10645762085914612
789 0.14936946332454681
790 0.09089624136686325
791 0.08987512439489365
792 0.12108727544546127
793 0.0894104465842247
794 0.0983184352517128
795 0.09911409020423889
796 0.12364765256643295
797 0.09117533266544342
798 0.12361861020326614
799 0.09864170849323273
800 0.09745380282402039
