1 0.915672779083252
2 0.5595529079437256
3 0.4342358708381653
4 0.3191760778427124
5 0.2873421013355255
6 0.261617511510849
7 0.26897144317626953
8 0.26163551211357117
9 0.23507776856422424
10 0.2051916867494583
11 0.2380872517824173
12 0.2186298668384552
13 0.19673293828964233
14 0.24205143749713898
15 0.18242760002613068
16 0.21801698207855225
17 0.1804419308900833
18 0.2211851328611374
19 0.17994357645511627
20 0.1831739991903305
21 0.1723562330007553
22 0.1750825047492981
23 0.1869906187057495
24 0.1696953922510147
25 0.15031731128692627
26 0.1514643281698227
27 0.16742980480194092
28 0.16288074851036072
29 0.17348612844944
30 0.16665838658809662
31 0.1658199578523636
32 0.162676140666008
33 0.16041013598442078
34 0.14251725375652313
35 0.1587357074022293
36 0.16980154812335968
37 0.15691189467906952
38 0.1585463285446167
39 0.14878571033477783
40 0.17162561416625977
41 0.16766442358493805
42 0.17843621969223022
43 0.14038056135177612
44 0.1897158920764923
45 0.16482223570346832
46 0.15487481653690338
47 0.12719497084617615
48 0.19782806932926178
49 0.14226758480072021
50 0.14957870543003082
51 0.1755678355693817
52 0.15094676613807678
53 0.10926955193281174
54 0.14634917676448822
55 0.1661413609981537
56 0.1390814334154129
57 0.15139548480510712
58 0.14222842454910278
59 0.12413282692432404
60 0.1372079849243164
61 0.1470644176006317
62 0.14253607392311096
63 0.1551649570465088
64 0.17433467507362366
65 0.14468038082122803
66 0.1571020483970642
67 0.1137426495552063
68 0.19934076070785522
69 0.1352633237838745
70 0.14433427155017853
71 0.14162077009677887
72 0.13183020055294037
73 0.13517388701438904
74 0.16809652745723724
75 0.13257212936878204
76 0.11402834951877594
77 0.16535727679729462
78 0.14891736209392548
79 0.13997170329093933
80 0.1236921027302742
81 0.1573246568441391
82 0.15862716734409332
83 0.1728372424840927
84 0.12854938209056854
85 0.12970952689647675
86 0.16603630781173706
87 0.132496178150177
88 0.13817712664604187
89 0.15086989104747772
90 0.14802990853786469
91 0.12270890176296234
92 0.13613669574260712
93 0.1691160649061203
94 0.17738622426986694
95 0.13146881759166718
96 0.1215347945690155
97 0.13853439688682556
98 0.13109742105007172
99 0.14189931750297546
100 0.14204902946949005
101 0.13084861636161804
102 0.12941305339336395
103 0.12509217858314514
104 0.1416344791650772
105 0.12864693999290466
106 0.1355966329574585
107 0.14819249510765076
108 0.13852572441101074
109 0.13227935135364532
110 0.13304641842842102
111 0.13800540566444397
112 0.13755859434604645
113 0.14137804508209229
114 0.11019214987754822
115 0.13188321888446808
116 0.10578702390193939
117 0.15824544429779053
118 0.13221658766269684
119 0.12712757289409637
120 0.11531601846218109
121 0.13329531252384186
122 0.1371610015630722
123 0.13722844421863556
124 0.11249320209026337
125 0.12495525926351547
126 0.16352757811546326
127 0.15055610239505768
128 0.10740972310304642
129 0.13041360676288605
130 0.14408089220523834
131 0.14445172250270844
132 0.11778128147125244
133 0.15241941809654236
134 0.12264439463615417
135 0.12178026884794235
136 0.11642048507928848
137 0.13688860833644867
138 0.12182498723268509
139 0.11840952187776566
140 0.10713673382997513
141 0.11288423091173172
142 0.12209949642419815
143 0.1061263307929039
144 0.11692535132169724
145 0.11413929611444473
146 0.11206771433353424
147 0.13134439289569855
148 0.15223412215709686
149 0.14649614691734314
150 0.13903048634529114
151 0.1360560953617096
152 0.15422435104846954
153 0.12624788284301758
154 0.15120047330856323
155 0.15315759181976318
156 0.1361352652311325
157 0.1367926150560379
158 0.11809849739074707
159 0.11278922855854034
160 0.12722748517990112
161 0.11660543829202652
162 0.12317132949829102
163 0.10989611595869064
164 0.12221566587686539
165 0.12250788509845734
166 0.15059293806552887
167 0.10781405866146088
168 0.1317245215177536
169 0.13217930495738983
170 0.11538299173116684
171 0.1441284567117691
172 0.1024007722735405
173 0.10974584519863129
174 0.15176548063755035
175 0.10953587293624878
176 0.119252048432827
177 0.10839149355888367
178 0.10642977803945541
179 0.1285242736339569
180 0.14998146891593933
181 0.14315727353096008
182 0.12950271368026733
183 0.10354438424110413
184 0.12476630508899689
185 0.10485271364450455
186 0.13868919014930725
187 0.13714419305324554
188 0.12433084845542908
189 0.11923016607761383
190 0.1254841834306717
191 0.12472990900278091
192 0.10985191911458969
193 0.16182059049606323
194 0.13321909308433533
195 0.13174356520175934
196 0.2211376279592514
197 0.1294778436422348
198 0.15311796963214874
199 0.10990168154239655
200 0.2127401977777481
201 0.12652234733104706
202 0.12939627468585968
203 0.12862052023410797
204 0.10303688794374466
205 0.14677152037620544
206 0.14305679500102997
207 0.09505289793014526
208 0.1359543651342392
209 0.10341712087392807
210 0.14281272888183594
211 0.12326405197381973
212 0.11938405781984329
213 0.13165989518165588
214 0.13295608758926392
215 0.17815975844860077
216 0.12902288138866425
217 0.12431895732879639
218 0.10611073672771454
219 0.1077054813504219
220 0.1235952079296112
221 0.08973309397697449
222 0.08793379366397858
223 0.10471855849027634
224 0.1117141842842102
225 0.14883993566036224
226 0.1399238258600235
227 0.1327240914106369
228 0.10389885306358337
229 0.12120536714792252
230 0.11282772570848465
231 0.10910988599061966
232 0.10265793651342392
233 0.14070820808410645
234 0.1275373250246048
235 0.12372754514217377
236 0.1312289983034134
237 0.09902478009462357
238 0.127989262342453
239 0.100226491689682
240 0.11896546930074692
241 0.12413986027240753
242 0.10629118978977203
243 0.1060791015625
244 0.10387543588876724
245 0.112508624792099
246 0.10975265502929688
247 0.11548461765050888
248 0.16052164137363434
249 0.1219901591539383
250 0.09970483183860779
251 0.1088467463850975
252 0.09485956281423569
253 0.0927833840250969
254 0.1193789541721344
255 0.10945838689804077
256 0.14594805240631104
257 0.1375526636838913
258 0.15992574393749237
259 0.1292559653520584
260 0.10679937154054642
261 0.16376841068267822
262 0.1095612570643425
263 0.09631751477718353
264 0.17070183157920837
265 0.13228006660938263
266 0.11530891805887222
267 0.12825292348861694
268 0.10698629170656204
269 0.12871147692203522
270 0.11089940369129181
271 0.11851566284894943
272 0.10439310222864151
273 0.16037499904632568
274 0.17012715339660645
275 0.1144414097070694
276 0.16138963401317596
277 0.09330262988805771
278 0.11887874454259872
279 0.13547465205192566
280 0.14399881660938263
281 0.10108977556228638
282 0.11600067466497421
283 0.09909652918577194
284 0.12589198350906372
285 0.11512478440999985
286 0.1355670690536499
287 0.12792819738388062
288 0.11081287264823914
289 0.11704157292842865
290 0.11455350369215012
291 0.11619171500205994
292 0.0989338755607605
293 0.11892745643854141
294 0.1268598437309265
295 0.11410807818174362
296 0.11541496217250824
297 0.0941178947687149
298 0.17112073302268982
299 0.1282849907875061
300 0.09086249768733978
301 0.11568835377693176
302 0.13747936487197876
303 0.094991534948349
304 0.16114693880081177
305 0.10749462246894836
306 0.11082455515861511
307 0.11805296689271927
308 0.11311432719230652
309 0.11291690170764923
310 0.08854721486568451
311 0.14713121950626373
312 0.10239773988723755
313 0.102411188185215
314 0.1076325997710228
315 0.1098766177892685
316 0.11928475648164749
317 0.11053343862295151
318 0.11737978458404541
319 0.15710148215293884
320 0.10895854234695435
321 0.16942040622234344
322 0.09896498918533325
323 0.10334236174821854
324 0.10587313771247864
325 0.10038525611162186
326 0.11406058818101883
327 0.12213200330734253
328 0.11764994263648987
329 0.11260192096233368
330 0.12279915064573288
331 0.10362491011619568
332 0.14056508243083954
333 0.12882736325263977
334 0.10893610864877701
335 0.13838574290275574
336 0.13080672919750214
337 0.11265836656093597
338 0.11443882435560226
339 0.11656644940376282
340 0.1234465092420578
341 0.10190650820732117
342 0.10110052675008774
343 0.12301331013441086
344 0.13464286923408508
345 0.1030266135931015
346 0.13478916883468628
347 0.09278462827205658
348 0.11141619086265564
349 0.12253470718860626
350 0.10662104934453964
351 0.11557988822460175
352 0.11587710678577423
353 0.10541469603776932
354 0.11464063078165054
355 0.12047284841537476
356 0.13484865427017212
357 0.08958099782466888
358 0.10565570741891861
359 0.09456384927034378
360 0.14555519819259644
361 0.0984656885266304
362 0.09904567152261734
363 0.1093033105134964
364 0.1066652461886406
365 0.0726298987865448
366 0.12955185770988464
367 0.11517152935266495
368 0.08615069836378098
369 0.12363090366125107
370 0.08776573091745377
371 0.11546590179204941
372 0.12316805124282837
373 0.13187889754772186
374 0.11456481367349625
375 0.11097196489572525
376 0.09613410383462906
377 0.11126372963190079
378 0.09380289167165756
379 0.11527488380670547
380 0.11062459647655487
381 0.11350342631340027
382 0.11748561263084412
383 0.1271524280309677
384 0.11486025154590607
385 0.08714216947555542
386 0.10433261841535568
387 0.09238830953836441
388 0.12248478084802628
389 0.11210832744836807
390 0.09175332635641098
391 0.13695421814918518
392 0.10924055427312851
393 0.11092587560415268
394 0.09104859828948975
395 0.1334611028432846
396 0.08925823122262955
397 0.13017071783542633
398 0.07894762605428696
399 0.10889770835638046
400 0.10603906959295273
401 0.10982947796583176
402 0.08995842188596725
403 0.1325232833623886
404 0.12258539348840714
405 0.14351563155651093
406 0.11395356804132462
407 0.07999791949987411
408 0.09586060047149658
409 0.16378411650657654
410 0.10757124423980713
411 0.09354912489652634
412 0.11009922623634338
413 0.1045135110616684
414 0.08394333720207214
415 0.09217172116041183
416 0.1245541200041771
417 0.09498637914657593
418 0.11364411562681198
419 0.1267589032649994
420 0.09719254821538925
421 0.0917268618941307
422 0.10423771291971207
423 0.11424597352743149
424 0.11365532130002975
425 0.09943646937608719
426 0.09198007732629776
427 0.08414844423532486
428 0.11162937432527542
429 0.09801080822944641
430 0.1135399118065834
431 0.11700231581926346
432 0.10952802747488022
433 0.09825529158115387
434 0.13256880640983582
435 0.1046614721417427
436 0.11406733095645905
437 0.09822666645050049
438 0.09989108890295029
439 0.11880586296319962
440 0.08534708619117737
441 0.11891498416662216
442 0.08989965170621872
443 0.10774800926446915
444 0.12754936516284943
445 0.109976626932621
446 0.1331530213356018
447 0.08473146706819534
448 0.11180059611797333
449 0.15711310505867004
450 0.11708005517721176
451 0.14158707857131958
452 0.12314030528068542
453 0.08797579258680344
454 0.09788765758275986
455 0.13341782987117767
456 0.10159944742918015
457 0.1012648269534111
458 0.10421501100063324
459 0.09113787859678268
460 0.10362739115953445
461 0.09613397717475891
462 0.0750623494386673
463 0.0834788829088211
464 0.09402945637702942
465 0.11564788967370987
466 0.08598434925079346
467 0.09937843680381775
468 0.09734483808279037
469 0.10620991885662079
470 0.13975675404071808
471 0.10044053941965103
472 0.12152674049139023
473 0.10291638970375061
474 0.13493897020816803
475 0.08445877581834793
476 0.11740479618310928
477 0.1046527698636055
478 0.0835190862417221
479 0.13170218467712402
480 0.09976396709680557
481 0.1175035685300827
482 0.10312362015247345
483 0.10358632355928421
484 0.10026140511035919
485 0.10766460746526718
486 0.08721550554037094
487 0.14485536515712738
488 0.1169448122382164
489 0.09847833961248398
490 0.07296762615442276
491 0.12328896671533585
492 0.08936762064695358
493 0.08864334970712662
494 0.1421014964580536
495 0.08644741028547287
496 0.1034310907125473
497 0.11594360321760178
498 0.07611887902021408
499 0.09463177621364594
500 0.09263022243976593
501 0.13145962357521057
502 0.09129869192838669
503 0.1157778725028038
504 0.08585412800312042
505 0.07874390482902527
506 0.11012358963489532
507 0.10178244113922119
508 0.10711781680583954
509 0.11704511940479279
510 0.10581764578819275
511 0.14068086445331573
512 0.08114172518253326
513 0.09248543530702591
514 0.12782490253448486
515 0.10470118373632431
516 0.12274175137281418
517 0.16188748180866241
518 0.12966521084308624
519 0.11251086741685867
520 0.11067464202642441
521 0.09102384001016617
522 0.08014438301324844
523 0.08891238272190094
524 0.12205973267555237
525 0.1047409251332283
526 0.11148074269294739
527 0.09813570976257324
528 0.11515775322914124
529 0.09126699715852737
530 0.1125890463590622
531 0.08656323701143265
532 0.14310605823993683
533 0.11051654815673828
534 0.14567244052886963
535 0.0921974629163742
536 0.10884156078100204
537 0.12784525752067566
538 0.1056775376200676
539 0.0829693078994751
540 0.10693014413118362
541 0.11798978596925735
542 0.09722846746444702
543 0.09199659526348114
544 0.09687129408121109
545 0.12239831686019897
546 0.09061679244041443
547 0.1000463217496872
548 0.12263190746307373
549 0.11469344794750214
550 0.1071367859840393
551 0.12347746640443802
552 0.13874013721942902
553 0.10130732506513596
554 0.12983578443527222
555 0.08138639479875565
556 0.10813894122838974
557 0.12079066783189774
558 0.09590678662061691
559 0.0962381437420845
560 0.11479717493057251
561 0.09036023914813995
562 0.11106745153665543
563 0.09878166764974594
564 0.10545847564935684
565 0.1197296604514122
566 0.11328988522291183
567 0.10096359997987747
568 0.08555897325277328
569 0.0915585458278656
570 0.08416315913200378
571 0.12172585725784302
572 0.10021752864122391
573 0.11298014968633652
574 0.09474166482686996
575 0.07900834083557129
576 0.09862937778234482
577 0.11783445626497269
578 0.1349141150712967
579 0.12246217578649521
580 0.10390710085630417
581 0.09086955338716507
582 0.0855105072259903
583 0.12857823073863983
584 0.08920018374919891
585 0.09694492816925049
586 0.1484736204147339
587 0.07397715747356415
588 0.13136321306228638
589 0.10280954837799072
590 0.10364872962236404
591 0.0767299011349678
592 0.10458308458328247
593 0.09671664237976074
594 0.09924005717039108
595 0.09689194709062576
596 0.09157776087522507
597 0.09340817481279373
598 0.1072104200720787
599 0.11068177968263626
600 0.11454909294843674
601 0.0979539230465889
602 0.09082923084497452
603 0.1180737093091011
604 0.12350887805223465
605 0.09588664025068283
606 0.08750591427087784
607 0.09766048192977905
608 0.17689752578735352
609 0.09446744620800018
610 0.09041696041822433
611 0.10242052376270294
612 0.11014079302549362
613 0.11148744821548462
614 0.08973195403814316
615 0.09773799777030945
616 0.08809930086135864
617 0.15090256929397583
618 0.08336019515991211
619 0.09466993063688278
620 0.09525991231203079
621 0.09723693877458572
622 0.09860284626483917
623 0.11280546337366104
624 0.1502792239189148
625 0.10244125872850418
626 0.09915094077587128
627 0.10320048779249191
628 0.09967275708913803
629 0.09969346225261688
630 0.07932007312774658
631 0.10091333091259003
632 0.10604987293481827
633 0.07959567755460739
634 0.09427453577518463
635 0.11969533562660217
636 0.10768752545118332
637 0.08857361227273941
638 0.10961727797985077
639 0.07870423048734665
640 0.10423287004232407
641 0.08193939179182053
642 0.13024839758872986
643 0.1098325327038765
644 0.08575056493282318
645 0.10407952964305878
646 0.13264115154743195
647 0.07726176828145981
648 0.0973760113120079
649 0.09817983955144882
650 0.11483833938837051
651 0.09091693162918091
652 0.1276012808084488
653 0.10740131884813309
654 0.11660601198673248
655 0.09116234630346298
656 0.07949183881282806
657 0.08811017870903015
658 0.09078888595104218
659 0.07630009204149246
660 0.07958542555570602
661 0.10419554263353348
662 0.08821927011013031
663 0.09535327553749084
664 0.08955027908086777
665 0.07378023117780685
666 0.08978614211082458
667 0.09060369431972504
668 0.09288021922111511
669 0.0940793976187706
670 0.09543351829051971
671 0.13073813915252686
672 0.10835545510053635
673 0.08188360929489136
674 0.12720359861850739
675 0.08940703421831131
676 0.10763276368379593
677 0.06377697736024857
678 0.08728273212909698
679 0.08387162536382675
680 0.09546615183353424
681 0.09531544893980026
682 0.09252291917800903
683 0.10408976674079895
684 0.07057167589664459
685 0.08869058638811111
686 0.0873689353466034
687 0.08300206065177917
688 0.0926513820886612
689 0.0943601056933403
690 0.11844634264707565
691 0.05985475331544876
692 0.07883227616548538
693 0.10570697486400604
694 0.07956890016794205
695 0.09879880398511887
696 0.1010969802737236
697 0.09659210592508316
698 0.11778201162815094
699 0.10203807055950165
700 0.09255676716566086
701 0.09659043699502945
702 0.1219070553779602
703 0.08463313430547714
704 0.084563247859478
705 0.06940554082393646
706 0.08906008303165436
707 0.1115490272641182
708 0.11588134616613388
709 0.09428545832633972
710 0.07725515216588974
711 0.11175185441970825
712 0.0865243449807167
713 0.08135491609573364
714 0.09260964393615723
715 0.0856378823518753
716 0.11451752483844757
717 0.07298757880926132
718 0.11031417548656464
719 0.11048229038715363
720 0.09476817399263382
721 0.0711214542388916
722 0.08848707377910614
723 0.09945272654294968
724 0.08827030658721924
725 0.11390583962202072
726 0.08966261893510818
727 0.10400969535112381
728 0.09298836439847946
729 0.0808001309633255
730 0.06843140721321106
731 0.09110071510076523
732 0.16013380885124207
733 0.09857777506113052
734 0.08710119873285294
735 0.11615441739559174
736 0.1079770028591156
737 0.11009131371974945
738 0.08694082498550415
739 0.11940567940473557
740 0.09875846654176712
741 0.11325208097696304
742 0.0887131541967392
743 0.10038138926029205
744 0.07297263294458389
745 0.10857934504747391
746 0.07622171193361282
747 0.10301625728607178
748 0.10345914214849472
749 0.08508988469839096
750 0.07977516949176788
751 0.07254461944103241
752 0.11627011746168137
753 0.0694173201918602
754 0.09041301906108856
755 0.07063723355531693
756 0.13635964691638947
757 0.08777448534965515
758 0.08918497711420059
759 0.11110056936740875
760 0.09009082615375519
761 0.09429161250591278
762 0.06934529542922974
763 0.15707209706306458
764 0.092549167573452
765 0.09124261885881424
766 0.1776643693447113
767 0.09197553992271423
768 0.07989944517612457
769 0.07563389092683792
770 0.09233409911394119
771 0.08675564080476761
772 0.1098640039563179
773 0.104493647813797
774 0.07498057931661606
775 0.08243012428283691
776 0.1110866516828537
777 0.09141098707914352
778 0.10705076158046722
779 0.10999707877635956
780 0.08674348145723343
781 0.09066304564476013
782 0.08730967342853546
783 0.09473763406276703
784 0.11499068886041641
785 0.11644882708787918
786 0.08252248167991638
787 0.08602970838546753
788 0.14100810885429382
789 0.09315325319766998
790 0.1350627839565277
791 0.13773907721042633
792 0.14972001314163208
793 0.08345209062099457
794 0.09214232116937637
795 0.13668622076511383
796 0.10799837112426758
797 0.08556642383337021
798 0.11258655041456223
799 0.10962195694446564
800 0.10182984918355942
