1 9.678295135498047
2 4.908153057098389
3 4.498064041137695
4 5.562775135040283
5 4.939579010009766
6 4.6693267822265625
7 5.555545330047607
8 5.219178676605225
9 4.282658576965332
10 6.559472560882568
11 5.608230113983154
12 4.7660231590271
13 5.588387966156006
14 5.973340034484863
15 4.838311195373535
16 4.621003150939941
17 4.684864521026611
18 5.862383842468262
19 4.953360557556152
20 5.828847408294678
21 6.079143524169922
22 5.13686990737915
23 6.284440994262695
24 5.051558017730713
25 5.199202060699463
26 5.9370317459106445
27 6.170499324798584
28 5.637983798980713
29 7.133609771728516
30 5.976820468902588
31 5.240799903869629
32 5.448365688323975
33 6.274594306945801
34 6.022917747497559
35 6.032073974609375
36 5.2798309326171875
37 4.746634483337402
38 5.807352066040039
39 4.751153469085693
40 5.123597621917725
41 5.7742109298706055
42 6.330231189727783
43 5.841419696807861
44 6.169170379638672
45 5.4699320793151855
46 5.808423042297363
47 6.042497634887695
48 5.463509559631348
49 6.148359298706055
50 5.627281188964844
51 6.206344127655029
52 5.827084541320801
53 5.617178440093994
54 5.13360595703125
55 5.557907581329346
56 4.622310161590576
57 5.29498815536499
58 4.955920696258545
59 6.621468544006348
60 5.852806091308594
61 5.170792102813721
62 6.470054626464844
63 5.2162981033325195
64 5.3382463455200195
65 5.813302040100098
66 4.687775611877441
67 4.836285591125488
68 7.018657207489014
69 6.905552864074707
70 4.820639610290527
71 5.50191068649292
72 5.639089107513428
73 6.280731678009033
74 5.77933406829834
75 6.072372913360596
76 5.374751091003418
77 5.0621795654296875
78 5.515863418579102
79 6.1553497314453125
80 4.59885835647583
81 5.7458815574646
82 6.043722152709961
83 6.248146057128906
84 6.002895355224609
85 5.230583190917969
86 5.89540433883667
87 5.1322922706604
88 6.382436752319336
89 5.176422119140625
90 5.6270365715026855
91 7.21069860458374
92 6.688715934753418
93 6.629635810852051
94 6.838165760040283
95 6.231682777404785
96 6.24823522567749
97 6.058960914611816
98 6.213820934295654
99 5.4986348152160645
100 5.770499229431152
101 5.389297008514404
102 5.023918628692627
103 5.204196929931641
104 6.077178478240967
105 4.7176971435546875
106 5.658968925476074
107 5.930421829223633
108 5.9360175132751465
109 5.7293925285339355
110 5.8679094314575195
111 4.360793113708496
112 5.84730339050293
113 4.828949928283691
114 5.0019378662109375
115 5.520679473876953
116 6.689021110534668
117 4.788417339324951
118 5.205711841583252
119 5.560555934906006
120 4.831118583679199
121 5.667478561401367
122 5.460452556610107
123 5.129273414611816
124 5.555357933044434
125 6.779950141906738
126 5.363872528076172
127 4.6127190589904785
128 6.385318279266357
129 4.557207107543945
130 5.189219951629639
131 5.935691833496094
132 5.442296981811523
133 4.551459312438965
134 6.0511369705200195
135 5.343939304351807
136 5.028407096862793
137 5.804253578186035
138 5.641611576080322
139 5.131844520568848
140 5.366946697235107
141 5.283980369567871
142 5.656502723693848
143 6.349494934082031
144 5.346701145172119
145 5.882897853851318
146 5.441191673278809
147 4.351006031036377
148 5.420774459838867
149 5.774004936218262
150 4.814944744110107
151 7.281676292419434
152 4.7454633712768555
153 5.117375373840332
154 6.943574905395508
155 5.510982513427734
156 6.001531600952148
157 5.716540813446045
158 5.15804386138916
159 5.375298500061035
160 5.272568225860596
161 4.651138782501221
162 5.344799518585205
163 5.5915985107421875
164 5.197620868682861
165 5.1687541007995605
166 4.928310394287109
167 6.308067321777344
168 4.854129314422607
169 4.841399192810059
170 6.243734359741211
171 4.704657554626465
172 5.099576473236084
173 6.129252910614014
174 5.035346984863281
175 5.1947712898254395
176 6.101196765899658
177 5.729971885681152
178 5.775351047515869
179 5.440929889678955
180 5.365145683288574
181 4.563265323638916
182 5.596083164215088
183 5.473405361175537
184 7.249802112579346
185 4.6391401290893555
186 4.988674163818359
187 5.4775309562683105
188 5.957655906677246
189 4.749126434326172
190 4.90338659286499
191 6.001187324523926
192 5.4149489402771
193 5.932382106781006
194 5.796806812286377
195 4.877453804016113
196 5.142515659332275
197 4.421152114868164
198 6.071545600891113
199 5.2236785888671875
200 6.895631790161133
201 6.211658954620361
202 7.425136089324951
203 6.2508721351623535
204 5.63134765625
205 5.723849773406982
206 5.404556751251221
207 5.248462677001953
208 6.701137065887451
209 6.633787631988525
210 5.947978973388672
211 4.400276184082031
212 5.448141574859619
213 6.551880359649658
214 6.200094223022461
215 5.148838996887207
216 5.992382526397705
217 5.424127578735352
218 5.121038436889648
219 6.563796043395996
220 5.866343021392822
221 6.24008321762085
222 5.505198955535889
223 5.065268039703369
224 4.446830749511719
225 5.425729274749756
226 5.985994338989258
227 6.5739593505859375
228 6.123117923736572
229 4.586880683898926
230 5.554721355438232
231 5.046826362609863
232 5.889820575714111
233 5.678131103515625
234 4.800995349884033
235 5.224050521850586
236 5.733519077301025
237 4.856182098388672
238 5.797054290771484
239 5.38589334487915
240 4.743556022644043
241 5.273630619049072
242 5.856709957122803
243 6.499346733093262
244 5.172877311706543
245 5.230047702789307
246 4.66843843460083
247 6.151418685913086
248 5.286952972412109
249 6.552460193634033
250 6.269987106323242
251 5.9253621101379395
252 5.366237163543701
253 5.891222953796387
254 6.4298787117004395
255 4.850877285003662
256 5.417788982391357
257 5.6788177490234375
258 5.289760112762451
259 5.2001848220825195
260 5.851546287536621
261 5.661712646484375
262 6.134441375732422
263 4.582962512969971
264 5.525630474090576
265 6.9383039474487305
266 6.069084644317627
267 5.483440399169922
268 6.2785115242004395
269 4.644546985626221
270 5.61615514755249
271 5.675623893737793
272 5.6765360832214355
273 5.7442240715026855
274 5.851274490356445
275 5.15737247467041
276 4.53462553024292
277 5.248906135559082
278 5.227024078369141
279 5.178011894226074
280 6.171161651611328
281 5.586401462554932
282 6.9558024406433105
283 6.713407039642334
284 6.100764751434326
285 4.612527370452881
286 5.913135051727295
287 4.9913129806518555
288 6.386307716369629
289 4.9164838790893555
290 5.217419147491455
291 6.275086402893066
292 4.706860542297363
293 5.0503129959106445
294 6.032745838165283
295 5.088465213775635
296 5.617686748504639
297 5.438233375549316
298 7.519613742828369
299 6.489857196807861
300 5.903689861297607
301 4.814364433288574
302 6.129068374633789
303 4.566059112548828
304 5.443819046020508
305 6.7122392654418945
306 5.208298206329346
307 6.082240581512451
308 5.309281349182129
309 5.880140781402588
310 6.322236061096191
311 5.0567827224731445
312 5.602612018585205
313 5.840490341186523
314 5.672333240509033
315 5.113954067230225
316 5.391381740570068
317 5.422506332397461
318 5.304137229919434
319 5.114660739898682
320 5.0760111808776855
321 5.708773612976074
322 4.254585266113281
323 5.7989606857299805
324 4.2580108642578125
325 6.387829303741455
326 6.9367146492004395
327 5.423853397369385
328 6.3062357902526855
329 6.2744364738464355
330 6.445943832397461
331 4.919376373291016
332 4.741250038146973
333 5.299825668334961
334 6.341993808746338
335 6.103409290313721
336 6.275723934173584
337 5.989361763000488
338 6.766770362854004
339 5.5733418464660645
340 5.285317420959473
341 5.145410060882568
342 5.2892537117004395
343 5.121224403381348
344 5.266540050506592
345 6.261715412139893
346 5.166173458099365
347 5.139536380767822
348 5.123237609863281
349 5.104067802429199
350 6.321540355682373
351 6.4835004806518555
352 5.8575592041015625
353 5.280137538909912
354 5.0343194007873535
355 5.120455265045166
356 6.82191801071167
357 6.224618434906006
358 6.204472541809082
359 5.246650218963623
360 5.307413101196289
361 6.676675796508789
362 5.303253650665283
363 6.315884590148926
364 7.563024997711182
365 4.761473655700684
366 6.007579326629639
367 4.8739776611328125
368 5.253022193908691
369 5.858804225921631
370 6.5987067222595215
371 5.995053291320801
372 5.612912654876709
373 5.598328113555908
374 7.110586643218994
375 5.277775764465332
376 4.73992395401001
377 6.1180009841918945
378 5.2493896484375
379 5.329844951629639
380 5.724877834320068
381 4.623526096343994
382 6.33198356628418
383 7.514753818511963
384 6.0431437492370605
385 4.958341121673584
386 6.454401016235352
387 5.960970401763916
388 7.018932819366455
389 6.0850019454956055
390 5.501160144805908
391 6.497234344482422
392 4.838847637176514
393 6.246438503265381
394 6.00135612487793
395 4.959146499633789
396 4.77643346786499
397 5.980093002319336
398 4.6583251953125
399 6.5530900955200195
400 5.068540573120117
