1 1.186474084854126
2 1.1285910606384277
3 1.0721927881240845
4 1.0000367164611816
5 0.9321605563163757
6 0.8699467778205872
7 0.8121381402015686
8 0.7625471949577332
9 0.7136533856391907
10 0.6727063655853271
11 0.6370307207107544
12 0.6070039868354797
13 0.578153669834137
14 0.552764892578125
15 0.5313006043434143
16 0.507692277431488
17 0.48825860023498535
18 0.4701109528541565
19 0.44945138692855835
20 0.4355439841747284
21 0.4200645089149475
22 0.4040510356426239
23 0.389032781124115
24 0.3748760223388672
25 0.36100491881370544
26 0.3468893766403198
27 0.3348013758659363
28 0.3238115608692169
29 0.3128199875354767
30 0.3050004839897156
31 0.29503706097602844
32 0.2843012511730194
33 0.27811548113822937
34 0.2706807553768158
35 0.2631179094314575
36 0.2557365596294403
37 0.25213533639907837
38 0.24685555696487427
39 0.24080787599086761
40 0.23297011852264404
41 0.23014074563980103
42 0.22421103715896606
43 0.22213643789291382
44 0.2152303159236908
45 0.21210013329982758
46 0.20802144706249237
47 0.2054908722639084
48 0.20235580205917358
49 0.2001560777425766
50 0.19674402475357056
51 0.19318687915802002
52 0.19035403430461884
53 0.18883153796195984
54 0.18336257338523865
55 0.18287712335586548
56 0.17941762506961823
57 0.1792033314704895
58 0.17357151210308075
59 0.17223846912384033
60 0.17031897604465485
61 0.16830186545848846
62 0.16630126535892487
63 0.16323432326316833
64 0.16106145083904266
65 0.16228993237018585
66 0.1569911688566208
67 0.15739688277244568
68 0.15550576150417328
69 0.15262478590011597
70 0.1531933844089508
71 0.15150928497314453
72 0.1512434184551239
73 0.14610888063907623
74 0.14707466959953308
75 0.14559897780418396
76 0.1430073231458664
77 0.14449124038219452
78 0.14055603742599487
79 0.14070454239845276
80 0.14023278653621674
81 0.1383475512266159
82 0.13844537734985352
83 0.13801483809947968
84 0.13658598065376282
85 0.13594569265842438
86 0.13435901701450348
87 0.13206806778907776
88 0.1312883496284485
89 0.13025593757629395
90 0.13039232790470123
91 0.12872646749019623
92 0.12777213752269745
93 0.12836243212223053
94 0.12738047540187836
95 0.12777063250541687
96 0.12595093250274658
97 0.12576451897621155
98 0.12458592653274536
99 0.12247598171234131
100 0.1235833466053009
101 0.12284056842327118
102 0.12253350019454956
103 0.12093968689441681
104 0.11880126595497131
105 0.1203063502907753
106 0.12094289064407349
107 0.11801990866661072
108 0.11604908853769302
109 0.11560589075088501
110 0.11566688120365143
111 0.11610229313373566
112 0.11484835296869278
113 0.11538013070821762
114 0.11257625371217728
115 0.11246975511312485
116 0.11131661385297775
117 0.11443109810352325
118 0.11204806715250015
119 0.11349820345640182
120 0.11026538163423538
121 0.10990062355995178
122 0.11126425117254257
123 0.10767921805381775
124 0.11130636930465698
125 0.10846833139657974
126 0.10742217302322388
127 0.10959460586309433
128 0.10739607363939285
129 0.10656396299600601
130 0.10625705868005753
131 0.10735559463500977
132 0.10453297942876816
133 0.10342319309711456
134 0.10560240596532822
135 0.10435407608747482
136 0.10249011963605881
137 0.10361696779727936
138 0.10419966280460358
139 0.10405419021844864
140 0.10240208357572556
141 0.10135550051927567
142 0.10246028751134872
143 0.10066093504428864
144 0.10030698031187057
145 0.09819111973047256
146 0.10062814503908157
147 0.09935243427753448
148 0.0981476902961731
149 0.09794566035270691
150 0.0997241958975792
151 0.09637179225683212
152 0.10011791437864304
153 0.0983523353934288
154 0.09759844839572906
155 0.09520737826824188
156 0.09639354795217514
157 0.09789693355560303
158 0.09739115089178085
159 0.0943334698677063
160 0.09641213715076447
161 0.09604457765817642
162 0.09295258671045303
163 0.09507455676794052
164 0.09437479823827744
165 0.09348137676715851
166 0.09515133500099182
167 0.09343265742063522
168 0.09174824506044388
169 0.09202174842357635
170 0.09346044063568115
171 0.09377320110797882
172 0.09133260697126389
173 0.09284040331840515
174 0.09083821624517441
175 0.09168931096792221
176 0.09140285849571228
177 0.09040481597185135
178 0.09051604568958282
179 0.08898049592971802
180 0.08950484544038773
181 0.09014438837766647
182 0.08903469890356064
183 0.08977911621332169
184 0.08843226730823517
185 0.08821896463632584
186 0.0904107391834259
187 0.08904033154249191
188 0.08840882778167725
189 0.08791682124137878
190 0.08990626037120819
191 0.0866445004940033
192 0.08580027520656586
193 0.08833208680152893
194 0.08464449644088745
195 0.08501170575618744
196 0.08786430954933167
197 0.08661893010139465
198 0.08850965648889542
199 0.08567594736814499
200 0.0842074453830719
