1 8.485182762145996
2 5.268526077270508
3 7.045077800750732
4 5.68058967590332
5 5.278162479400635
6 4.123666286468506
7 4.630091667175293
8 3.5228357315063477
9 3.942288637161255
10 4.596611499786377
11 3.522665500640869
12 4.102584362030029
13 3.9519882202148438
14 3.8025357723236084
15 4.67487907409668
16 4.677969932556152
17 3.7600414752960205
18 4.923307418823242
19 4.57871675491333
20 3.732736349105835
21 4.178848743438721
22 5.214091777801514
23 4.443841457366943
24 3.7226767539978027
25 5.364603519439697
26 3.938054084777832
27 4.018773555755615
28 3.67425274848938
29 4.105045318603516
30 5.031802177429199
31 4.1477885246276855
32 4.710154056549072
33 3.94173526763916
34 3.973538637161255
35 4.143345832824707
36 4.335333824157715
37 4.349795341491699
38 4.633038520812988
39 4.4463701248168945
40 3.633199453353882
41 4.304470539093018
42 4.450196743011475
43 4.292088031768799
44 4.474177837371826
45 3.888946294784546
46 4.565113544464111
47 3.5991950035095215
48 5.332286357879639
49 3.7529258728027344
50 3.793782949447632
51 4.634395599365234
52 5.3741044998168945
53 3.612828016281128
54 3.7007575035095215
55 4.469710350036621
56 5.95400333404541
57 4.007513046264648
58 4.158668041229248
59 4.0482330322265625
60 4.141221523284912
61 4.923519611358643
62 3.4423019886016846
63 3.379530668258667
64 4.453545093536377
65 3.9472336769104004
66 4.2609758377075195
67 5.573221206665039
68 3.820662021636963
69 4.121819019317627
70 4.428721904754639
71 3.28454852104187
72 3.5494954586029053
73 4.683104038238525
74 5.257110595703125
75 4.798024654388428
76 3.6896560192108154
77 3.9835574626922607
78 4.806684970855713
79 4.324701309204102
80 4.074090480804443
81 4.115784645080566
82 3.7058091163635254
83 3.9289586544036865
84 3.8726298809051514
85 3.5654590129852295
86 4.835239410400391
87 5.1458868980407715
88 4.492288589477539
89 4.6881279945373535
90 4.897120952606201
91 3.3527817726135254
92 3.332397222518921
93 3.9128596782684326
94 4.4269185066223145
95 3.8188185691833496
96 3.953078508377075
97 3.6135177612304688
98 4.612242221832275
99 5.255728721618652
100 4.186047077178955
101 3.9510695934295654
102 6.031862258911133
103 4.849623203277588
104 4.641556262969971
105 3.9254074096679688
106 4.54033088684082
107 3.5894315242767334
108 4.368890762329102
109 4.2737932205200195
110 3.582111358642578
111 4.62169885635376
112 4.231847286224365
113 3.444993257522583
114 4.797130107879639
115 4.483440399169922
116 3.9124042987823486
117 3.952731132507324
118 4.536347389221191
119 4.626578330993652
120 3.7316319942474365
121 3.7290782928466797
122 5.057343006134033
123 3.99410343170166
124 4.492549896240234
125 4.286496639251709
126 3.8029625415802
127 3.446850061416626
128 4.313983917236328
129 4.108131408691406
130 3.7815163135528564
131 4.172706127166748
132 3.9239730834960938
133 4.564777851104736
134 4.328865051269531
135 4.13109827041626
136 4.045479774475098
137 4.413147449493408
138 4.360790729522705
139 3.9084811210632324
140 4.572740077972412
141 4.945744037628174
142 4.0463480949401855
143 3.756455183029175
144 4.687683582305908
145 4.386971473693848
146 4.4158124923706055
147 3.8409016132354736
148 4.897449016571045
149 3.874072551727295
150 3.6876535415649414
151 3.9231925010681152
152 3.504570245742798
153 4.276895523071289
154 4.3730340003967285
155 4.870907306671143
156 4.1083502769470215
157 4.086360931396484
158 4.1538166999816895
159 4.37496280670166
160 4.13653039932251
161 3.9660680294036865
162 3.901014566421509
163 4.140178680419922
164 3.5327208042144775
165 3.448291778564453
166 4.8855109214782715
167 4.0398430824279785
168 4.72584342956543
169 4.583765983581543
170 4.569161891937256
171 3.7952377796173096
172 4.079559326171875
173 4.539184093475342
174 3.8457133769989014
175 3.3246405124664307
176 3.813410520553589
177 4.353087425231934
178 4.140615940093994
179 5.000659942626953
180 4.4989471435546875
181 4.020456790924072
182 5.287002086639404
183 5.117290496826172
184 3.9309048652648926
185 4.012540817260742
186 3.5915939807891846
187 4.359421253204346
188 3.364727020263672
189 4.135346412658691
190 3.8660740852355957
191 3.9023096561431885
192 3.8743815422058105
193 3.5304641723632812
194 4.509181022644043
195 3.2791404724121094
196 3.2917160987854004
197 4.495622158050537
198 4.074664115905762
199 4.47778844833374
200 4.631595134735107
201 4.866400241851807
202 3.6279420852661133
203 3.8538424968719482
204 5.011451244354248
205 4.256382465362549
206 3.652217149734497
207 4.24834680557251
208 4.027317047119141
209 3.983623504638672
210 4.545863628387451
211 4.335076332092285
212 3.9595887660980225
213 5.007203578948975
214 4.913940906524658
215 4.793310165405273
216 3.5204789638519287
217 4.123570919036865
218 4.049929618835449
219 5.0711750984191895
220 3.7808868885040283
221 4.083943843841553
222 4.109800815582275
223 4.105208396911621
224 4.197473526000977
225 3.9991629123687744
226 3.7747747898101807
227 4.254891872406006
228 4.445827484130859
229 4.8923540115356445
230 4.514899730682373
231 4.228321075439453
232 3.6556029319763184
233 4.217564582824707
234 4.499749660491943
235 3.940298080444336
236 4.370102882385254
237 3.738511800765991
238 3.734419822692871
239 4.237884044647217
240 3.6698801517486572
241 4.468719482421875
242 4.631845951080322
243 4.278659343719482
244 4.0007643699646
245 3.799485921859741
246 3.82401967048645
247 4.268080711364746
248 4.559807300567627
249 4.151109218597412
250 3.421600103378296
251 4.346404075622559
252 4.398600101470947
253 3.6679763793945312
254 3.8648242950439453
255 4.9545440673828125
256 4.261529922485352
257 4.033695697784424
258 4.714785575866699
259 5.026764869689941
260 5.473952293395996
261 3.7097456455230713
262 4.5435943603515625
263 4.367571830749512
264 3.6057348251342773
265 4.316226959228516
266 4.343231678009033
267 4.280527114868164
268 4.018374919891357
269 3.418949604034424
270 3.9706997871398926
271 4.3845086097717285
272 3.8060388565063477
273 4.731969833374023
274 4.425409317016602
275 4.000183582305908
276 4.076111793518066
277 3.978114128112793
278 5.591857433319092
279 4.242006778717041
280 3.3172807693481445
281 4.644946098327637
282 3.5631661415100098
283 4.034451007843018
284 4.154575347900391
285 4.260768413543701
286 4.147324085235596
287 4.367936134338379
288 4.484472274780273
289 4.063745498657227
290 4.223424911499023
291 4.734091758728027
292 4.093025207519531
293 3.7625298500061035
294 4.322983264923096
295 4.39469575881958
296 3.803781270980835
297 5.04676628112793
298 4.0081787109375
299 4.381827354431152
300 4.684878826141357
301 5.181351661682129
302 4.078789234161377
303 4.272823810577393
304 4.9871954917907715
305 4.673633098602295
306 4.618752479553223
307 4.293754577636719
308 4.194489002227783
309 4.145026683807373
310 4.195066452026367
311 4.278029441833496
312 3.8797898292541504
313 4.874930381774902
314 4.593728065490723
315 4.395981311798096
316 4.284882545471191
317 3.3974783420562744
318 3.6308085918426514
319 3.892000198364258
320 4.266820907592773
321 4.238223552703857
322 3.6703693866729736
323 3.5369653701782227
324 4.7166266441345215
325 4.111090183258057
326 4.4182233810424805
327 4.073152542114258
328 4.382741928100586
329 4.630570411682129
330 4.0747809410095215
331 3.322768211364746
332 4.0293049812316895
333 3.6347482204437256
334 3.518369436264038
335 4.531532287597656
336 3.9961235523223877
337 3.9570624828338623
338 4.619656562805176
339 3.9075875282287598
340 3.6491050720214844
341 4.309831142425537
342 3.7572953701019287
343 4.181337356567383
344 5.300526142120361
345 3.9550909996032715
346 4.386445045471191
347 3.749199867248535
348 3.6707284450531006
349 3.7363779544830322
350 4.127095699310303
351 4.326093673706055
352 3.8418920040130615
353 3.7979164123535156
354 4.231627941131592
355 3.9553279876708984
356 4.315618991851807
357 3.9993414878845215
358 3.838834285736084
359 4.4500250816345215
360 5.2551350593566895
361 4.628821849822998
362 4.434447288513184
363 4.254511833190918
364 3.8010685443878174
365 3.447791337966919
366 3.9668984413146973
367 4.604223251342773
368 4.036937713623047
369 3.9134082794189453
370 4.09031867980957
371 3.6953155994415283
372 4.2494587898254395
373 3.963099956512451
374 4.942831039428711
375 4.064826965332031
376 4.749436378479004
377 4.5386762619018555
378 3.847637891769409
379 3.9679291248321533
380 4.56861686706543
381 4.350435733795166
382 3.5523273944854736
383 4.293585777282715
384 4.63226318359375
385 4.407050132751465
386 4.158793926239014
387 3.850529670715332
388 4.576566219329834
389 3.482499122619629
390 4.817910194396973
391 4.085099697113037
392 4.89355993270874
393 3.6216142177581787
394 4.794791221618652
395 3.793774366378784
396 4.593071937561035
397 3.7925310134887695
398 4.3872551918029785
399 3.2726221084594727
400 4.32844877243042
401 3.7116446495056152
402 3.6653945446014404
403 4.143552303314209
404 3.9623825550079346
405 4.21437406539917
406 3.9504992961883545
407 3.9455602169036865
408 3.2973101139068604
409 3.533827304840088
410 4.313227653503418
411 5.541680335998535
412 4.3763628005981445
413 3.5780696868896484
414 4.10993766784668
415 4.508180618286133
416 4.36970329284668
417 4.360024452209473
418 4.359570503234863
419 3.6674294471740723
420 3.751298427581787
421 3.663465738296509
422 3.7055654525756836
423 4.019975185394287
424 3.734071969985962
425 4.949544429779053
426 3.8365824222564697
427 4.565738201141357
428 4.323991298675537
429 3.4396567344665527
430 3.5922679901123047
431 4.581761360168457
432 4.710990905761719
433 4.744924545288086
434 5.124854564666748
435 3.380437135696411
436 4.170694828033447
437 5.098876953125
438 3.669935941696167
439 3.586310863494873
440 4.3323211669921875
441 3.688408851623535
442 4.867162227630615
443 4.156046390533447
444 4.207967281341553
445 4.620487689971924
446 3.8507823944091797
447 4.135826587677002
448 3.5105979442596436
449 3.8207719326019287
450 5.0329999923706055
451 4.022758960723877
452 3.9245731830596924
453 4.727745056152344
454 4.161263465881348
455 3.8144259452819824
456 4.223294258117676
457 3.992905378341675
458 3.48787522315979
459 4.752204895019531
460 4.183372974395752
461 3.408573865890503
462 4.6287312507629395
463 3.6463842391967773
464 4.204770565032959
465 4.374346733093262
466 4.9642510414123535
467 3.5797312259674072
468 3.8209645748138428
469 3.787116289138794
470 3.2715258598327637
471 4.421308517456055
472 4.0558552742004395
473 3.7172341346740723
474 3.9411299228668213
475 3.7768714427948
476 4.608678340911865
477 3.980138063430786
478 4.026702880859375
479 3.536400556564331
480 4.408071517944336
481 4.2260942459106445
482 3.425694227218628
483 4.049654483795166
484 3.8956997394561768
485 4.361389636993408
486 4.779590606689453
487 4.734235763549805
488 3.5303571224212646
489 4.2966508865356445
490 3.8776533603668213
491 3.686060905456543
492 3.463721513748169
493 4.238941192626953
494 3.763266086578369
495 5.702553749084473
496 4.178755283355713
497 4.349661827087402
498 3.6060805320739746
499 4.146417140960693
500 5.363293170928955
501 4.098549842834473
502 4.446108818054199
503 4.031257629394531
504 4.986843585968018
505 5.214972496032715
506 4.059601783752441
507 4.988137722015381
508 5.090574741363525
509 4.098690986633301
510 3.4292945861816406
511 4.407697677612305
512 3.84977126121521
513 4.983038902282715
514 4.290863513946533
515 3.930464029312134
516 4.31810998916626
517 4.1303887367248535
518 3.9558427333831787
519 4.278173446655273
520 3.5640316009521484
521 4.049697399139404
522 4.079037189483643
523 4.553110122680664
524 4.067364692687988
525 4.212923526763916
526 3.820176124572754
527 4.018069267272949
528 3.691246509552002
529 3.7522876262664795
530 4.901005268096924
531 4.233620643615723
532 3.7270498275756836
533 4.298129558563232
534 4.646578788757324
535 3.2763311862945557
536 4.368224620819092
537 3.942038059234619
538 4.587650775909424
539 4.112213611602783
540 3.6317741870880127
541 4.3000359535217285
542 4.562734603881836
543 4.3711700439453125
544 5.17503547668457
545 3.878505229949951
546 4.405531406402588
547 3.714500665664673
548 5.0552802085876465
549 3.952385425567627
550 3.8393301963806152
551 3.8451783657073975
552 3.3802008628845215
553 4.613964557647705
554 3.499797821044922
555 3.8528549671173096
556 4.709883213043213
557 4.172877788543701
558 3.6132845878601074
559 4.334911346435547
560 4.054160118103027
561 4.155217170715332
562 4.8320536613464355
563 3.9647743701934814
564 3.7333171367645264
565 3.8471152782440186
566 4.301355361938477
567 3.3488142490386963
568 4.122896194458008
569 4.021414279937744
570 4.134829998016357
571 3.8014752864837646
572 4.550841331481934
573 4.262625217437744
574 4.1112751960754395
575 4.536924839019775
576 4.232473850250244
577 3.977487564086914
578 4.260085105895996
579 3.8655898571014404
580 4.080012798309326
581 3.7743935585021973
582 3.8662872314453125
583 4.648518085479736
584 3.8408117294311523
585 3.6888153553009033
586 4.517735481262207
587 3.4764301776885986
588 4.440849781036377
589 4.666052341461182
590 4.0580854415893555
591 4.4778032302856445
592 3.7508440017700195
593 4.610706806182861
594 3.643575668334961
595 4.229260444641113
596 4.014205455780029
597 3.3119845390319824
598 3.884819269180298
599 3.516735076904297
600 3.7230517864227295
601 4.943350791931152
602 4.720218181610107
603 4.236932754516602
604 4.188296318054199
605 4.526264190673828
606 4.171473026275635
607 4.395490646362305
608 4.994584560394287
609 4.505188465118408
610 4.36594295501709
611 4.331123352050781
612 4.149777889251709
613 4.089514255523682
614 3.5977883338928223
615 4.218986988067627
616 3.743133783340454
617 3.41802978515625
618 4.808285713195801
619 3.9337518215179443
620 4.2563652992248535
621 4.0653252601623535
622 4.051131248474121
623 4.263889789581299
624 4.797978401184082
625 5.271772384643555
626 3.838449478149414
627 3.9273698329925537
628 3.544262170791626
629 3.726996421813965
630 3.897257089614868
631 3.8147192001342773
632 4.373140335083008
633 4.438986301422119
634 4.346926689147949
635 4.062650680541992
636 4.132266521453857
637 4.227601528167725
638 4.343836784362793
639 4.395591735839844
640 4.2380499839782715
641 3.830752372741699
642 4.2164998054504395
643 4.13860559463501
644 4.013935089111328
645 3.708430767059326
646 4.529029369354248
647 4.173979759216309
648 3.757404088973999
649 3.7486743927001953
650 5.109074115753174
651 5.0373077392578125
652 4.407403469085693
653 3.935049533843994
654 3.9094436168670654
655 4.651541709899902
656 4.796628475189209
657 4.716073513031006
658 3.6555585861206055
659 3.9308059215545654
660 4.153783321380615
661 5.06982946395874
662 4.383301258087158
663 4.286783218383789
664 5.040721893310547
665 3.962010383605957
666 4.176580429077148
667 3.7847115993499756
668 4.218016624450684
669 4.428637981414795
670 3.8979527950286865
671 3.9950156211853027
672 5.440138339996338
673 4.49544620513916
674 4.413673400878906
675 4.509119033813477
676 4.440741539001465
677 3.827261447906494
678 4.092458248138428
679 3.7522642612457275
680 3.7545413970947266
681 4.6815619468688965
682 3.9830727577209473
683 4.263008117675781
684 3.8465542793273926
685 4.472643852233887
686 4.992892265319824
687 4.0438618659973145
688 4.94581413269043
689 3.0457937717437744
690 5.321877479553223
691 4.297974586486816
692 4.073679447174072
693 3.90750789642334
694 3.8747317790985107
695 3.4273030757904053
696 3.785781145095825
697 4.007050037384033
698 3.4076614379882812
699 3.917612314224243
700 4.213413238525391
701 3.5931084156036377
702 3.3051557540893555
703 4.173892021179199
704 4.052756309509277
705 4.258920192718506
706 4.974452972412109
707 4.361948490142822
708 4.005809783935547
709 4.282519340515137
710 4.0629563331604
711 5.156501770019531
712 4.121702194213867
713 4.380956172943115
714 4.026861667633057
715 3.892631769180298
716 3.8918654918670654
717 3.7089476585388184
718 4.721490859985352
719 3.863316535949707
720 5.095560550689697
721 4.2809038162231445
722 3.5879273414611816
723 4.797091007232666
724 3.8579483032226562
725 4.200781345367432
726 4.444767951965332
727 4.260932445526123
728 4.251568794250488
729 3.601243734359741
730 3.326709270477295
731 5.222218036651611
732 3.9621024131774902
733 4.006982803344727
734 5.061335563659668
735 3.7429661750793457
736 3.4640119075775146
737 3.9113190174102783
738 3.891500473022461
739 4.5970778465271
740 4.931674957275391
741 4.037431240081787
742 4.013270854949951
743 4.173281192779541
744 4.212279319763184
745 4.938807964324951
746 4.354284286499023
747 4.222043514251709
748 3.496520757675171
749 3.886869192123413
750 4.435842990875244
751 3.6446025371551514
752 5.586151599884033
753 3.1159768104553223
754 3.1975247859954834
755 3.303539276123047
756 4.3393659591674805
757 3.60915207862854
758 4.712963581085205
759 5.202446937561035
760 4.307690143585205
761 4.69362735748291
762 4.430903911590576
763 4.7068634033203125
764 4.317160129547119
765 4.803965091705322
766 3.982638359069824
767 4.712626934051514
768 4.733539581298828
769 3.925407886505127
770 3.6537818908691406
771 3.6455142498016357
772 4.130570888519287
773 4.625698566436768
774 4.00465726852417
775 3.4061052799224854
776 4.5249342918396
777 4.139966011047363
778 3.8457584381103516
779 4.249517440795898
780 4.08888578414917
781 4.021074295043945
782 4.149200439453125
783 4.307819366455078
784 4.3942179679870605
785 4.233129501342773
786 3.0589773654937744
787 3.7073872089385986
788 4.441465377807617
789 4.862704753875732
790 4.345944404602051
791 3.7126786708831787
792 3.882688522338867
793 4.056283473968506
794 4.147305011749268
795 3.5473110675811768
796 3.6923320293426514
797 4.760737419128418
798 3.90973162651062
799 3.781259298324585
800 4.202489852905273
