1 1.065888524055481
2 0.7694091200828552
3 0.6133401989936829
4 0.5186033844947815
5 0.45659518241882324
6 0.4112646281719208
7 0.3558053970336914
8 0.3352128565311432
9 0.3049427568912506
10 0.2951081097126007
11 0.28906548023223877
12 0.277057409286499
13 0.2612294852733612
14 0.25012871623039246
15 0.24476267397403717
16 0.23739537596702576
17 0.22946040332317352
18 0.21890658140182495
19 0.2179599404335022
20 0.21284066140651703
21 0.2047567069530487
22 0.2145557552576065
23 0.20832014083862305
24 0.19909724593162537
25 0.18285557627677917
26 0.19860826432704926
27 0.18876896798610687
28 0.1798219233751297
29 0.1905289590358734
30 0.1833662986755371
31 0.17882563173770905
32 0.17156346142292023
33 0.17342694103717804
34 0.16550461947917938
35 0.17242978513240814
36 0.16260980069637299
37 0.1606779396533966
38 0.16471561789512634
39 0.16313506662845612
40 0.16610115766525269
41 0.1477990448474884
42 0.17628008127212524
43 0.14479604363441467
44 0.16076572239398956
45 0.14394105970859528
46 0.15948085486888885
47 0.15668985247612
48 0.15239064395427704
49 0.15674224495887756
50 0.15008080005645752
51 0.14885453879833221
52 0.15201084315776825
53 0.15305860340595245
54 0.1472334861755371
55 0.15476937592029572
56 0.1417115330696106
57 0.14850609004497528
58 0.14251740276813507
59 0.14920832216739655
60 0.1411987841129303
61 0.14089253544807434
62 0.13540849089622498
63 0.14411619305610657
64 0.13710114359855652
65 0.13978488743305206
66 0.134712815284729
67 0.12962763011455536
68 0.13616304099559784
69 0.13759152591228485
70 0.13669130206108093
71 0.14354893565177917
72 0.13785432279109955
73 0.1298835575580597
74 0.1339806616306305
75 0.128525972366333
76 0.13932284712791443
77 0.1309422254562378
78 0.12416853755712509
79 0.12394043803215027
80 0.12683166563510895
81 0.13497808575630188
82 0.12365923821926117
83 0.1400693953037262
84 0.12139581143856049
85 0.11535446345806122
86 0.12861724197864532
87 0.12828759849071503
88 0.14064976572990417
89 0.12557116150856018
90 0.12035731971263885
91 0.12900659441947937
92 0.12873855233192444
93 0.13008077442646027
94 0.11989108473062515
95 0.11836037039756775
96 0.13888448476791382
97 0.12010562419891357
98 0.13510559499263763
99 0.11098054051399231
100 0.11456670612096786
101 0.12343616783618927
102 0.12458597868680954
103 0.1190112829208374
104 0.12250552326440811
105 0.12549610435962677
106 0.11578932404518127
107 0.1303301304578781
108 0.1269717514514923
109 0.12178833037614822
110 0.11450782418251038
111 0.11609330028295517
112 0.10502516478300095
113 0.11499424278736115
114 0.12191430479288101
115 0.12380343675613403
116 0.112330861389637
117 0.11639183014631271
118 0.12151702493429184
119 0.11352931708097458
120 0.11172981560230255
121 0.12157775461673737
122 0.12459899485111237
123 0.1168670579791069
124 0.12555555999279022
125 0.11278772354125977
126 0.11118027567863464
127 0.11014623194932938
128 0.11690215766429901
129 0.12440094351768494
130 0.12053442746400833
131 0.11773960292339325
132 0.11264601349830627
133 0.12296289205551147
134 0.09863638877868652
135 0.11149390786886215
136 0.09914388507604599
137 0.11401136964559555
138 0.10887417197227478
139 0.10440459102392197
140 0.11091525852680206
141 0.11863621324300766
142 0.10646635293960571
143 0.11155053228139877
144 0.11620001494884491
145 0.10909722000360489
146 0.12291707843542099
147 0.11026395857334137
148 0.10538840293884277
149 0.10580635070800781
150 0.1154864951968193
151 0.11309297382831573
152 0.1205255314707756
153 0.1037968248128891
154 0.10805162042379379
155 0.10837816447019577
156 0.10276462137699127
157 0.11845947057008743
158 0.12069590389728546
159 0.10564815998077393
160 0.1133822575211525
161 0.10847573727369308
162 0.10635514557361603
163 0.10508637130260468
164 0.10314638167619705
165 0.1162804588675499
166 0.11434169113636017
167 0.1071392074227333
168 0.10846371203660965
169 0.11280899494886398
170 0.10340432077646255
171 0.11271532624959946
172 0.10103666037321091
173 0.105005644261837
174 0.10263603180646896
175 0.10475536435842514
176 0.10494309663772583
177 0.11598759144544601
178 0.09222721308469772
179 0.1096537709236145
180 0.10898608714342117
181 0.10828067362308502
182 0.10431670397520065
183 0.1135687381029129
184 0.10142582654953003
185 0.10925724357366562
186 0.1037052795290947
187 0.10023009777069092
188 0.0955672562122345
189 0.11385896801948547
190 0.10501456260681152
191 0.10911786556243896
192 0.09579219669103622
193 0.12003834545612335
194 0.10126319527626038
195 0.10618090629577637
196 0.10152643918991089
197 0.0977397933602333
198 0.09555349498987198
199 0.09889822453260422
200 0.10821674019098282
201 0.10200005024671555
202 0.1047593280673027
203 0.10240787267684937
204 0.10805483162403107
205 0.1030845195055008
206 0.10495898872613907
207 0.1111389547586441
208 0.10355096310377121
209 0.10651108622550964
210 0.09301875531673431
211 0.10379049181938171
212 0.1024983823299408
213 0.10680539906024933
214 0.09783872961997986
215 0.08702556043863297
216 0.10307018458843231
217 0.099834144115448
218 0.1022072583436966
219 0.09207877516746521
220 0.09793056547641754
221 0.0983157604932785
222 0.09839672595262527
223 0.0906471461057663
224 0.09155759960412979
225 0.09498848766088486
226 0.09222124516963959
227 0.09735317528247833
228 0.10384171456098557
229 0.09375030547380447
230 0.09797194600105286
231 0.0891563817858696
232 0.10839108377695084
233 0.10087285190820694
234 0.09986062347888947
235 0.0922209769487381
236 0.09101629257202148
237 0.10189708322286606
238 0.08964598178863525
239 0.09065302461385727
240 0.10026542097330093
241 0.094907246530056
242 0.10118333995342255
243 0.1048562079668045
244 0.10008993744850159
245 0.098354771733284
246 0.09398067742586136
247 0.10610376298427582
248 0.08734472095966339
249 0.09124601632356644
250 0.09840977936983109
251 0.09799961745738983
252 0.09895817190408707
253 0.09824836254119873
254 0.0936228334903717
255 0.10118918120861053
256 0.1065811738371849
257 0.09461826831102371
258 0.09996362775564194
259 0.09862513095140457
260 0.10605088621377945
261 0.08612439036369324
262 0.1042773649096489
263 0.09090817719697952
264 0.09140182286500931
265 0.08979279547929764
266 0.08828525245189667
267 0.09438206255435944
268 0.09888388961553574
269 0.08338632434606552
270 0.08547274023294449
271 0.09841421991586685
272 0.08566536009311676
273 0.08830563724040985
274 0.09445580840110779
275 0.09586426615715027
276 0.08939164876937866
277 0.09241693466901779
278 0.09107579290866852
279 0.09120301902294159
280 0.09264957159757614
281 0.09937773644924164
282 0.09035324305295944
283 0.09470430016517639
284 0.08013925701379776
285 0.09925786405801773
286 0.08759322017431259
287 0.09632407128810883
288 0.08737634122371674
289 0.08426304906606674
290 0.09909683465957642
291 0.08305810391902924
292 0.0877472460269928
293 0.09806033223867416
294 0.0940241664648056
295 0.09354010969400406
296 0.09811630845069885
297 0.08652884513139725
298 0.09799369424581528
299 0.09485840052366257
300 0.09363134950399399
301 0.09746105968952179
302 0.09725981205701828
303 0.0948430746793747
304 0.08494532108306885
305 0.08740763366222382
306 0.08994728326797485
307 0.09609881788492203
308 0.08552244305610657
309 0.08945409953594208
310 0.09161164611577988
311 0.09903908520936966
312 0.09136270731687546
313 0.09613653272390366
314 0.09128402173519135
315 0.09160187095403671
316 0.09066750854253769
317 0.08773276954889297
318 0.08640244603157043
319 0.08992838114500046
320 0.08582495898008347
321 0.08119615912437439
322 0.08974778652191162
323 0.08539599925279617
324 0.08587576448917389
325 0.08988702297210693
326 0.08941245824098587
327 0.08225395530462265
328 0.09465420246124268
329 0.09185148030519485
330 0.08461090922355652
331 0.09355728328227997
332 0.08880019187927246
333 0.09633615612983704
334 0.09052584320306778
335 0.08665293455123901
336 0.08557787537574768
337 0.09493142366409302
338 0.08947709202766418
339 0.08779335021972656
340 0.08875595033168793
341 0.09466436505317688
342 0.0790233388543129
343 0.08983164280653
344 0.08325354754924774
345 0.100946806371212
346 0.08306887000799179
347 0.09514965116977692
348 0.08712229877710342
349 0.08972399681806564
350 0.08875603973865509
351 0.08189661055803299
352 0.08723890036344528
353 0.08784864842891693
354 0.09654179960489273
355 0.08852782100439072
356 0.08284486085176468
357 0.08471781760454178
358 0.08741053938865662
359 0.08713104575872421
360 0.07957730442285538
361 0.09267906844615936
362 0.08469457179307938
363 0.07699551433324814
364 0.09009215235710144
365 0.08201580494642258
366 0.0876520499587059
367 0.07618106156587601
368 0.09340542554855347
369 0.08288217335939407
370 0.08164743334054947
371 0.086238794028759
372 0.09711289405822754
373 0.09609355032444
374 0.08213996142148972
375 0.08681033551692963
376 0.09322818368673325
377 0.08685126900672913
378 0.08231692761182785
379 0.0904790386557579
380 0.08612652122974396
381 0.08809558302164078
382 0.08951537311077118
383 0.0789063349366188
384 0.08043984323740005
385 0.08576307445764542
386 0.0818222314119339
387 0.08721038699150085
388 0.08848600089550018
389 0.07641616463661194
390 0.09126099199056625
391 0.08137811720371246
392 0.08340271562337875
393 0.09415032714605331
394 0.07987387478351593
395 0.0807604044675827
396 0.08236852288246155
397 0.08174163848161697
398 0.08152692764997482
399 0.0914713591337204
400 0.0882551372051239
401 0.08046071231365204
402 0.09038097411394119
403 0.07781501114368439
404 0.08655605465173721
405 0.08707887679338455
406 0.0814485177397728
407 0.08705145120620728
408 0.07663507014513016
409 0.08576589077711105
410 0.08579086512327194
411 0.08111445605754852
412 0.08340560644865036
413 0.07937361299991608
414 0.08291339874267578
415 0.07342167943716049
416 0.09160049259662628
417 0.08384929597377777
418 0.07923447340726852
419 0.09123723208904266
420 0.08713308721780777
421 0.08727781474590302
422 0.08010305464267731
423 0.07961802184581757
424 0.08215075731277466
425 0.07380104064941406
426 0.08869697898626328
427 0.0905735194683075
428 0.08407796174287796
429 0.07967043668031693
430 0.08923280984163284
431 0.08443082123994827
432 0.08919424563646317
433 0.07665649801492691
434 0.0917775109410286
435 0.0805049017071724
436 0.08543913811445236
437 0.0906747579574585
438 0.07510846853256226
439 0.08832602947950363
440 0.08088966459035873
441 0.07721471786499023
442 0.0815466120839119
443 0.08449892699718475
444 0.07871775329113007
445 0.08646406978368759
446 0.08693620562553406
447 0.08388189226388931
448 0.0896274596452713
449 0.08104155212640762
450 0.08663105964660645
451 0.0823458805680275
452 0.08301179856061935
453 0.08093340694904327
454 0.08637028932571411
455 0.0762583315372467
456 0.0847158133983612
457 0.07218382507562637
458 0.07511719316244125
459 0.07579898834228516
460 0.07472288608551025
461 0.07822506874799728
462 0.07898315787315369
463 0.08856163918972015
464 0.08806826919317245
465 0.08712558448314667
466 0.08002159744501114
467 0.07779613882303238
468 0.08084073662757874
469 0.08193925768136978
470 0.07809645682573318
471 0.07673564553260803
472 0.07817201316356659
473 0.08266133815050125
474 0.0825817883014679
475 0.0803668275475502
476 0.08341387659311295
477 0.07534448057413101
478 0.08216876536607742
479 0.07863295078277588
480 0.08481904864311218
481 0.08190372586250305
482 0.08361546695232391
483 0.07843839377164841
484 0.0828225389122963
485 0.07680755853652954
486 0.07810328900814056
487 0.0818624496459961
488 0.08950458467006683
489 0.07920132577419281
490 0.08309584856033325
491 0.07666891813278198
492 0.0814705416560173
493 0.09025546163320541
494 0.0795704573392868
495 0.08244452625513077
496 0.0743151530623436
497 0.07978555560112
498 0.07521776109933853
499 0.0766783133149147
500 0.07692946493625641
501 0.08130526542663574
502 0.07697704434394836
503 0.08344464749097824
504 0.08242561668157578
505 0.07199317216873169
506 0.0774897038936615
507 0.08319047093391418
508 0.07494556158781052
509 0.08147402852773666
510 0.07837019860744476
511 0.08010231703519821
512 0.08239100128412247
513 0.08323884755373001
514 0.07196887582540512
515 0.07608748227357864
516 0.07635952532291412
517 0.08223423361778259
518 0.07447131723165512
519 0.08480457961559296
520 0.0841432511806488
521 0.07463082671165466
522 0.077459916472435
523 0.06943857669830322
524 0.08038903027772903
525 0.07991219311952591
526 0.08520243316888809
527 0.07855822145938873
528 0.08849228173494339
529 0.0765281692147255
530 0.07915305346250534
531 0.08892247825860977
532 0.07355129718780518
533 0.07072146236896515
534 0.08016794174909592
535 0.08738680928945541
536 0.07720744609832764
537 0.08512058109045029
538 0.08119127154350281
539 0.07848912477493286
540 0.08011287450790405
541 0.08331108838319778
542 0.06978502124547958
543 0.07958104461431503
544 0.08090529590845108
545 0.07922033965587616
546 0.08068109303712845
547 0.08097062259912491
548 0.06814200431108475
549 0.07792898267507553
550 0.08042072504758835
551 0.07959303259849548
552 0.07670474052429199
553 0.07669943571090698
554 0.07309245318174362
555 0.07604283839464188
556 0.08926981687545776
557 0.06662880629301071
558 0.08112987130880356
559 0.07768944650888443
560 0.0752081647515297
561 0.07686121761798859
562 0.08156342059373856
563 0.07465779036283493
564 0.07997200638055801
565 0.07029195874929428
566 0.0808645486831665
567 0.08038211613893509
568 0.07665272802114487
569 0.07589039951562881
570 0.07366817444562912
571 0.07799260318279266
572 0.06960172951221466
573 0.07077736407518387
574 0.07275320589542389
575 0.08331213891506195
576 0.0825968012213707
577 0.06880827248096466
578 0.07619250565767288
579 0.07702577114105225
580 0.0807780846953392
581 0.07904530316591263
582 0.08210014551877975
583 0.06813057512044907
584 0.07421087473630905
585 0.07765194773674011
586 0.07943157106637955
587 0.08684519678354263
588 0.07408612221479416
589 0.08144886791706085
590 0.06816261261701584
591 0.07435252517461777
592 0.08251269906759262
593 0.07518874853849411
594 0.08414306491613388
595 0.08354146033525467
596 0.07095177471637726
597 0.0712440088391304
598 0.0842973068356514
599 0.0763789638876915
600 0.06900937855243683
601 0.08043094724416733
602 0.0721607431769371
603 0.07538603246212006
604 0.08165968209505081
605 0.08096178621053696
606 0.07313700765371323
607 0.07324734330177307
608 0.0776846781373024
609 0.08135715872049332
610 0.08099479973316193
611 0.07275987416505814
612 0.07113455981016159
613 0.07949312776327133
614 0.07518815994262695
615 0.07613366097211838
616 0.08292651921510696
617 0.07747025042772293
618 0.07749749720096588
619 0.07281044870615005
620 0.08255055546760559
621 0.07997244596481323
622 0.07682879269123077
623 0.07498426735401154
624 0.06988103687763214
625 0.0729089081287384
626 0.07811765372753143
627 0.07937783002853394
628 0.06792864948511124
629 0.07205592095851898
630 0.0806705504655838
631 0.07407277822494507
632 0.07135038822889328
633 0.07372652739286423
634 0.07618043571710587
635 0.0711013451218605
636 0.07768596708774567
637 0.06977508217096329
638 0.075842946767807
639 0.08157429099082947
640 0.07324069738388062
641 0.06993310898542404
642 0.070712611079216
643 0.0713496208190918
644 0.06789537519216537
645 0.08103007078170776
646 0.06785285472869873
647 0.07923547178506851
648 0.08199655264616013
649 0.0750575140118599
650 0.0891893208026886
651 0.06848161667585373
652 0.07015494257211685
653 0.06699295341968536
654 0.07762154191732407
655 0.08087188005447388
656 0.0780000388622284
657 0.06666237860918045
658 0.07635456323623657
659 0.07976000756025314
660 0.06709973514080048
661 0.08253689110279083
662 0.08345775306224823
663 0.09222216159105301
664 0.0656759962439537
665 0.0714845284819603
666 0.06957649439573288
667 0.06734073907136917
668 0.07988444715738297
669 0.07029170542955399
670 0.0714753195643425
671 0.06857068836688995
672 0.07417681813240051
673 0.07143878936767578
674 0.07459559291601181
675 0.07616724073886871
676 0.07291579246520996
677 0.06879301369190216
678 0.07296813279390335
679 0.08248607814311981
680 0.0758463591337204
681 0.07173636555671692
682 0.07998507469892502
683 0.07813538610935211
684 0.060543350875377655
685 0.06740536540746689
686 0.07014700025320053
687 0.07328345626592636
688 0.06749406456947327
689 0.07521717995405197
690 0.06805071979761124
691 0.07417204976081848
692 0.06900137662887573
693 0.06979137659072876
694 0.07563023269176483
695 0.07377073168754578
696 0.07363133877515793
697 0.07161985337734222
698 0.07443469017744064
699 0.06670661270618439
700 0.07569140940904617
701 0.06774652004241943
702 0.07376714795827866
703 0.07077940553426743
704 0.07528981566429138
705 0.07098767161369324
706 0.06364309787750244
707 0.07147577404975891
708 0.06734365969896317
709 0.07627878338098526
710 0.0662168487906456
711 0.0752999559044838
712 0.07341006398200989
713 0.0634586364030838
714 0.07194189727306366
715 0.07002854347229004
716 0.0753488689661026
717 0.06928340345621109
718 0.07113268971443176
719 0.07503601908683777
720 0.0686085894703865
721 0.06983750313520432
722 0.07261139899492264
723 0.06599387526512146
724 0.07370125502347946
725 0.07659079879522324
726 0.0708288848400116
727 0.0702819898724556
728 0.06973833590745926
729 0.06806299090385437
730 0.06422289460897446
731 0.07322180271148682
732 0.06544742733240128
733 0.0677933543920517
734 0.07261446118354797
735 0.06804060935974121
736 0.0653286874294281
737 0.07050737738609314
738 0.06826353818178177
739 0.06735628098249435
740 0.07661082595586777
741 0.06588786095380783
742 0.0759141743183136
743 0.07325248420238495
744 0.07450886070728302
745 0.06050104647874832
746 0.06793812662363052
747 0.07002768665552139
748 0.0690922737121582
749 0.07247237116098404
750 0.06979148834943771
751 0.06690235435962677
752 0.07175186276435852
753 0.07355707138776779
754 0.07370083779096603
755 0.07012641429901123
756 0.0681021586060524
757 0.0746651291847229
758 0.07321107387542725
759 0.06813347339630127
760 0.06699204444885254
761 0.07445787638425827
762 0.06376942247152328
763 0.06870300322771072
764 0.06352812051773071
765 0.07316282391548157
766 0.06679912656545639
767 0.07447846233844757
768 0.06794647872447968
769 0.07063864171504974
770 0.07582911849021912
771 0.06930989027023315
772 0.06988176703453064
773 0.07558953762054443
774 0.068778395652771
775 0.0799063965678215
776 0.07210736721754074
777 0.06936044991016388
778 0.06641592085361481
779 0.07715410739183426
780 0.06390342861413956
781 0.0681627094745636
782 0.06565416604280472
783 0.06647532433271408
784 0.0758044496178627
785 0.07089996337890625
786 0.06993105262517929
787 0.06681185215711594
788 0.06610729545354843
789 0.07196666300296783
790 0.07143886387348175
791 0.07402662187814713
792 0.07157698273658752
793 0.07646822184324265
794 0.0669214129447937
795 0.06721128523349762
796 0.07451146095991135
797 0.07183714956045151
798 0.07033149898052216
799 0.06295287609100342
800 0.07024554908275604
