1 1.075693130493164
2 0.7297993302345276
3 0.5742874145507812
4 0.4802493453025818
5 0.41062766313552856
6 0.3664446473121643
7 0.34369638562202454
8 0.3136637508869171
9 0.30432385206222534
10 0.28911855816841125
11 0.28732383251190186
12 0.2730196416378021
13 0.26652365922927856
14 0.26526546478271484
15 0.25771334767341614
16 0.25568878650665283
17 0.24967239797115326
18 0.2392885833978653
19 0.24290572106838226
20 0.2505057454109192
21 0.24262361228466034
22 0.24353520572185516
23 0.23475266993045807
24 0.2293282300233841
25 0.23605164885520935
26 0.23234333097934723
27 0.21789827942848206
28 0.2247551530599594
29 0.21481406688690186
30 0.23065797984600067
31 0.21614626049995422
32 0.21560271084308624
33 0.21773168444633484
34 0.2228235900402069
35 0.21063269674777985
36 0.21493500471115112
37 0.2177499532699585
38 0.20882287621498108
39 0.21092170476913452
40 0.19753898680210114
41 0.20608602464199066
42 0.20914854109287262
43 0.1979372501373291
44 0.20158104598522186
45 0.1948636770248413
46 0.21534553170204163
47 0.20155398547649384
48 0.21176253259181976
49 0.19732649624347687
50 0.20759469270706177
51 0.20513524115085602
52 0.19580726325511932
53 0.2122236043214798
54 0.21205449104309082
55 0.19651128351688385
56 0.20007765293121338
57 0.20845066010951996
58 0.2017059624195099
59 0.20386363565921783
60 0.196996808052063
61 0.20446500182151794
62 0.20839755237102509
63 0.20918208360671997
64 0.19007277488708496
65 0.19833292067050934
66 0.20271778106689453
67 0.20550288259983063
68 0.19100506603717804
69 0.1967126727104187
70 0.20259881019592285
71 0.19330044090747833
72 0.19565868377685547
73 0.20378737151622772
74 0.20160949230194092
75 0.20576050877571106
76 0.18877063691616058
77 0.20491090416908264
78 0.19128865003585815
79 0.20121783018112183
80 0.2018725574016571
81 0.20473533868789673
82 0.20215392112731934
83 0.20708781480789185
84 0.2000608742237091
85 0.19792377948760986
86 0.19805926084518433
87 0.20070764422416687
88 0.20272892713546753
89 0.20160219073295593
90 0.1984957903623581
91 0.19700472056865692
92 0.20705416798591614
93 0.197337344288826
94 0.19991333782672882
95 0.1966112107038498
96 0.19762344658374786
97 0.18848788738250732
98 0.20081299543380737
99 0.203122079372406
100 0.19098353385925293
101 0.2032879739999771
102 0.18731164932250977
103 0.20331625640392303
104 0.19174633920192719
105 0.19224560260772705
106 0.20530271530151367
107 0.19922156631946564
108 0.18768052756786346
109 0.2017095983028412
110 0.19428235292434692
111 0.19646519422531128
112 0.19948998093605042
113 0.19642898440361023
114 0.19708850979804993
115 0.20474044978618622
116 0.19029855728149414
117 0.19100993871688843
118 0.19904351234436035
119 0.19262023270130157
120 0.19055989384651184
121 0.18551255762577057
122 0.20262831449508667
123 0.19265295565128326
124 0.20602425932884216
125 0.19739632308483124
126 0.1897161602973938
127 0.2055298537015915
128 0.20534323155879974
129 0.19027340412139893
130 0.19740812480449677
131 0.19378142058849335
132 0.19940078258514404
133 0.19875440001487732
134 0.19912825524806976
135 0.1985442191362381
136 0.19175931811332703
137 0.19318006932735443
138 0.20597578585147858
139 0.2023814469575882
140 0.1872587352991104
141 0.19000829756259918
142 0.1882306933403015
143 0.20466840267181396
144 0.1927885264158249
145 0.19981034100055695
146 0.2172212451696396
147 0.1855655312538147
148 0.18437574803829193
149 0.1920284628868103
150 0.19662322103977203
151 0.19957426190376282
152 0.19337734580039978
153 0.19777938723564148
154 0.20642173290252686
155 0.18924954533576965
156 0.20573538541793823
157 0.19566643238067627
158 0.1997459977865219
159 0.19714953005313873
160 0.1972285509109497
161 0.20234601199626923
162 0.2005743384361267
163 0.20560722053050995
164 0.20638197660446167
165 0.18366773426532745
166 0.19828611612319946
167 0.20181624591350555
168 0.18477486073970795
169 0.18975354731082916
170 0.19906587898731232
171 0.19322745501995087
172 0.18508487939834595
173 0.19565615057945251
174 0.19272758066654205
175 0.1970834583044052
176 0.19478681683540344
177 0.1891966611146927
178 0.1976257562637329
179 0.18362081050872803
180 0.2026658058166504
181 0.21012555062770844
182 0.20866073668003082
183 0.19735096395015717
184 0.20894891023635864
185 0.20069555938243866
186 0.2044818252325058
187 0.19431248307228088
188 0.1970958411693573
189 0.19996170699596405
190 0.19895146787166595
191 0.20127542316913605
192 0.20399022102355957
193 0.20622432231903076
194 0.2029160112142563
195 0.20936787128448486
196 0.20009364187717438
197 0.19065093994140625
198 0.20471793413162231
199 0.19839848577976227
200 0.18611109256744385
