1 1.1010555028915405
2 0.8238738775253296
3 0.6459224820137024
4 0.5513542294502258
5 0.4756481647491455
6 0.41492241621017456
7 0.363908052444458
8 0.31950828433036804
9 0.2829132378101349
10 0.25738194584846497
11 0.242519348859787
12 0.2328663319349289
13 0.20958009362220764
14 0.20743964612483978
15 0.2020983099937439
16 0.19540828466415405
17 0.17822156846523285
18 0.1803257316350937
19 0.16517609357833862
20 0.1721784770488739
21 0.15848308801651
22 0.15895691514015198
23 0.15334337949752808
24 0.1619231253862381
25 0.14909490942955017
26 0.14348278939723969
27 0.15025559067726135
28 0.1390361785888672
29 0.14467568695545197
30 0.13304860889911652
31 0.13628758490085602
32 0.14048869907855988
33 0.13905993103981018
34 0.13312144577503204
35 0.1291058510541916
36 0.12432599067687988
37 0.12452719360589981
38 0.12298350781202316
39 0.1120549887418747
40 0.11730194091796875
41 0.12459328025579453
42 0.11822544038295746
43 0.1120750904083252
44 0.1124020367860794
45 0.10853052139282227
46 0.11326892673969269
47 0.11224991083145142
48 0.11189531534910202
49 0.11514206230640411
50 0.107868991792202
51 0.11142159253358841
52 0.10814311355352402
53 0.10149043053388596
54 0.10926919430494308
55 0.11629215627908707
56 0.11551385372877121
57 0.10448276251554489
58 0.09918065369129181
59 0.09685835242271423
60 0.10647372901439667
61 0.10356064140796661
62 0.10595470666885376
63 0.09718004614114761
64 0.09801874309778214
65 0.09400610625743866
66 0.10681568086147308
67 0.11824166774749756
68 0.09557835757732391
69 0.0934770330786705
70 0.11479566991329193
71 0.11119060218334198
72 0.09504643827676773
73 0.10503559559583664
74 0.09062158316373825
75 0.09486773610115051
76 0.09538815170526505
77 0.1018795445561409
78 0.09858683496713638
79 0.09143394231796265
80 0.09983702749013901
81 0.09807588160037994
82 0.09117520600557327
83 0.09921226650476456
84 0.08306416124105453
85 0.10002988576889038
86 0.09567421674728394
87 0.09027481079101562
88 0.11344753205776215
89 0.0873010978102684
90 0.08892698585987091
91 0.08691492676734924
92 0.0950002446770668
93 0.08625441044569016
94 0.094249427318573
95 0.09841052442789078
96 0.08379792422056198
97 0.09088841825723648
98 0.08620639890432358
99 0.08956849575042725
100 0.0976041927933693
101 0.08724600821733475
102 0.08754701912403107
103 0.0852915570139885
104 0.08072594553232193
105 0.11110392212867737
106 0.0975906029343605
107 0.09812911599874496
108 0.08180985599756241
109 0.08938723802566528
110 0.07737201452255249
111 0.08620116859674454
112 0.0897536501288414
113 0.09185391664505005
114 0.0908937156200409
115 0.08181269466876984
116 0.08614222705364227
117 0.09559809416532516
118 0.08483070135116577
119 0.08357938379049301
120 0.07097713649272919
121 0.07424258440732956
122 0.08682399243116379
123 0.07774017751216888
124 0.07763384282588959
125 0.08200332522392273
126 0.07996664941310883
127 0.081209696829319
128 0.0873599722981453
129 0.08690190315246582
130 0.08328420668840408
131 0.09388823807239532
132 0.07546728104352951
133 0.08788776397705078
134 0.07610974460840225
135 0.08089576661586761
136 0.07713489979505539
137 0.08081444352865219
138 0.08292113989591599
139 0.07477299869060516
140 0.07033880800008774
141 0.0776243805885315
142 0.08560625463724136
143 0.09008017182350159
144 0.07196631282567978
145 0.08666663616895676
146 0.07491543143987656
147 0.0806848406791687
148 0.08773740381002426
149 0.07675057649612427
150 0.07751210033893585
151 0.07118344306945801
152 0.07772434502840042
153 0.07649128139019012
154 0.07375069707632065
155 0.07640339434146881
156 0.06506813317537308
157 0.07498903572559357
158 0.08736909180879593
159 0.07522408664226532
160 0.0812738686800003
161 0.07436810433864594
162 0.07827867567539215
163 0.08175255358219147
164 0.08002504706382751
165 0.07437235116958618
166 0.08701981604099274
167 0.07823993265628815
168 0.07567847520112991
169 0.07116135209798813
170 0.0729236975312233
171 0.07695827633142471
172 0.06591007113456726
173 0.07528741657733917
174 0.07414067536592484
175 0.07205211371183395
176 0.08603845536708832
177 0.07978811115026474
178 0.07617679983377457
179 0.071491539478302
180 0.06946112215518951
181 0.07490873336791992
182 0.07179637998342514
183 0.07451498508453369
184 0.07883717119693756
185 0.0677943080663681
186 0.0713769719004631
187 0.08169626444578171
188 0.07999394834041595
189 0.06641566753387451
190 0.07015414535999298
191 0.07038038969039917
192 0.08389195799827576
193 0.06312020123004913
194 0.0719146877527237
195 0.07320815324783325
196 0.08210659772157669
197 0.06917688995599747
198 0.06858772039413452
199 0.05937984213232994
200 0.07693243026733398
201 0.08142215013504028
202 0.08177094906568527
203 0.058251503854990005
204 0.08258357644081116
205 0.06686324626207352
206 0.07131844013929367
207 0.07843570411205292
208 0.0666050985455513
209 0.08327575027942657
210 0.05981813743710518
211 0.072539322078228
212 0.06601262837648392
213 0.07228755950927734
214 0.0749504566192627
215 0.0688524916768074
216 0.06682854890823364
217 0.07135951519012451
218 0.08621037006378174
219 0.07454674690961838
220 0.07117941975593567
221 0.06883890181779861
222 0.06571757048368454
223 0.07106675207614899
224 0.05928632244467735
225 0.0718865692615509
226 0.06531979888677597
227 0.07079576700925827
228 0.07132008671760559
229 0.07353859394788742
230 0.07192099839448929
231 0.07146864384412766
232 0.06211486831307411
233 0.07389818876981735
234 0.07405177503824234
235 0.058149099349975586
236 0.06778384745121002
237 0.07367775589227676
238 0.06925741583108902
239 0.0671154335141182
240 0.06873180717229843
241 0.06247039511799812
242 0.08539167046546936
243 0.0698365569114685
244 0.07317063212394714
245 0.06769230961799622
246 0.06485594063997269
247 0.07796572148799896
248 0.06016278639435768
249 0.08245690912008286
250 0.05958664417266846
251 0.08138129115104675
252 0.06557615101337433
253 0.06636045128107071
254 0.07168318331241608
255 0.06549716740846634
256 0.06390330940485
257 0.08161791414022446
258 0.062471240758895874
259 0.06672412157058716
260 0.07189842313528061
261 0.0608084574341774
262 0.06848324835300446
263 0.06292826682329178
264 0.062273815274238586
265 0.06868831813335419
266 0.06381768733263016
267 0.06463965028524399
268 0.06230619177222252
269 0.07101704180240631
270 0.06598301231861115
271 0.06565569341182709
272 0.06549128144979477
273 0.06476116925477982
274 0.07570181787014008
275 0.06464818120002747
276 0.05985872447490692
277 0.05901511386036873
278 0.08779970556497574
279 0.08042990416288376
280 0.07250405102968216
281 0.06365671008825302
282 0.07565747201442719
283 0.06445325911045074
284 0.0744219720363617
285 0.0705968514084816
286 0.05337395519018173
287 0.06619711220264435
288 0.07284852862358093
289 0.08198753744363785
290 0.05660821497440338
291 0.08173608779907227
292 0.07077787816524506
293 0.05901903659105301
294 0.06826388835906982
295 0.06700307130813599
296 0.056668318808078766
297 0.06326939165592194
298 0.0646740198135376
299 0.07628977298736572
300 0.05618751794099808
301 0.059740468859672546
302 0.06734498590230942
303 0.057931266725063324
304 0.07086098939180374
305 0.0795077309012413
306 0.05665665492415428
307 0.06082749366760254
308 0.05835045501589775
309 0.06476633250713348
310 0.061830099672079086
311 0.06401172280311584
312 0.06677655130624771
313 0.05780903249979019
314 0.06753310561180115
315 0.07798544317483902
316 0.06392499804496765
317 0.057765159755945206
318 0.07439856976270676
319 0.061238694936037064
320 0.0618276484310627
321 0.08105137199163437
322 0.06086989492177963
323 0.08817065507173538
324 0.05436662212014198
325 0.05635528266429901
326 0.06774474680423737
327 0.07024965435266495
328 0.062438931316137314
329 0.07746539264917374
330 0.08245241641998291
331 0.06321411579847336
332 0.06752382218837738
333 0.057140883058309555
334 0.07475092262029648
335 0.08411991596221924
336 0.05975542962551117
337 0.0673559233546257
338 0.056388963013887405
339 0.06519107520580292
340 0.08214812725782394
341 0.04931671917438507
342 0.06563718616962433
343 0.07101660221815109
344 0.05634380877017975
345 0.05621546506881714
346 0.07937107980251312
347 0.06891974061727524
348 0.05626664683222771
349 0.06867808103561401
350 0.05944984033703804
351 0.06211153790354729
352 0.05854371190071106
353 0.058784227818250656
354 0.049434274435043335
355 0.07721677422523499
356 0.05752285569906235
357 0.06386079639196396
358 0.06184709444642067
359 0.0592196062207222
360 0.05757893621921539
361 0.07633860409259796
362 0.05534939095377922
363 0.057376209646463394
364 0.06965944916009903
365 0.05874629691243172
366 0.05874455347657204
367 0.07156484574079514
368 0.06543823331594467
369 0.05726440250873566
370 0.06424668431282043
371 0.06591746211051941
372 0.057172976434230804
373 0.06283903121948242
374 0.058918546885252
375 0.06656914204359055
376 0.05958619713783264
377 0.0671093612909317
378 0.06030774116516113
379 0.061686888337135315
380 0.051678095012903214
381 0.05255969986319542
382 0.06773586571216583
383 0.0519915372133255
384 0.05413857102394104
385 0.051784444600343704
386 0.06166090816259384
387 0.059761472046375275
388 0.06424146890640259
389 0.06235621124505997
390 0.057074058800935745
391 0.06114998087286949
392 0.07582692056894302
393 0.05465894192457199
394 0.056376103311777115
395 0.06217033416032791
396 0.06506933271884918
397 0.05365845933556557
398 0.08109528571367264
399 0.07026094198226929
400 0.06892602145671844
