1 1.201003074645996
2 1.144775390625
3 1.0986912250518799
4 1.0427827835083008
5 0.9921868443489075
6 0.9435733556747437
7 0.9038190245628357
8 0.8682539463043213
9 0.8327305912971497
10 0.8013802766799927
11 0.7720675468444824
12 0.7455019354820251
13 0.7205587029457092
14 0.6984289884567261
15 0.6777566075325012
16 0.6578476428985596
17 0.6403768062591553
18 0.6227477788925171
19 0.6079455018043518
20 0.5919568538665771
21 0.5764839053153992
22 0.5612345337867737
23 0.548454225063324
24 0.5351170301437378
25 0.525071382522583
26 0.5150784254074097
27 0.5040210485458374
28 0.4940048158168793
29 0.48417237401008606
30 0.475655198097229
31 0.46707287430763245
32 0.45721593499183655
33 0.45034247636795044
34 0.4406169056892395
35 0.43150052428245544
36 0.4223099946975708
37 0.4126180410385132
38 0.4038577973842621
39 0.39354947209358215
40 0.383432000875473
41 0.3748077154159546
42 0.3617527484893799
43 0.35113686323165894
44 0.3402779996395111
45 0.32986146211624146
46 0.3196249306201935
47 0.30906033515930176
48 0.2999608516693115
49 0.29003140330314636
50 0.28060096502304077
51 0.2717035114765167
52 0.2648165225982666
53 0.2557050883769989
54 0.24877303838729858
55 0.2426633983850479
56 0.23688140511512756
57 0.23130647838115692
58 0.22481350600719452
59 0.2212638258934021
60 0.21647188067436218
61 0.2105725109577179
62 0.20783041417598724
63 0.20449496805667877
64 0.2008713185787201
65 0.19700737297534943
66 0.1933932900428772
67 0.18995842337608337
68 0.18750232458114624
69 0.18382035195827484
70 0.18159383535385132
71 0.17934751510620117
72 0.17681822180747986
73 0.17461861670017242
74 0.17286723852157593
75 0.17058567702770233
76 0.16843284666538239
77 0.16585318744182587
78 0.1646036058664322
79 0.162833571434021
80 0.16045741736888885
81 0.15839849412441254
82 0.15739880502223969
83 0.1565508097410202
84 0.15446987748146057
85 0.15339747071266174
86 0.1514381617307663
87 0.14985360205173492
88 0.14922083914279938
89 0.14812736213207245
90 0.1465105265378952
91 0.14536719024181366
92 0.1443026214838028
93 0.1436977982521057
94 0.14105336368083954
95 0.14139780402183533
96 0.13878358900547028
97 0.1390569508075714
98 0.1370692402124405
99 0.13690835237503052
100 0.13491685688495636
101 0.13429763913154602
102 0.13311082124710083
103 0.13233350217342377
104 0.13190263509750366
105 0.13042153418064117
106 0.13085541129112244
107 0.1303863823413849
108 0.1281246691942215
109 0.12882311642169952
110 0.12687857449054718
111 0.12607839703559875
112 0.12643681466579437
113 0.1253584772348404
114 0.12354786694049835
115 0.12361908704042435
116 0.12184587121009827
117 0.1219722330570221
118 0.12110339105129242
119 0.11999759823083878
120 0.11963186413049698
121 0.11941760033369064
122 0.11863361299037933
123 0.11880863457918167
124 0.1178252249956131
125 0.11687074601650238
126 0.11679680645465851
127 0.11625637114048004
128 0.11698596179485321
129 0.11504844576120377
130 0.11437487602233887
131 0.11446692049503326
132 0.11412343382835388
133 0.11368174850940704
134 0.11216548830270767
135 0.11146097630262375
136 0.11032170057296753
137 0.11198359727859497
138 0.11101211607456207
139 0.10967956483364105
140 0.11094587296247482
141 0.10767509788274765
142 0.10817476361989975
143 0.10807599872350693
144 0.10902095586061478
145 0.1064046248793602
146 0.10776825994253159
147 0.10776733607053757
148 0.10534856468439102
149 0.10680268704891205
150 0.10520510375499725
151 0.10499837249517441
152 0.10405579209327698
153 0.10295137017965317
154 0.103338323533535
155 0.10397878289222717
156 0.1022147536277771
157 0.1026572585105896
158 0.10256866365671158
159 0.10312913358211517
160 0.10085087269544601
161 0.1013529822230339
162 0.10089445114135742
163 0.10003646463155746
164 0.09952466934919357
165 0.09961741417646408
166 0.1005750447511673
167 0.09924677014350891
168 0.09943114966154099
169 0.09827253967523575
170 0.09756991267204285
171 0.09747586399316788
172 0.09889500588178635
173 0.09751193970441818
174 0.0979163646697998
175 0.09745452553033829
176 0.09727530926465988
177 0.09706365317106247
178 0.09621232748031616
179 0.09551859647035599
180 0.0962950736284256
181 0.09504464268684387
182 0.09587380290031433
183 0.09487663209438324
184 0.09333796799182892
185 0.09488613158464432
186 0.09505192935466766
187 0.09411531686782837
188 0.09311952441930771
189 0.09343153983354568
190 0.09355753660202026
191 0.09104663133621216
192 0.09200940281152725
193 0.09212405979633331
194 0.0912567600607872
195 0.0907854363322258
196 0.08952648937702179
197 0.0905630961060524
198 0.09098918735980988
199 0.08956140279769897
200 0.09078892320394516
201 0.09043668210506439
202 0.09001997858285904
203 0.08891753852367401
204 0.08922989666461945
205 0.08886365592479706
206 0.08994954824447632
207 0.08987914770841599
208 0.08892972022294998
209 0.08808837831020355
210 0.08805281668901443
211 0.08594217896461487
212 0.08556541055440903
213 0.08891862630844116
214 0.08671046048402786
215 0.08691655844449997
216 0.08677064627408981
217 0.08546196669340134
218 0.08665904402732849
219 0.08615949749946594
220 0.08547952026128769
221 0.08602713793516159
222 0.08637401461601257
223 0.08469903469085693
224 0.0840672105550766
225 0.08574879914522171
226 0.08480948954820633
227 0.08504188060760498
228 0.0845005214214325
229 0.08479073643684387
230 0.08340810984373093
231 0.0822100043296814
232 0.0830516517162323
233 0.08274379372596741
234 0.0831942930817604
235 0.08365903049707413
236 0.08258391171693802
237 0.08227355033159256
238 0.08296878635883331
239 0.08355891704559326
240 0.08151064813137054
241 0.08088511973619461
242 0.0816824659705162
243 0.08129357546567917
244 0.08078107237815857
245 0.07986165583133698
246 0.08111020922660828
247 0.08107133209705353
248 0.08175387978553772
249 0.0812181830406189
250 0.07918041199445724
251 0.0799868032336235
252 0.08002041280269623
253 0.08110605925321579
254 0.07910359650850296
255 0.07929553091526031
256 0.0788416787981987
257 0.08007238805294037
258 0.07971269637346268
259 0.0783756896853447
260 0.0808393731713295
261 0.07921774685382843
262 0.07940041273832321
263 0.07914865761995316
264 0.0793762058019638
265 0.07830953598022461
266 0.07914970815181732
267 0.07800817489624023
268 0.07655473053455353
269 0.07919538021087646
270 0.07735379785299301
271 0.07664374262094498
272 0.07681067287921906
273 0.07764504104852676
274 0.07748726010322571
275 0.07654514908790588
276 0.07701814919710159
277 0.07568991184234619
278 0.0767894834280014
279 0.0756387934088707
280 0.07565530389547348
281 0.07643689960241318
282 0.07671325653791428
283 0.07571395486593246
284 0.07483845949172974
285 0.07579497247934341
286 0.0754358246922493
287 0.07607749104499817
288 0.07600095868110657
289 0.07529991120100021
290 0.07489029318094254
291 0.074556365609169
292 0.07449745386838913
293 0.07448964565992355
294 0.07393980026245117
295 0.07440518587827682
296 0.07483848929405212
297 0.07372542470693588
298 0.07381601631641388
299 0.0740424171090126
300 0.07404813170433044
301 0.0739220455288887
302 0.07353432476520538
303 0.07339326292276382
304 0.07317236065864563
305 0.07346558570861816
306 0.07285220921039581
307 0.073909692466259
308 0.07086879014968872
309 0.07198423147201538
310 0.07424577325582504
311 0.07239522784948349
312 0.0737004205584526
313 0.07168510556221008
314 0.07232660055160522
315 0.07244877517223358
316 0.0717458426952362
317 0.07061950862407684
318 0.07251403480768204
319 0.07227830588817596
320 0.07134294509887695
321 0.07317999005317688
322 0.07143490016460419
323 0.07222449034452438
324 0.07210101187229156
325 0.07084663957357407
326 0.07103583961725235
327 0.07037761807441711
328 0.06967253983020782
329 0.07219068706035614
330 0.06986407935619354
331 0.06982773542404175
332 0.0703175887465477
333 0.07124415040016174
334 0.070657879114151
335 0.06900089979171753
336 0.07018914073705673
337 0.07117347419261932
338 0.06978411227464676
339 0.0708051472902298
340 0.06873749941587448
341 0.06946863979101181
342 0.06988871097564697
343 0.07003077119588852
344 0.06803250312805176
345 0.06905215978622437
346 0.06869669258594513
347 0.06942063570022583
348 0.06904671341180801
349 0.06816571205854416
350 0.07007360458374023
351 0.06935445964336395
352 0.06861929595470428
353 0.06778004765510559
354 0.06774620711803436
355 0.06797245144844055
356 0.06752917170524597
357 0.0688142329454422
358 0.06762488186359406
359 0.0674206092953682
360 0.06759484857320786
361 0.06744872033596039
362 0.06777732819318771
363 0.06761325150728226
364 0.06817055493593216
365 0.0667395070195198
366 0.06598558276891708
367 0.06832879036664963
368 0.06870396435260773
369 0.0658988356590271
370 0.0672466903924942
371 0.0672382339835167
372 0.06656096875667572
373 0.06793069839477539
374 0.0670250654220581
375 0.06543813645839691
376 0.06676200777292252
377 0.06635036319494247
378 0.06606414169073105
379 0.06737156212329865
380 0.06646604090929031
381 0.06528716534376144
382 0.06567472964525223
383 0.06693770736455917
384 0.06554339826107025
385 0.065328449010849
386 0.06603438407182693
387 0.0664207711815834
388 0.06593649089336395
389 0.0648883730173111
390 0.06487961113452911
391 0.06534218788146973
392 0.06493549793958664
393 0.06498194485902786
394 0.06589435786008835
395 0.06507133692502975
396 0.06438329070806503
397 0.06425657123327255
398 0.06473986804485321
399 0.0643765851855278
400 0.06462312489748001
401 0.0652085617184639
402 0.06433139741420746
403 0.06459733843803406
404 0.06433103233575821
405 0.0644230768084526
406 0.06360942125320435
407 0.06427998840808868
408 0.06422014534473419
409 0.06343281269073486
410 0.06339293718338013
411 0.06411184370517731
412 0.062558114528656
413 0.06351155042648315
414 0.06315784901380539
415 0.06317377835512161
416 0.061281103640794754
417 0.06364793330430984
418 0.06234969571232796
419 0.0629926547408104
420 0.06242242082953453
421 0.06369003653526306
422 0.06239854171872139
423 0.06289434432983398
424 0.06355941295623779
425 0.061502352356910706
426 0.06395378708839417
427 0.06151416152715683
428 0.06168127432465553
429 0.0629134252667427
430 0.06170623004436493
431 0.06351502239704132
432 0.06159644201397896
433 0.06237278878688812
434 0.06313122063875198
435 0.060414060950279236
436 0.0614282488822937
437 0.06317818909883499
438 0.0611870177090168
439 0.06153283640742302
440 0.060777727514505386
441 0.0627608522772789
442 0.06143133342266083
443 0.06213871017098427
444 0.06097258999943733
445 0.062313590198755264
446 0.062378183007240295
447 0.062367554754018784
448 0.06051114201545715
449 0.06093587726354599
450 0.06062031164765358
451 0.061719104647636414
452 0.05999740585684776
453 0.06105804815888405
454 0.060316041111946106
455 0.05958797410130501
456 0.06100935488939285
457 0.05896700918674469
458 0.060348570346832275
459 0.060608796775341034
460 0.060389719903469086
461 0.061160676181316376
462 0.06108512729406357
463 0.059735193848609924
464 0.0606742687523365
465 0.06009744852781296
466 0.059734854847192764
467 0.06123392656445503
468 0.06020788475871086
469 0.059664204716682434
470 0.059777986258268356
471 0.060762763023376465
472 0.05903004854917526
473 0.060107868164777756
474 0.059568945318460464
475 0.05835767462849617
476 0.06151619181036949
477 0.060535505414009094
478 0.05931291729211807
479 0.05855958163738251
480 0.05894484743475914
481 0.05809902772307396
482 0.05952155217528343
483 0.05891184136271477
484 0.05929111689329147
485 0.05953320115804672
486 0.059051766991615295
487 0.05854954570531845
488 0.05961951985955238
489 0.05838917940855026
490 0.0583609975874424
491 0.05951962620019913
492 0.05836880952119827
493 0.0583728551864624
494 0.05866147205233574
495 0.058257829397916794
496 0.05827866494655609
497 0.056778840720653534
498 0.05771704390645027
499 0.05957210436463356
500 0.05890398845076561
501 0.05920342355966568
502 0.05618887394666672
503 0.05811457335948944
504 0.05902022495865822
505 0.05823064222931862
506 0.0561847984790802
507 0.05716659128665924
508 0.05629440024495125
509 0.05833243206143379
510 0.05740584805607796
511 0.05670832097530365
512 0.05697918310761452
513 0.05786038190126419
514 0.05741565302014351
515 0.05672423914074898
516 0.05715375766158104
517 0.05737375468015671
518 0.05718374624848366
519 0.057668425142765045
520 0.058193158358335495
521 0.05792797729372978
522 0.056756049394607544
523 0.05619822070002556
524 0.055625069886446
525 0.057932328432798386
526 0.05553577095270157
527 0.05634450167417526
528 0.0560026653110981
529 0.0568079799413681
530 0.056528240442276
531 0.05655226111412048
532 0.056607410311698914
533 0.055641502141952515
534 0.05756207928061485
535 0.05668133124709129
536 0.056453730911016464
537 0.05613625794649124
538 0.056289687752723694
539 0.055468328297138214
540 0.056059300899505615
541 0.05489809438586235
542 0.05571384355425835
543 0.05597049742937088
544 0.05509345978498459
545 0.05586514249444008
546 0.054476574063301086
547 0.05723624303936958
548 0.05748356878757477
549 0.056777819991111755
550 0.055318620055913925
551 0.05583430454134941
552 0.05641363561153412
553 0.053934305906295776
554 0.05551883578300476
555 0.05648158863186836
556 0.056082338094711304
557 0.05503707379102707
558 0.055065080523490906
559 0.055555541068315506
560 0.055042266845703125
561 0.05558134987950325
562 0.05533416569232941
563 0.054391730576753616
564 0.05472900718450546
565 0.05459899827837944
566 0.05544806271791458
567 0.05406755581498146
568 0.05374591797590256
569 0.05512186139822006
570 0.05398081615567207
571 0.05535920709371567
572 0.05467057600617409
573 0.05415210872888565
574 0.05468422919511795
575 0.05421512946486473
576 0.05531758442521095
577 0.05396685749292374
578 0.0532669797539711
579 0.05370455980300903
580 0.05474824830889702
581 0.05400589480996132
582 0.055372025817632675
583 0.05380219593644142
584 0.05433766916394234
585 0.05386726185679436
586 0.053623590618371964
587 0.052920810878276825
588 0.05318232253193855
589 0.05335833877325058
590 0.053486183285713196
591 0.05510362610220909
592 0.05512377247214317
593 0.0541343092918396
594 0.0525880791246891
595 0.05424601957201958
596 0.05479273572564125
597 0.053928475826978683
598 0.05304226279258728
599 0.05263219401240349
600 0.05349687486886978
601 0.05311843007802963
602 0.054228007793426514
603 0.0545508898794651
604 0.05288014933466911
605 0.051982082426548004
606 0.05344441905617714
607 0.05240246653556824
608 0.0524282269179821
609 0.05431648716330528
610 0.05273161455988884
611 0.05300019681453705
612 0.05330278351902962
613 0.05163511261343956
614 0.05257834866642952
615 0.054123371839523315
616 0.05368637666106224
617 0.052141863852739334
618 0.051483288407325745
619 0.05210632085800171
620 0.05216222628951073
621 0.0525941327214241
622 0.05241258442401886
623 0.051862843334674835
624 0.052987951785326004
625 0.05201701819896698
626 0.05246513709425926
627 0.05332767218351364
628 0.05207554250955582
629 0.051971435546875
630 0.0513228140771389
631 0.05350189656019211
632 0.052284058183431625
633 0.053096964955329895
634 0.05338075011968613
635 0.05194953456521034
636 0.052140869200229645
637 0.051141973584890366
638 0.05171352997422218
639 0.05316292494535446
640 0.051815371960401535
641 0.05153629183769226
642 0.05109642446041107
643 0.05215701833367348
644 0.051786307245492935
645 0.050947804003953934
646 0.05287788063287735
647 0.05149514973163605
648 0.05143050476908684
649 0.052702806890010834
650 0.050733983516693115
651 0.05202119052410126
652 0.05153287202119827
653 0.051515474915504456
654 0.05021699145436287
655 0.05217227712273598
656 0.050466883927583694
657 0.05103188380599022
658 0.05233035609126091
659 0.05071673169732094
660 0.05127705633640289
661 0.050707705318927765
662 0.05133635923266411
663 0.04978747293353081
664 0.050410326570272446
665 0.0527677983045578
666 0.049985215067863464
667 0.0510660819709301
668 0.05209198594093323
669 0.05064907297492027
670 0.050512101501226425
671 0.05111411586403847
672 0.05110837519168854
673 0.05182372406125069
674 0.051250819116830826
675 0.051050350069999695
676 0.05036962404847145
677 0.05024039372801781
678 0.05067642405629158
679 0.05149281024932861
680 0.04888579994440079
681 0.04999101907014847
682 0.050020914524793625
683 0.051814090460538864
684 0.05082843452692032
685 0.05000096559524536
686 0.049652449786663055
687 0.05078840255737305
688 0.05060840770602226
689 0.050540193915367126
690 0.04981471598148346
691 0.050091180950403214
692 0.05006008967757225
693 0.049423445016145706
694 0.04947580769658089
695 0.0498589351773262
696 0.04959441348910332
697 0.049647554755210876
698 0.0488615408539772
699 0.0499722957611084
700 0.050524577498435974
701 0.05166020616889
702 0.049180615693330765
703 0.049872685223817825
704 0.050267525017261505
705 0.04927518963813782
706 0.04869210347533226
707 0.050304025411605835
708 0.04912709444761276
709 0.04793711379170418
710 0.04888688772916794
711 0.04781075567007065
712 0.04740040376782417
713 0.04922568053007126
714 0.04920800030231476
715 0.04718628153204918
716 0.05004449188709259
717 0.0482858270406723
718 0.05033649876713753
719 0.04958029091358185
720 0.05072027072310448
721 0.047409433871507645
722 0.04958633705973625
723 0.047614771872758865
724 0.04892945662140846
725 0.050221651792526245
726 0.04935891926288605
727 0.048620667308568954
728 0.048767466098070145
729 0.049427784979343414
730 0.048662930727005005
731 0.04744371026754379
732 0.04889659956097603
733 0.04894521087408066
734 0.049235474318265915
735 0.0493033304810524
736 0.04938844218850136
737 0.0491299033164978
738 0.04821280390024185
739 0.04771336913108826
740 0.04808444902300835
741 0.04876462742686272
742 0.04847084358334541
743 0.04899420961737633
744 0.049451377242803574
745 0.04865681007504463
746 0.04788341373205185
747 0.04827513545751572
748 0.048707641661167145
749 0.04948360100388527
750 0.049037519842386246
751 0.04842595010995865
752 0.04949384927749634
753 0.04720461368560791
754 0.04811369255185127
755 0.04918134957551956
756 0.046500109136104584
757 0.04811247065663338
758 0.04754682630300522
759 0.04817800968885422
760 0.04854203388094902
761 0.04678446426987648
762 0.04802289605140686
763 0.04729307070374489
764 0.04648032411932945
765 0.047584161162376404
766 0.04762379825115204
767 0.047738634049892426
768 0.04830694571137428
769 0.04628780856728554
770 0.047508276998996735
771 0.04746345430612564
772 0.04785680025815964
773 0.046879842877388
774 0.04735381528735161
775 0.04778098315000534
776 0.04873742163181305
777 0.046782851219177246
778 0.04953571408987045
779 0.04909093677997589
780 0.045085374265909195
781 0.047100234776735306
782 0.04759696498513222
783 0.04760225489735603
784 0.04752889275550842
785 0.04761743173003197
786 0.04561774060130119
787 0.04836789518594742
788 0.048490654677152634
789 0.0463227853178978
790 0.04687535762786865
791 0.04655369371175766
792 0.047303684055805206
793 0.04750523716211319
794 0.04718213528394699
795 0.04662981629371643
796 0.048722054809331894
797 0.047184113413095474
798 0.047168247401714325
799 0.04539729282259941
800 0.04752854257822037
