1 1.2139462232589722
2 1.156754732131958
3 1.0989176034927368
4 1.0231142044067383
5 0.954407811164856
6 0.896582841873169
7 0.8422561883926392
8 0.7945147156715393
9 0.7476740479469299
10 0.7049777507781982
11 0.6706427931785583
12 0.64145827293396
13 0.6116465330123901
14 0.586320698261261
15 0.5632432103157043
16 0.5414212346076965
17 0.5216770768165588
18 0.5049319267272949
19 0.4867793619632721
20 0.4708525240421295
21 0.4552050530910492
22 0.44018620252609253
23 0.4255655109882355
24 0.4107810854911804
25 0.3966960310935974
26 0.3844923675060272
27 0.3729534149169922
28 0.3586898446083069
29 0.348418653011322
30 0.33669689297676086
31 0.3268784284591675
32 0.31806978583335876
33 0.3098162114620209
34 0.2992311418056488
35 0.29277318716049194
36 0.2852543294429779
37 0.2774669826030731
38 0.27150091528892517
39 0.26545587182044983
40 0.25832176208496094
41 0.2543681263923645
42 0.24907730519771576
43 0.244626984000206
44 0.24009302258491516
45 0.2355259358882904
46 0.23271304368972778
47 0.2281922996044159
48 0.22517843544483185
49 0.22235225141048431
50 0.2185416966676712
51 0.21515659987926483
52 0.21217651665210724
53 0.21022360026836395
54 0.20559009909629822
55 0.20232361555099487
56 0.20198427140712738
57 0.19860970973968506
58 0.1950129121541977
59 0.19369858503341675
60 0.18985390663146973
61 0.18768998980522156
62 0.18609656393527985
63 0.18326404690742493
64 0.18354429304599762
65 0.1810365915298462
66 0.17790858447551727
67 0.17504937946796417
68 0.1742391437292099
69 0.17313531041145325
70 0.17114274203777313
71 0.16993427276611328
72 0.17020250856876373
73 0.1665007472038269
74 0.1672503650188446
75 0.16311965882778168
76 0.16299279034137726
77 0.1627930998802185
78 0.16077670454978943
79 0.15793855488300323
80 0.15787875652313232
81 0.15755516290664673
82 0.1565817892551422
83 0.15454718470573425
84 0.15360993146896362
85 0.1508474498987198
86 0.1521388292312622
87 0.1507006734609604
88 0.14942553639411926
89 0.14798994362354279
90 0.14813992381095886
91 0.1459118276834488
92 0.14675194025039673
93 0.1460655927658081
94 0.14476071298122406
95 0.1437094509601593
96 0.14256633818149567
97 0.14143438637256622
98 0.1414751559495926
99 0.1395631730556488
100 0.13850434124469757
101 0.13911409676074982
102 0.13820400834083557
103 0.13674050569534302
104 0.1356913149356842
105 0.1374959647655487
106 0.1346292793750763
107 0.1319587081670761
108 0.13412974774837494
109 0.13432346284389496
110 0.13341130316257477
111 0.1313251256942749
112 0.130633145570755
113 0.13171929121017456
114 0.12846475839614868
115 0.12883730232715607
116 0.13021419942378998
117 0.1275046169757843
118 0.12854020297527313
119 0.12650242447853088
120 0.1264428347349167
121 0.1250637322664261
122 0.12497639656066895
123 0.12326477468013763
124 0.12442978471517563
125 0.1256922036409378
126 0.12332596629858017
127 0.12402370572090149
128 0.12262632697820663
129 0.12128259986639023
130 0.12248122692108154
131 0.12064623087644577
132 0.12015380710363388
133 0.1190716102719307
134 0.12034715712070465
135 0.11974458396434784
136 0.11981163918972015
137 0.11735699325799942
138 0.11785458773374557
139 0.11782331019639969
140 0.1174786388874054
141 0.11784239858388901
142 0.11608536541461945
143 0.1146097406744957
144 0.11610329151153564
145 0.11501449346542358
146 0.11523087322711945
147 0.11460480093955994
148 0.11411084234714508
149 0.11318900436162949
150 0.11273318529129028
151 0.11405231803655624
152 0.11150511354207993
153 0.11219083517789841
154 0.11378016322851181
155 0.11367807537317276
156 0.11101308465003967
157 0.11106015741825104
158 0.11227916181087494
159 0.11015024036169052
160 0.11146117001771927
161 0.11078287661075592
162 0.10898040980100632
163 0.11191176623106003
164 0.1074414923787117
165 0.10941236466169357
166 0.10776860266923904
167 0.10762439668178558
168 0.10756450891494751
169 0.1067395880818367
170 0.1078796237707138
171 0.10703767836093903
172 0.10789723694324493
173 0.10647626221179962
174 0.10644663870334625
175 0.10615119338035583
176 0.10502491146326065
177 0.10422628372907639
178 0.10557478666305542
179 0.10380630940198898
180 0.10511484742164612
181 0.10532724857330322
182 0.1050041988492012
183 0.10340984165668488
184 0.1053728312253952
185 0.10483796894550323
186 0.10353872925043106
187 0.10288115590810776
188 0.10286461561918259
189 0.10305920988321304
190 0.10251529514789581
191 0.10242082923650742
192 0.10268670320510864
193 0.10098111629486084
194 0.10279935598373413
195 0.10230232775211334
196 0.10060781985521317
197 0.10006073117256165
198 0.10005571693181992
199 0.10158641636371613
200 0.10038229823112488
201 0.10010412335395813
202 0.09926938265562057
203 0.09916871786117554
204 0.10043542087078094
205 0.10008982568979263
206 0.09854816645383835
207 0.09921900182962418
208 0.09656115621328354
209 0.09884381294250488
210 0.0983167365193367
211 0.09890113770961761
212 0.0981094241142273
213 0.09678364545106888
214 0.09815100580453873
215 0.09994775056838989
216 0.09688027203083038
217 0.09737967699766159
218 0.0976082906126976
219 0.09644464403390884
220 0.09618403762578964
221 0.09591352939605713
222 0.09602141380310059
223 0.09807401150465012
224 0.09575764089822769
225 0.09729033708572388
226 0.09493984282016754
227 0.09633366763591766
228 0.09504090249538422
229 0.09387653321027756
230 0.09277825057506561
231 0.09534706175327301
232 0.09335416555404663
233 0.09553680568933487
234 0.0942835658788681
235 0.09202712029218674
236 0.09277074784040451
237 0.09482038021087646
238 0.09174267202615738
239 0.0929599329829216
240 0.09488946199417114
241 0.09270777553319931
242 0.0937391147017479
243 0.09082392603158951
244 0.09295359998941422
245 0.0923682451248169
246 0.09298408776521683
247 0.09115666151046753
248 0.0921982154250145
249 0.09303629398345947
250 0.09129573404788971
251 0.09154334664344788
252 0.09187010675668716
253 0.09220783412456512
254 0.09025979042053223
255 0.09183701872825623
256 0.0888342410326004
257 0.08968774229288101
258 0.09009251743555069
259 0.08966512233018875
260 0.08957995474338531
261 0.09134853631258011
262 0.09021900594234467
263 0.08929137140512466
264 0.09030836820602417
265 0.088895283639431
266 0.09076747298240662
267 0.0886332169175148
268 0.08943987637758255
269 0.0882987454533577
270 0.08834754675626755
271 0.08922378718852997
272 0.08744066953659058
273 0.08979464322328568
274 0.08855623006820679
275 0.08989565819501877
276 0.09000826627016068
277 0.08906085789203644
278 0.08659205585718155
279 0.08830232918262482
280 0.0874338150024414
281 0.08591165393590927
282 0.08552920073270798
283 0.08607663214206696
284 0.08799546211957932
285 0.0867803767323494
286 0.08869384974241257
287 0.08708161860704422
288 0.08543571084737778
289 0.08423440158367157
290 0.08487021178007126
291 0.0865112766623497
292 0.08682197332382202
293 0.08658634126186371
294 0.08581724017858505
295 0.08627635985612869
296 0.0844118595123291
297 0.08349863439798355
298 0.086565762758255
299 0.08420458436012268
300 0.08383285254240036
301 0.0852595642209053
302 0.08506181091070175
303 0.08406294137239456
304 0.08323636651039124
305 0.08507901430130005
306 0.08362722396850586
307 0.08385803550481796
308 0.08423098921775818
309 0.08481919765472412
310 0.08510687947273254
311 0.08443242311477661
312 0.08329391479492188
313 0.08380158990621567
314 0.0824766755104065
315 0.08363085985183716
316 0.08230674266815186
317 0.08168365806341171
318 0.08445815742015839
319 0.08184241503477097
320 0.08359923213720322
321 0.08240360766649246
322 0.08263546973466873
323 0.0809079110622406
324 0.0814908891916275
325 0.0813506618142128
326 0.08201735466718674
327 0.07998210936784744
328 0.08155807852745056
329 0.0810546725988388
330 0.08121877163648605
331 0.08289770036935806
332 0.0828513577580452
333 0.08075793087482452
334 0.08039141446352005
335 0.07996369898319244
336 0.08174977451562881
337 0.08198313415050507
338 0.08018255978822708
339 0.08120948076248169
340 0.07964670658111572
341 0.08061086386442184
342 0.08014553040266037
343 0.07998282462358475
344 0.08043721318244934
345 0.07924232631921768
346 0.08019411563873291
347 0.07979205250740051
348 0.08176358044147491
349 0.07871462404727936
350 0.07941705733537674
351 0.07945732027292252
352 0.07916733622550964
353 0.08061204850673676
354 0.07941329479217529
355 0.07842406630516052
356 0.07811147719621658
357 0.07862231135368347
358 0.07737415283918381
359 0.07958491146564484
360 0.07802655547857285
361 0.07872060686349869
362 0.0769026055932045
363 0.07847979664802551
364 0.078622005879879
365 0.07829411327838898
366 0.07768185436725616
367 0.07789125293493271
368 0.07788852602243423
369 0.07929163426160812
370 0.07722470164299011
371 0.07732761651277542
372 0.0777352824807167
373 0.07788128405809402
374 0.07633283734321594
375 0.07697667181491852
376 0.07651243358850479
377 0.07586507499217987
378 0.07586997747421265
379 0.07680042833089828
380 0.0774015560746193
381 0.07482944428920746
382 0.07695581763982773
383 0.07587285339832306
384 0.07579407840967178
385 0.07550209015607834
386 0.07649248838424683
387 0.07450074702501297
388 0.07714156061410904
389 0.07594027370214462
390 0.0750528872013092
391 0.07689084112644196
392 0.07510387152433395
393 0.07558930665254593
394 0.07410605251789093
395 0.07489968836307526
396 0.07547542452812195
397 0.07662991434335709
398 0.07448802143335342
399 0.07640505582094193
400 0.07504697889089584
