1 1.1062960624694824
2 0.8099839687347412
3 0.6603474617004395
4 0.5665065050125122
5 0.48769715428352356
6 0.43603745102882385
7 0.38288402557373047
8 0.3402479290962219
9 0.31297266483306885
10 0.2859317362308502
11 0.2726706862449646
12 0.2596849799156189
13 0.24096903204917908
14 0.2365456223487854
15 0.22947128117084503
16 0.21899613738059998
17 0.19787661731243134
18 0.20125234127044678
19 0.19836899638175964
20 0.18941117823123932
21 0.18281830847263336
22 0.19055385887622833
23 0.18507733941078186
24 0.18881647288799286
25 0.17561842501163483
26 0.178514301776886
27 0.1678871065378189
28 0.16497009992599487
29 0.16072852909564972
30 0.18088366091251373
31 0.1637089103460312
32 0.1591859608888626
33 0.16673947870731354
34 0.15224052965641022
35 0.1504323035478592
36 0.15803854167461395
37 0.15716421604156494
38 0.1518278568983078
39 0.1551242470741272
40 0.14772191643714905
41 0.15570761263370514
42 0.14564669132232666
43 0.1509072482585907
44 0.15604598820209503
45 0.1539772003889084
46 0.15129750967025757
47 0.14756691455841064
48 0.15217901766300201
49 0.13219697773456573
50 0.14459052681922913
51 0.14517275989055634
52 0.15298372507095337
53 0.14865903556346893
54 0.14347733557224274
55 0.13925573229789734
56 0.13216708600521088
57 0.13930699229240417
58 0.1283048838376999
59 0.144187331199646
60 0.13696932792663574
61 0.14260685443878174
62 0.12678183615207672
63 0.13136425614356995
64 0.126482293009758
65 0.1357196718454361
66 0.14009104669094086
67 0.12926997244358063
68 0.13459071516990662
69 0.12475629895925522
70 0.13098962604999542
71 0.1291312724351883
72 0.13316358625888824
73 0.12455995380878448
74 0.14072689414024353
75 0.12171140313148499
76 0.12633413076400757
77 0.12409958988428116
78 0.12845921516418457
79 0.1281491070985794
80 0.12898625433444977
81 0.11736004054546356
82 0.11943567544221878
83 0.12235499918460846
84 0.12612971663475037
85 0.11436376720666885
86 0.1223120391368866
87 0.12653835117816925
88 0.11686883121728897
89 0.11771266907453537
90 0.12204302102327347
91 0.11123070120811462
92 0.11694719642400742
93 0.12468192726373672
94 0.12418316304683685
95 0.12200340628623962
96 0.1131749227643013
97 0.11726064234972
98 0.12138651311397552
99 0.1185445562005043
100 0.11410652846097946
101 0.11115109920501709
102 0.11496894806623459
103 0.12389931827783585
104 0.11486757546663284
105 0.11328864097595215
106 0.1255646049976349
107 0.129194438457489
108 0.1125790923833847
109 0.1046447828412056
110 0.11381504684686661
111 0.11736656725406647
112 0.11358890682458878
113 0.12018496543169022
114 0.12501853704452515
115 0.10751064121723175
116 0.121676504611969
117 0.11681780964136124
118 0.11640086024999619
119 0.11802741885185242
120 0.12054752558469772
121 0.11419344693422318
122 0.11559510976076126
123 0.10602615773677826
124 0.11736976355314255
125 0.10617000609636307
126 0.10858721286058426
127 0.11936760693788528
128 0.1118859276175499
129 0.11876876652240753
130 0.1086895689368248
131 0.11220812797546387
132 0.11967658251523972
133 0.10375475883483887
134 0.12369254976511002
135 0.10327291488647461
136 0.10861836373806
137 0.11143305897712708
138 0.10662182420492172
139 0.10977406799793243
140 0.107562355697155
141 0.11529140174388885
142 0.11088807880878448
143 0.1099792942404747
144 0.10199301689863205
145 0.12312393635511398
146 0.10360696166753769
147 0.11318984627723694
148 0.11063065379858017
149 0.1059684157371521
150 0.10954350233078003
151 0.12231698632240295
152 0.11046858131885529
153 0.10814226418733597
154 0.10180870443582535
155 0.10956613719463348
156 0.1060347780585289
157 0.09567723423242569
158 0.11180846393108368
159 0.10782679170370102
160 0.10816850513219833
161 0.10456781834363937
162 0.10681765526533127
163 0.10745682567358017
164 0.11137142777442932
165 0.0985337570309639
166 0.09537554532289505
167 0.10843943059444427
168 0.10919694602489471
169 0.10274822264909744
170 0.11854048073291779
171 0.11365606635808945
172 0.1123993992805481
173 0.09858766943216324
174 0.09731000661849976
175 0.10789515823125839
176 0.1060597375035286
177 0.10741634666919708
178 0.10690618306398392
179 0.10107552260160446
180 0.10682662576436996
181 0.1119706854224205
182 0.10356924682855606
183 0.10635239630937576
184 0.09754715859889984
185 0.11180379241704941
186 0.1039901003241539
187 0.10153565555810928
188 0.09640666097402573
189 0.10510473698377609
190 0.09693904966115952
191 0.09664977341890335
192 0.1024293303489685
193 0.1103450357913971
194 0.0956525057554245
195 0.10232294350862503
196 0.09897725284099579
197 0.10103284567594528
198 0.09699436277151108
199 0.09888960421085358
200 0.1007261723279953
201 0.09829352796077728
202 0.11024817079305649
203 0.09482386708259583
204 0.09923499077558517
205 0.10811308771371841
206 0.10694120824337006
207 0.09712427854537964
208 0.10166820138692856
209 0.10229124873876572
210 0.10459922254085541
211 0.10345714539289474
212 0.10348839312791824
213 0.10314593464136124
214 0.1009407564997673
215 0.10550118237733841
216 0.10563573986291885
217 0.10134253650903702
218 0.09992440044879913
219 0.09174038469791412
220 0.0982748493552208
221 0.09983784705400467
222 0.09179601818323135
223 0.10569565743207932
224 0.09417642652988434
225 0.09912821650505066
226 0.10348287969827652
227 0.1083528995513916
228 0.08646955341100693
229 0.10924512892961502
230 0.10265275835990906
231 0.11202287673950195
232 0.11382373422384262
233 0.09784121066331863
234 0.10374445468187332
235 0.09719362109899521
236 0.09704596549272537
237 0.10959496349096298
238 0.09963901340961456
239 0.1044590026140213
240 0.09676128625869751
241 0.09445684403181076
242 0.09439673274755478
243 0.09499143809080124
244 0.09838605672121048
245 0.09114357829093933
246 0.10036887228488922
247 0.0992053970694542
248 0.09904112666845322
249 0.09768374264240265
250 0.10143043100833893
251 0.09904100745916367
252 0.10215380042791367
253 0.1073303148150444
254 0.09942320734262466
255 0.1012992411851883
256 0.09512434154748917
257 0.09601806849241257
258 0.09929706901311874
259 0.0901697427034378
260 0.09341778606176376
261 0.09627097845077515
262 0.09811796993017197
263 0.09239664673805237
264 0.10226065665483475
265 0.09691258519887924
266 0.09965664148330688
267 0.09427138417959213
268 0.08837873488664627
269 0.10165400058031082
270 0.09925679117441177
271 0.0887901559472084
272 0.0896473079919815
273 0.09628547728061676
274 0.09411259740591049
275 0.09082736074924469
276 0.0937703400850296
277 0.09233876317739487
278 0.08975954353809357
279 0.101091668009758
280 0.09208907186985016
281 0.08590950071811676
282 0.09380463510751724
283 0.09348708391189575
284 0.08653896301984787
285 0.09628067910671234
286 0.09429235756397247
287 0.10725630819797516
288 0.08783651143312454
289 0.07831839472055435
290 0.09784897416830063
291 0.09524806588888168
292 0.09888135641813278
293 0.09554272145032883
294 0.0820808932185173
295 0.09540961682796478
296 0.08508467674255371
297 0.09369499981403351
298 0.08697453886270523
299 0.0861596167087555
300 0.10030516982078552
301 0.0979844406247139
302 0.09529868513345718
303 0.09566228091716766
304 0.08460913598537445
305 0.08187602460384369
306 0.10731882601976395
307 0.08627952635288239
308 0.08871367573738098
309 0.09272337704896927
310 0.08409371227025986
311 0.09895153343677521
312 0.08904805779457092
313 0.09722741693258286
314 0.09434907138347626
315 0.09501709043979645
316 0.0904860720038414
317 0.08939740806818008
318 0.08564271777868271
319 0.08664911985397339
320 0.08118576556444168
321 0.09604185074567795
322 0.08511841297149658
323 0.08782882988452911
324 0.09442456066608429
325 0.09127005934715271
326 0.0898052528500557
327 0.08937770128250122
328 0.08881600946187973
329 0.09493234753608704
330 0.09682056307792664
331 0.08953552693128586
332 0.08740334957838058
333 0.0863359197974205
334 0.10075671225786209
335 0.09078502655029297
336 0.09736454486846924
337 0.0905134454369545
338 0.08146786689758301
339 0.09306678175926208
340 0.0914924219250679
341 0.0894884243607521
342 0.0865822285413742
343 0.09027969092130661
344 0.0916963592171669
345 0.08651985973119736
346 0.08781963586807251
347 0.09376522153615952
348 0.08717550337314606
349 0.08576923608779907
350 0.08982568234205246
351 0.08590394258499146
352 0.09038206189870834
353 0.08030186593532562
354 0.0927538350224495
355 0.08592992275953293
356 0.09106893837451935
357 0.08381842076778412
358 0.08790970593690872
359 0.0899718627333641
360 0.08274547010660172
361 0.09246562421321869
362 0.08097667992115021
363 0.09285648167133331
364 0.08478482812643051
365 0.09199629724025726
366 0.0902973860502243
367 0.09155567735433578
368 0.0872185006737709
369 0.08857347071170807
370 0.08640444278717041
371 0.09514932334423065
372 0.08047826588153839
373 0.09309948980808258
374 0.08584347367286682
375 0.0929311215877533
376 0.08966460824012756
377 0.09307601302862167
378 0.08940666168928146
379 0.08465968817472458
380 0.08760931342840195
381 0.0730532705783844
382 0.09253048151731491
383 0.08044254779815674
384 0.08651760220527649
385 0.08950881659984589
386 0.08678150177001953
387 0.08873417228460312
388 0.07850412279367447
389 0.09077302366495132
390 0.09203954041004181
391 0.08713079243898392
392 0.0882776752114296
393 0.08259905874729156
394 0.08547615259885788
395 0.08129328489303589
396 0.08509679138660431
397 0.09021864831447601
398 0.07982944697141647
399 0.09522014856338501
400 0.09116247296333313
