1 1.0679707527160645
2 0.6499840021133423
3 0.49797600507736206
4 0.40505358576774597
5 0.33754870295524597
6 0.32171639800071716
7 0.28275302052497864
8 0.2638804614543915
9 0.25739753246307373
10 0.2325560450553894
11 0.23288628458976746
12 0.21081827580928802
13 0.20980657637119293
14 0.21690799295902252
15 0.20751050114631653
16 0.1976291686296463
17 0.18512633442878723
18 0.19508299231529236
19 0.17468495666980743
20 0.1804467886686325
21 0.1813049465417862
22 0.18311834335327148
23 0.18980412185192108
24 0.16985450685024261
25 0.19429096579551697
26 0.16892565786838531
27 0.15684384107589722
28 0.1744655817747116
29 0.1650131791830063
30 0.16799750924110413
31 0.16309703886508942
32 0.17400453984737396
33 0.16175928711891174
34 0.17152094841003418
35 0.16147790849208832
36 0.15115007758140564
37 0.15175138413906097
38 0.16193675994873047
39 0.16600880026817322
40 0.14729833602905273
41 0.14934606850147247
42 0.15276871621608734
43 0.16252923011779785
44 0.14656370878219604
45 0.15822505950927734
46 0.16150632500648499
47 0.16533687710762024
48 0.14072975516319275
49 0.15804405510425568
50 0.14578133821487427
51 0.14178630709648132
52 0.14507347345352173
53 0.13276351988315582
54 0.15206217765808105
55 0.13142529129981995
56 0.139395073056221
57 0.1587066650390625
58 0.15759822726249695
59 0.12608757615089417
60 0.13814610242843628
61 0.15796397626399994
62 0.13158614933490753
63 0.13048870861530304
64 0.14724542200565338
65 0.14001508057117462
66 0.13345088064670563
67 0.13019074499607086
68 0.13515624403953552
69 0.1453407108783722
70 0.13593840599060059
71 0.13482436537742615
72 0.14592312276363373
73 0.13781969249248505
74 0.1302684098482132
75 0.15661416947841644
76 0.143526092171669
77 0.13816282153129578
78 0.12980222702026367
79 0.13218402862548828
80 0.1339649260044098
81 0.12388261407613754
82 0.13104048371315002
83 0.12478841841220856
84 0.13130393624305725
85 0.12245237827301025
86 0.12080751359462738
87 0.12923496961593628
88 0.12453386932611465
89 0.12930278480052948
90 0.12414473295211792
91 0.12417586892843246
92 0.115566685795784
93 0.11769397556781769
94 0.1152406632900238
95 0.12071061134338379
96 0.11799696832895279
97 0.12084881216287613
98 0.12668325006961823
99 0.11613711714744568
100 0.1258804351091385
101 0.11748528480529785
102 0.1271795779466629
103 0.1282036304473877
104 0.12804152071475983
105 0.11524130403995514
106 0.13699668645858765
107 0.11075101047754288
108 0.12655267119407654
109 0.10973109304904938
110 0.11319619417190552
111 0.11318295449018478
112 0.12307647615671158
113 0.10831985622644424
114 0.12058255821466446
115 0.10979179292917252
116 0.11575490236282349
117 0.10985458642244339
118 0.11753503233194351
119 0.131678968667984
120 0.11485786736011505
121 0.11077018082141876
122 0.12078110128641129
123 0.12340611964464188
124 0.10120374709367752
125 0.11160911619663239
126 0.12366781383752823
127 0.1102900579571724
128 0.10386434942483902
129 0.10338211059570312
130 0.1122223511338234
131 0.10594405233860016
132 0.11158016324043274
133 0.10005157440900803
134 0.11491560190916061
135 0.11407870054244995
136 0.0997067391872406
137 0.11321976035833359
138 0.11111258715391159
139 0.10963275283575058
140 0.10871163755655289
141 0.11752627044916153
142 0.11153596639633179
143 0.10568029433488846
144 0.10969990491867065
145 0.10981728881597519
146 0.10931738466024399
147 0.11717792600393295
148 0.1238633245229721
149 0.115796759724617
150 0.1059379130601883
151 0.11148485541343689
152 0.10615860670804977
153 0.10171543061733246
154 0.10757877677679062
155 0.10597595572471619
156 0.10365620255470276
157 0.10782332718372345
158 0.10093821585178375
159 0.09802256524562836
160 0.11726407706737518
161 0.10079868137836456
162 0.10089130699634552
163 0.10900484770536423
164 0.1057305634021759
165 0.09987244755029678
166 0.11899206042289734
167 0.11442971229553223
168 0.09998910874128342
169 0.11714475601911545
170 0.10446227341890335
171 0.10580094158649445
172 0.1081114411354065
173 0.11164571344852448
174 0.10079111158847809
175 0.10397163033485413
176 0.10049843043088913
177 0.09829113632440567
178 0.09987587481737137
179 0.10237543284893036
180 0.09939137101173401
181 0.10746501386165619
182 0.10521883517503738
183 0.0989937037229538
184 0.1082548126578331
185 0.11123564094305038
186 0.09794547408819199
187 0.10851936042308807
188 0.10355238616466522
189 0.10364644974470139
190 0.10207679122686386
191 0.09544612467288971
192 0.09541851282119751
193 0.10206594318151474
194 0.10463827848434448
195 0.10116127133369446
196 0.10695552080869675
197 0.09700323641300201
198 0.1019631177186966
199 0.10496000945568085
200 0.09307242929935455
201 0.0952831357717514
202 0.09262444078922272
203 0.1020088642835617
204 0.09927241504192352
205 0.10220635682344437
206 0.10434252768754959
207 0.09206283092498779
208 0.11342347413301468
209 0.10278522968292236
210 0.10272835940122604
211 0.09828700125217438
212 0.10755077004432678
213 0.10194548964500427
214 0.10097130388021469
215 0.09829758107662201
216 0.10193392634391785
217 0.10836286842823029
218 0.10191572457551956
219 0.10081510245800018
220 0.11442193388938904
221 0.09670431166887283
222 0.0998607650399208
223 0.09511330723762512
224 0.09043991565704346
225 0.0934692919254303
226 0.08669330924749374
227 0.11279252916574478
228 0.08659952133893967
229 0.09501960128545761
230 0.09864700585603714
231 0.09451767057180405
232 0.09292131662368774
233 0.0928105041384697
234 0.0989462360739708
235 0.09149403125047684
236 0.1027122288942337
237 0.09488141536712646
238 0.09919629245996475
239 0.10207556933164597
240 0.0950426384806633
241 0.08582258969545364
242 0.10788522660732269
243 0.09304496645927429
244 0.10105158388614655
245 0.09876225888729095
246 0.09509233385324478
247 0.09572622179985046
248 0.09141793847084045
249 0.09230359643697739
250 0.08146747201681137
251 0.10827475786209106
252 0.08748733252286911
253 0.09258276969194412
254 0.10050015896558762
255 0.09794827550649643
256 0.09944857656955719
257 0.10292299836874008
258 0.09110214561223984
259 0.10117898881435394
260 0.09682535380125046
261 0.08705343306064606
262 0.09535560011863708
263 0.10325417667627335
264 0.09609672427177429
265 0.09000451117753983
266 0.09297959506511688
267 0.0911155715584755
268 0.0884934663772583
269 0.08890290558338165
270 0.08082588762044907
271 0.09080972522497177
272 0.1006324514746666
273 0.08063212782144547
274 0.1106766015291214
275 0.0937950536608696
276 0.0926651880145073
277 0.09409947693347931
278 0.0899866372346878
279 0.09592520445585251
280 0.08650820702314377
281 0.08651555329561234
282 0.10121116787195206
283 0.08187498897314072
284 0.09514809399843216
285 0.08523101359605789
286 0.09155736863613129
287 0.08430132269859314
288 0.09884651005268097
289 0.08567310869693756
290 0.09151007235050201
291 0.08399573713541031
292 0.08391126990318298
293 0.0930165946483612
294 0.09054524451494217
295 0.0821254774928093
296 0.0940537080168724
297 0.08347295224666595
298 0.10586114227771759
299 0.09425687044858932
300 0.0922616571187973
301 0.09448377788066864
302 0.09619098156690598
303 0.09298116713762283
304 0.0818389356136322
305 0.09604451060295105
306 0.08967327326536179
307 0.08128166198730469
308 0.1046573594212532
309 0.0818999782204628
310 0.09992725402116776
311 0.09415750950574875
312 0.08707369863986969
313 0.0884585827589035
314 0.10281111299991608
315 0.0880868136882782
316 0.08991681039333344
317 0.08396738767623901
318 0.09126105904579163
319 0.08999160677194595
320 0.08405718207359314
321 0.09148650616407394
322 0.08178704231977463
323 0.09187339246273041
324 0.10216886550188065
325 0.08748842030763626
326 0.09177154302597046
327 0.08963339775800705
328 0.09069722890853882
329 0.0877857506275177
330 0.09111335873603821
331 0.08887181431055069
332 0.07881443947553635
333 0.09274840354919434
334 0.0954834520816803
335 0.09116797149181366
336 0.08672895282506943
337 0.08861694484949112
338 0.08759471029043198
339 0.08816064149141312
340 0.0883495882153511
341 0.09049414843320847
342 0.0864873006939888
343 0.09246159344911575
344 0.08777106553316116
345 0.0824073776602745
346 0.08315178751945496
347 0.10439272224903107
348 0.09144621342420578
349 0.08461077511310577
350 0.09263325482606888
351 0.08790089190006256
352 0.08613888919353485
353 0.10576272010803223
354 0.08052406460046768
355 0.08446895331144333
356 0.0939345508813858
357 0.09375853836536407
358 0.08810262382030487
359 0.08796792477369308
360 0.08516179770231247
361 0.0863860547542572
362 0.08039415627717972
363 0.08114203065633774
364 0.0843987762928009
365 0.07865779101848602
366 0.10489236563444138
367 0.08516683429479599
368 0.08758772164583206
369 0.10052239894866943
370 0.07926057279109955
371 0.09803953021764755
372 0.10010536015033722
373 0.07588997483253479
374 0.0856483057141304
375 0.08919861912727356
376 0.07303859293460846
377 0.08414754271507263
378 0.09649529308080673
379 0.08398166298866272
380 0.09016716480255127
381 0.0907246395945549
382 0.0922841876745224
383 0.09020362794399261
384 0.08984068036079407
385 0.0879797488451004
386 0.09283588081598282
387 0.07777289301156998
388 0.09263439476490021
389 0.08237607777118683
390 0.09398508071899414
391 0.07739172875881195
392 0.0869540423154831
393 0.09819729626178741
394 0.08808496594429016
395 0.07112882286310196
396 0.08512815088033676
397 0.08244452625513077
398 0.08959141373634338
399 0.09106329828500748
400 0.09868080168962479
