1 1.0838773250579834
2 0.593472957611084
3 0.3641308546066284
4 0.27554014325141907
5 0.26332783699035645
6 0.23183806240558624
7 0.21071478724479675
8 0.23312535881996155
9 0.18241119384765625
10 0.2159961611032486
11 0.20252223312854767
12 0.2085302174091339
13 0.1738487184047699
14 0.14678706228733063
15 0.19579936563968658
16 0.18988841772079468
17 0.17604346573352814
18 0.14546367526054382
19 0.19028683006763458
20 0.18151108920574188
21 0.15209129452705383
22 0.16217999160289764
23 0.17634016275405884
24 0.14970862865447998
25 0.1609775573015213
26 0.14401239156723022
27 0.1736188679933548
28 0.17806538939476013
29 0.1618097871541977
30 0.17407244443893433
31 0.14302131533622742
32 0.14748963713645935
33 0.15028686821460724
34 0.13467054069042206
35 0.13401521742343903
36 0.17050114274024963
37 0.13221576809883118
38 0.16634631156921387
39 0.17201244831085205
40 0.16699889302253723
41 0.1789703369140625
42 0.1703217774629593
43 0.16795581579208374
44 0.15716396272182465
45 0.14136673510074615
46 0.14640012383460999
47 0.1467694789171219
48 0.1424938589334488
49 0.148812934756279
50 0.1408834606409073
51 0.12951403856277466
52 0.1491600126028061
53 0.19100069999694824
54 0.15625038743019104
55 0.16519427299499512
56 0.14767052233219147
57 0.14864397048950195
58 0.15196718275547028
59 0.14869767427444458
60 0.17784763872623444
61 0.13928760588169098
62 0.12395063042640686
63 0.16630934178829193
64 0.15388651192188263
65 0.14146757125854492
66 0.15353751182556152
67 0.1340828388929367
68 0.12747909128665924
69 0.12304724752902985
70 0.1275254189968109
71 0.12140107154846191
72 0.1440180391073227
73 0.11776422709226608
74 0.132179856300354
75 0.17444074153900146
76 0.15465624630451202
77 0.11339016258716583
78 0.1660216897726059
79 0.1386745423078537
80 0.14883114397525787
81 0.1321718543767929
82 0.14183582365512848
83 0.12030518054962158
84 0.11163894087076187
85 0.16672173142433167
86 0.13469867408275604
87 0.15555566549301147
88 0.12601669132709503
89 0.18792007863521576
90 0.1542169749736786
91 0.12210600823163986
92 0.13809092342853546
93 0.12701886892318726
94 0.14415700733661652
95 0.1174851655960083
96 0.15075941383838654
97 0.13183896243572235
98 0.17955255508422852
99 0.1291790008544922
100 0.13640882074832916
101 0.12839600443840027
102 0.12192577123641968
103 0.15191689133644104
104 0.12315580993890762
105 0.1440614014863968
106 0.1726316660642624
107 0.12091922014951706
108 0.1668039858341217
109 0.1343146562576294
110 0.12110079824924469
111 0.15053309500217438
112 0.14767780900001526
113 0.14171253144741058
114 0.10778086632490158
115 0.16290344297885895
116 0.13667024672031403
117 0.10857737809419632
118 0.09404728561639786
119 0.13815079629421234
120 0.12050465494394302
121 0.13158516585826874
122 0.1343354731798172
123 0.10724546015262604
124 0.13902369141578674
125 0.1780937910079956
126 0.11802077293395996
127 0.12369286268949509
128 0.1436855047941208
129 0.1450401097536087
130 0.12937568128108978
131 0.15232841670513153
132 0.10784801840782166
133 0.1432076245546341
134 0.10845647007226944
135 0.15670864284038544
136 0.12045012414455414
137 0.13235418498516083
138 0.1263100504875183
139 0.10225794464349747
140 0.10663799196481705
141 0.1192314475774765
142 0.12903372943401337
143 0.13288389146327972
144 0.1425088346004486
145 0.13844361901283264
146 0.12432605773210526
147 0.10437402129173279
148 0.13314512372016907
149 0.12701669335365295
150 0.12635526061058044
151 0.11954964697360992
152 0.14505968987941742
153 0.10145959258079529
154 0.12004256248474121
155 0.11865773797035217
156 0.1237875446677208
157 0.10820413380861282
158 0.13168920576572418
159 0.12336689978837967
160 0.11692511290311813
161 0.13482798635959625
162 0.12572069466114044
163 0.1351414918899536
164 0.12628763914108276
165 0.10774456709623337
166 0.12640604376792908
167 0.11793936789035797
168 0.13412559032440186
169 0.132888525724411
170 0.123442642390728
171 0.11679809540510178
172 0.12029371410608292
173 0.1319243162870407
174 0.14189252257347107
175 0.12751887738704681
176 0.13276243209838867
177 0.12113852053880692
178 0.1287524700164795
179 0.11552263051271439
180 0.1468745470046997
181 0.11607559770345688
182 0.10455437004566193
183 0.11943230777978897
184 0.13901546597480774
185 0.12632258236408234
186 0.1253601461648941
187 0.12415747344493866
188 0.10613486915826797
189 0.131585031747818
190 0.15448623895645142
191 0.12442517280578613
192 0.1262092888355255
193 0.11503191292285919
194 0.09923020005226135
195 0.13020823895931244
196 0.11375097930431366
197 0.09564529359340668
198 0.11081884801387787
199 0.11973146349191666
200 0.1294873207807541
201 0.12608742713928223
202 0.14620938897132874
203 0.1293613165616989
204 0.11881104856729507
205 0.11584427207708359
206 0.1164829432964325
207 0.14657458662986755
208 0.10772553086280823
209 0.11182202398777008
210 0.13917739689350128
211 0.12226900458335876
212 0.13823503255844116
213 0.13573764264583588
214 0.1372155249118805
215 0.13173900544643402
216 0.14387977123260498
217 0.13235211372375488
218 0.11603520810604095
219 0.11634421348571777
220 0.11218831688165665
221 0.1617758572101593
222 0.12691859900951385
223 0.16847479343414307
224 0.13713598251342773
225 0.1586122214794159
226 0.1242925152182579
227 0.1321755051612854
228 0.11610893905162811
229 0.1309479922056198
230 0.1139192283153534
231 0.10709177702665329
232 0.11914756149053574
233 0.11769554764032364
234 0.12290896475315094
235 0.10337072610855103
236 0.08690176904201508
237 0.10241471230983734
238 0.14158961176872253
239 0.11467460542917252
240 0.13552862405776978
241 0.12666676938533783
242 0.13150441646575928
243 0.12721554934978485
244 0.09892714768648148
245 0.15139004588127136
246 0.10861708968877792
247 0.16867482662200928
248 0.16350401937961578
249 0.14037252962589264
250 0.12194281071424484
251 0.12283302843570709
252 0.12494087219238281
253 0.131533682346344
254 0.10835494101047516
255 0.1261410117149353
256 0.11648843437433243
257 0.12095598876476288
258 0.1277039647102356
259 0.10143158584833145
260 0.1136619970202446
261 0.11759024858474731
262 0.12927722930908203
263 0.11394993215799332
264 0.13554053008556366
265 0.14309827983379364
266 0.1145298033952713
267 0.10978633910417557
268 0.13122040033340454
269 0.1131788045167923
270 0.12073416262865067
271 0.1124553456902504
272 0.11380913108587265
273 0.12887391448020935
274 0.12967142462730408
275 0.10021371394395828
276 0.12843340635299683
277 0.11774344742298126
278 0.12538708746433258
279 0.09498914331197739
280 0.12290076166391373
281 0.12171167135238647
282 0.12233526259660721
283 0.14453454315662384
284 0.1293754130601883
285 0.10377834737300873
286 0.10518545657396317
287 0.11722251772880554
288 0.13402746617794037
289 0.1368517130613327
290 0.1443863809108734
291 0.1183735728263855
292 0.11751820147037506
293 0.10842473804950714
294 0.10536812245845795
295 0.14676442742347717
296 0.14012391865253448
297 0.15056686103343964
298 0.10793252289295197
299 0.15092505514621735
300 0.13445542752742767
301 0.10128585249185562
302 0.11189871281385422
303 0.12602898478507996
304 0.1774892359972
305 0.11926253885030746
306 0.17823533713817596
307 0.10670538246631622
308 0.13673360645771027
309 0.08922085911035538
310 0.1328427791595459
311 0.11471572518348694
312 0.1321128010749817
313 0.13618938624858856
314 0.11729542165994644
315 0.1252034604549408
316 0.12045951187610626
317 0.10385897010564804
318 0.11399072408676147
319 0.1286875605583191
320 0.1392098218202591
321 0.12266787886619568
322 0.13063733279705048
323 0.12608538568019867
324 0.16454307734966278
325 0.11456601321697235
326 0.10854802280664444
327 0.13486598432064056
328 0.08257614076137543
329 0.09856022149324417
330 0.09445303678512573
331 0.11948588490486145
332 0.12569600343704224
333 0.09405940771102905
334 0.11347763985395432
335 0.1427975744009018
336 0.13701842725276947
337 0.13500145077705383
338 0.10663974285125732
339 0.12839391827583313
340 0.08539322018623352
341 0.10899782925844193
342 0.11317802965641022
343 0.12124114483594894
344 0.13116981089115143
345 0.12915317714214325
346 0.09312830120325089
347 0.12184008955955505
348 0.10737501829862595
349 0.12022081017494202
350 0.13593843579292297
351 0.12704749405384064
352 0.13243071734905243
353 0.10859911143779755
354 0.10532086342573166
355 0.09816872328519821
356 0.12369897216558456
357 0.13643217086791992
358 0.11744508147239685
359 0.1094966009259224
360 0.111190564930439
361 0.12130805104970932
362 0.12030190229415894
363 0.11327480524778366
364 0.11586349457502365
365 0.1390056312084198
366 0.12392207980155945
367 0.10640421509742737
368 0.12976126372814178
369 0.09751828759908676
370 0.11066552251577377
371 0.09380685538053513
372 0.12380392849445343
373 0.11007433384656906
374 0.13418954610824585
375 0.10509811341762543
376 0.1118612289428711
377 0.0964360162615776
378 0.0887238010764122
379 0.12894414365291595
380 0.1871194988489151
381 0.09849132597446442
382 0.11248411983251572
383 0.09781067818403244
384 0.1121269091963768
385 0.13102522492408752
386 0.15276208519935608
387 0.12365327030420303
388 0.11430864036083221
389 0.10910292714834213
390 0.1369209736585617
391 0.10321099311113358
392 0.1323254406452179
393 0.10852425545454025
394 0.12431212514638901
395 0.1432098001241684
396 0.11862079799175262
397 0.13825246691703796
398 0.1003851518034935
399 0.12661011517047882
400 0.11151965707540512
