1 3.8588173389434814
2 2.0722458362579346
3 1.0926201343536377
4 0.9432077407836914
5 0.8786137104034424
6 0.9058895111083984
7 0.8890889286994934
8 0.8546004295349121
9 0.7379237413406372
10 0.7450117468833923
11 0.6327001452445984
12 0.6511698365211487
13 0.678246259689331
14 0.5921317934989929
15 0.5741521716117859
16 0.5675630569458008
17 0.5435389876365662
18 0.48458653688430786
19 0.5670674443244934
20 0.5079101324081421
21 0.531737208366394
22 0.5189929604530334
23 0.532911479473114
24 0.5098152160644531
25 0.5087586641311646
26 0.5230567455291748
27 0.5017881989479065
28 0.5199092626571655
29 0.47998079657554626
30 0.4393397867679596
31 0.533437192440033
32 0.4960803687572479
33 0.5138848423957825
34 0.5539640188217163
35 0.49108439683914185
36 0.4857388138771057
37 0.5157285928726196
38 0.5385050773620605
39 0.5431365966796875
40 0.4520028233528137
41 0.46760666370391846
42 0.42390409111976624
43 0.48783522844314575
44 0.44645822048187256
45 0.4477112889289856
46 0.4857572615146637
47 0.4523451030254364
48 0.42550840973854065
49 0.5505169034004211
50 0.42494332790374756
51 0.48484116792678833
52 0.5054751038551331
53 0.5170891284942627
54 0.48916733264923096
55 0.4969041347503662
56 0.4579252302646637
57 0.5235724449157715
58 0.48271748423576355
59 0.430440217256546
60 0.48012229800224304
61 0.5564273595809937
62 0.4578220844268799
63 0.5472915768623352
64 0.5019885301589966
65 0.436458945274353
66 0.5472607612609863
67 0.4484286904335022
68 0.44869232177734375
69 0.43597087264060974
70 0.4383983314037323
71 0.4915544390678406
72 0.4765685796737671
73 0.5628187656402588
74 0.508056104183197
75 0.5346734523773193
76 0.5144684910774231
77 0.4274892508983612
78 0.46185460686683655
79 0.4989722967147827
80 0.5210990309715271
81 0.5175533890724182
82 0.4670332968235016
83 0.4851814806461334
84 0.43265751004219055
85 0.4787342846393585
86 0.44611087441444397
87 0.5036007761955261
88 0.44653239846229553
89 0.4683133065700531
90 0.43022164702415466
91 0.631296694278717
92 0.42133450508117676
93 0.4601452350616455
94 0.4948766231536865
95 0.44939708709716797
96 0.4602711498737335
97 0.5288118720054626
98 0.481685608625412
99 0.4230189025402069
100 0.509652853012085
101 0.43471264839172363
102 0.45536601543426514
103 0.4282786548137665
104 0.5126440525054932
105 0.4821092188358307
106 0.4062715768814087
107 0.4693892300128937
108 0.4231603741645813
109 0.402881920337677
110 0.43513306975364685
111 0.40837401151657104
112 0.46732085943222046
113 0.403935045003891
114 0.39755702018737793
115 0.40923136472702026
116 0.40719178318977356
117 0.4304302930831909
118 0.4465823173522949
119 0.42006394267082214
120 0.38917097449302673
121 0.5200885534286499
122 0.46770426630973816
123 0.3947256803512573
124 0.3651350438594818
125 0.5141524076461792
126 0.43200430274009705
127 0.36936479806900024
128 0.4840696454048157
129 0.41136041283607483
130 0.39483147859573364
131 0.33852145075798035
132 0.5536231994628906
133 0.5253370404243469
134 0.5083944797515869
135 0.4195280969142914
136 0.41032111644744873
137 0.3969722092151642
138 0.4409751296043396
139 0.37312188744544983
140 0.4631733000278473
141 0.41625696420669556
142 0.40574678778648376
143 0.47745582461357117
144 0.4135582745075226
145 0.5496404767036438
146 0.37411707639694214
147 0.459834486246109
148 0.4215300679206848
149 0.36944180727005005
150 0.3519631326198578
151 0.3745284676551819
152 0.36806806921958923
153 0.4030561149120331
154 0.42194846272468567
155 0.4013659954071045
156 0.383945107460022
157 0.34981194138526917
158 0.4118489921092987
159 0.3914353549480438
160 0.43504786491394043
161 0.42293286323547363
162 0.35902971029281616
163 0.4751375615596771
164 0.38207101821899414
165 0.49481961131095886
166 0.4420638978481293
167 0.41690751910209656
168 0.3882570266723633
169 0.5021315217018127
170 0.35507604479789734
171 0.4006730616092682
172 0.44238075613975525
173 0.3682419955730438
174 0.5317646265029907
175 0.3367666006088257
176 0.33876678347587585
177 0.35946202278137207
178 0.3509010970592499
179 0.3411654233932495
180 0.3820268213748932
181 0.4030363857746124
182 0.4053049683570862
183 0.4141840934753418
184 0.41170141100883484
185 0.36928337812423706
186 0.4176054298877716
187 0.4224036633968353
188 0.33280548453330994
189 0.49997517466545105
190 0.35745757818222046
191 0.37675201892852783
192 0.37120136618614197
193 0.31513041257858276
194 0.39712175726890564
195 0.4071195721626282
196 0.3486921787261963
197 0.4439905285835266
198 0.42166489362716675
199 0.35654035210609436
200 0.3821325898170471
201 0.5307365655899048
202 0.4773766100406647
203 0.3886183500289917
204 0.41748055815696716
205 0.32667654752731323
206 0.35286998748779297
207 0.39843615889549255
208 0.3866732120513916
209 0.3361899256706238
210 0.35090452432632446
211 0.3998470604419708
212 0.45880988240242004
213 0.36531174182891846
214 0.47762158513069153
215 0.3321264386177063
216 0.40059831738471985
217 0.3942473828792572
218 0.3963669538497925
219 0.32201334834098816
220 0.3512100279331207
221 0.40744295716285706
222 0.42371153831481934
223 0.37245994806289673
224 0.3714071214199066
225 0.4029596149921417
226 0.3375962972640991
227 0.37436240911483765
228 0.3853071928024292
229 0.3683621287345886
230 0.2993828356266022
231 0.3457534909248352
232 0.45149749517440796
233 0.35052964091300964
234 0.3470638394355774
235 0.42713502049446106
236 0.3794562816619873
237 0.420200377702713
238 0.3466126024723053
239 0.4225360155105591
240 0.37913060188293457
241 0.3892735242843628
242 0.3299012780189514
243 0.4127734303474426
244 0.3320325016975403
245 0.42700761556625366
246 0.37308040261268616
247 0.3846887946128845
248 0.35587403178215027
249 0.3261578381061554
250 0.27291980385780334
251 0.3815898001194
252 0.36921796202659607
253 0.3372989296913147
254 0.3953453600406647
255 0.3645673394203186
256 0.3052568733692169
257 0.34327319264411926
258 0.38191574811935425
259 0.2735845148563385
260 0.3756849467754364
261 0.3193330764770508
262 0.35497933626174927
263 0.3883920907974243
264 0.3017580509185791
265 0.35101085901260376
266 0.3705505430698395
267 0.31746605038642883
268 0.3599975109100342
269 0.3137480914592743
270 0.3697178363800049
271 0.36578503251075745
272 0.3332620859146118
273 0.3641918897628784
274 0.3639789819717407
275 0.36733338236808777
276 0.3362116813659668
277 0.4113546311855316
278 0.3076742887496948
279 0.33372366428375244
280 0.3824283182621002
281 0.38179028034210205
282 0.3208079934120178
283 0.4469311237335205
284 0.4351128041744232
285 0.31657353043556213
286 0.3741683065891266
287 0.33462250232696533
288 0.54744553565979
289 0.4125778079032898
290 0.3472376763820648
291 0.31804969906806946
292 0.40618547797203064
293 0.36335673928260803
294 0.3814024329185486
295 0.34734126925468445
296 0.34357205033302307
297 0.3467360734939575
298 0.37407225370407104
299 0.30952030420303345
300 0.25489071011543274
301 0.2908672094345093
302 0.36848342418670654
303 0.3304429352283478
304 0.3594658374786377
305 0.34385618567466736
306 0.3726331889629364
307 0.3520404100418091
308 0.3741048276424408
309 0.3351605534553528
310 0.3385428488254547
311 0.45468437671661377
312 0.33898255228996277
313 0.3662436604499817
314 0.34337589144706726
315 0.3070431649684906
316 0.3303069472312927
317 0.35463622212409973
318 0.3477797508239746
319 0.32350680232048035
320 0.3128649592399597
321 0.3712150752544403
322 0.29466673731803894
323 0.32594946026802063
324 0.3415074050426483
325 0.34615135192871094
326 0.3124520480632782
327 0.3086036443710327
328 0.3262752294540405
329 0.34387168288230896
330 0.3521146774291992
331 0.3600873649120331
332 0.4294307231903076
333 0.33898401260375977
334 0.37456440925598145
335 0.4275796413421631
336 0.5351171493530273
337 0.32033029198646545
338 0.32745569944381714
339 0.3147028088569641
340 0.3943445086479187
341 0.3833408057689667
342 0.6112039089202881
343 0.29859742522239685
344 0.40859344601631165
345 0.36365973949432373
346 0.3989749550819397
347 0.3550296723842621
348 0.3110736906528473
349 0.3076777458190918
350 0.3870648741722107
351 0.2973800301551819
352 0.36974984407424927
353 0.3317379653453827
354 0.34619376063346863
355 0.4608331620693207
356 0.2924298644065857
357 0.3087225556373596
358 0.4625462591648102
359 0.39100682735443115
360 0.3140086829662323
361 0.499141126871109
362 0.5841794610023499
363 0.3077336549758911
364 0.3762439787387848
365 0.29052871465682983
366 0.31546613574028015
367 0.30042535066604614
368 0.3303852081298828
369 0.5675188302993774
370 0.3071768283843994
371 0.2984355390071869
372 0.3059842884540558
373 0.32163918018341064
374 0.34598711133003235
375 0.3588177561759949
376 0.348258912563324
377 0.25180646777153015
378 0.3117210566997528
379 0.3314359188079834
380 0.3268979489803314
381 0.342166006565094
382 0.3743366003036499
383 0.3052811920642853
384 0.28633829951286316
385 0.27106809616088867
386 0.3321640193462372
387 0.30375608801841736
388 0.37139615416526794
389 0.3385445773601532
390 0.2801414430141449
391 0.31999555230140686
392 0.2920093238353729
393 0.5212917923927307
394 0.2757852375507355
395 0.285197377204895
396 0.3301026523113251
397 0.3559139668941498
398 0.35987910628318787
399 0.45886269211769104
400 0.3112659156322479
