1 1.198830485343933
2 1.1296426057815552
3 1.0647833347320557
4 0.984585702419281
5 0.9124200344085693
6 0.8520349860191345
7 0.7950550317764282
8 0.7464655637741089
9 0.7058485150337219
10 0.6682895421981812
11 0.6334472894668579
12 0.6005826592445374
13 0.5737366676330566
14 0.551622748374939
15 0.5309261679649353
16 0.5100411176681519
17 0.4917285144329071
18 0.47121086716651917
19 0.4555969834327698
20 0.43606215715408325
21 0.4183013439178467
22 0.40406811237335205
23 0.38874778151512146
24 0.3746053874492645
25 0.36130979657173157
26 0.34830448031425476
27 0.33675268292427063
28 0.3247290253639221
29 0.3143402636051178
30 0.3047662377357483
31 0.29810696840286255
32 0.28969845175743103
33 0.28224658966064453
34 0.2747284173965454
35 0.2691265642642975
36 0.2616109251976013
37 0.257957398891449
38 0.24989064037799835
39 0.24550558626651764
40 0.2406834363937378
41 0.2366309016942978
42 0.23256637156009674
43 0.23012129962444305
44 0.22483369708061218
45 0.22064730525016785
46 0.21826069056987762
47 0.2148258239030838
48 0.2113018035888672
49 0.209426611661911
50 0.2036142349243164
51 0.2029549777507782
52 0.20017565786838531
53 0.1969572901725769
54 0.1956445723772049
55 0.19277513027191162
56 0.18984156847000122
57 0.189675971865654
58 0.18650591373443604
59 0.18361066281795502
60 0.1815403699874878
61 0.1797129511833191
62 0.1765407770872116
63 0.17432889342308044
64 0.171470507979393
65 0.17365999519824982
66 0.17010916769504547
67 0.16778570413589478
68 0.165851429104805
69 0.16326966881752014
70 0.16419437527656555
71 0.16155284643173218
72 0.16036829352378845
73 0.15710945427417755
74 0.15771479904651642
75 0.15628623962402344
76 0.1533210128545761
77 0.15176422894001007
78 0.1514054387807846
79 0.14970612525939941
80 0.14645430445671082
81 0.14648683369159698
82 0.14617352187633514
83 0.14440840482711792
84 0.14327363669872284
85 0.1413792222738266
86 0.1402670443058014
87 0.13813340663909912
88 0.13911223411560059
89 0.13795435428619385
90 0.13773392140865326
91 0.13553427159786224
92 0.13580040633678436
93 0.13108958303928375
94 0.13206683099269867
95 0.131916806101799
96 0.13157771527767181
97 0.1300860196352005
98 0.12863242626190186
99 0.1262826770544052
100 0.12682005763053894
101 0.12568014860153198
102 0.12356021255254745
103 0.12478279322385788
104 0.12146346271038055
105 0.12157547473907471
106 0.12189853936433792
107 0.11991957575082779
108 0.12038007378578186
109 0.1191118136048317
110 0.11889584362506866
111 0.11911424994468689
112 0.1168687641620636
113 0.11701413244009018
114 0.11535836011171341
115 0.11463303118944168
116 0.11305273324251175
117 0.11222975701093674
118 0.11378210783004761
119 0.11296743899583817
120 0.11290746182203293
121 0.11057830601930618
122 0.11167377978563309
123 0.11072835326194763
124 0.11117614805698395
125 0.11072149872779846
126 0.10927076637744904
127 0.1083386167883873
128 0.10639603435993195
129 0.10848182439804077
130 0.10744321346282959
131 0.10755421966314316
132 0.10659658908843994
133 0.10531330108642578
134 0.1046576052904129
135 0.10478661954402924
136 0.10302310436964035
137 0.1034771278500557
138 0.10317681729793549
139 0.10129442065954208
140 0.1014668345451355
141 0.10175114125013351
142 0.10201787203550339
143 0.10046981275081635
144 0.10132376849651337
145 0.09888593852519989
146 0.1012810692191124
147 0.0998980700969696
148 0.09778787195682526
149 0.09958384186029434
150 0.10019608587026596
151 0.09826204180717468
152 0.09628492593765259
153 0.09605349600315094
154 0.09575189650058746
155 0.09547776728868484
156 0.09694612771272659
157 0.09867265820503235
158 0.09693434089422226
159 0.09561938792467117
160 0.09540954232215881
161 0.09437384456396103
162 0.09575419127941132
163 0.09249062091112137
164 0.09388425946235657
165 0.09409147500991821
166 0.09370676428079605
167 0.09359462559223175
168 0.09229723364114761
169 0.09272033721208572
170 0.09191146492958069
171 0.09121578931808472
172 0.09002706408500671
173 0.09298104047775269
174 0.09064721316099167
175 0.09133705496788025
176 0.09048355370759964
177 0.09072408080101013
178 0.08962824940681458
179 0.08961150050163269
180 0.08824724704027176
181 0.09006837010383606
182 0.08867702633142471
183 0.09007295966148376
184 0.0889558494091034
185 0.08801478892564774
186 0.08736024051904678
187 0.08866723626852036
188 0.08851540088653564
189 0.08851036429405212
190 0.08760008215904236
191 0.08668839931488037
192 0.08703382313251495
193 0.0863649919629097
194 0.08526740223169327
195 0.08520106971263885
196 0.0852164551615715
197 0.08573620766401291
198 0.08493953943252563
199 0.08526403456926346
200 0.08467895537614822
