1 1.1706788539886475
2 0.9185382127761841
3 0.7582427263259888
4 0.6624711155891418
5 0.6027243733406067
6 0.571212112903595
7 0.5317492485046387
8 0.507202684879303
9 0.4880194664001465
10 0.4581160247325897
11 0.44368451833724976
12 0.41864705085754395
13 0.4019401967525482
14 0.3808329403400421
15 0.37119585275650024
16 0.3503187596797943
17 0.3384946882724762
18 0.32645389437675476
19 0.3226584494113922
20 0.31546956300735474
21 0.3011218309402466
22 0.29539549350738525
23 0.29409143328666687
24 0.274599552154541
25 0.28138086199760437
26 0.27261126041412354
27 0.2759951949119568
28 0.2732684016227722
29 0.2683045566082001
30 0.2702701687812805
31 0.2697155773639679
32 0.2596730887889862
33 0.2606552243232727
34 0.2567055821418762
35 0.25225576758384705
36 0.25644147396087646
37 0.25007548928260803
38 0.2598247826099396
39 0.2529021203517914
40 0.25306811928749084
41 0.2459537833929062
42 0.2514471709728241
43 0.24154871702194214
44 0.24240824580192566
45 0.2475663125514984
46 0.23943734169006348
47 0.24247559905052185
48 0.24955083429813385
49 0.24946214258670807
50 0.23354262113571167
51 0.24692754447460175
52 0.23834435641765594
53 0.23812180757522583
54 0.2505147457122803
55 0.23477891087532043
56 0.2441512495279312
57 0.2535000443458557
58 0.23674817383289337
59 0.24529647827148438
60 0.23464758694171906
61 0.23513224720954895
62 0.22996211051940918
63 0.23417161405086517
64 0.23899230360984802
65 0.24149900674819946
66 0.23682522773742676
67 0.24052037298679352
68 0.2271457314491272
69 0.23898661136627197
70 0.23987476527690887
71 0.23758703470230103
72 0.233904168009758
73 0.24736104905605316
74 0.22443383932113647
75 0.24568365514278412
76 0.21977663040161133
77 0.22712074220180511
78 0.22142863273620605
79 0.22667114436626434
80 0.23411357402801514
81 0.22591306269168854
82 0.2251770794391632
83 0.22650767862796783
84 0.22008629143238068
85 0.22029930353164673
86 0.23880741000175476
87 0.22948132455348969
88 0.2337726652622223
89 0.21854422986507416
90 0.23105931282043457
91 0.22575514018535614
92 0.22935818135738373
93 0.23459921777248383
94 0.2347351610660553
95 0.22533340752124786
96 0.22378115355968475
97 0.2209540605545044
98 0.2236051857471466
99 0.22243882715702057
100 0.22766998410224915
101 0.2230859398841858
102 0.2285294234752655
103 0.23172178864479065
104 0.22288472950458527
105 0.2169497162103653
106 0.22580790519714355
107 0.2225075662136078
108 0.22071217000484467
109 0.22286687791347504
110 0.2207188904285431
111 0.2225925177335739
112 0.21073175966739655
113 0.23040862381458282
114 0.20960256457328796
115 0.21141979098320007
116 0.2198258489370346
117 0.21077144145965576
118 0.21998006105422974
119 0.22371292114257812
120 0.22389261424541473
121 0.20004895329475403
122 0.23259307444095612
123 0.21322160959243774
124 0.2196662873029709
125 0.21089361608028412
126 0.22218634188175201
127 0.2238321155309677
128 0.21376080811023712
129 0.21554343402385712
130 0.22311928868293762
131 0.2169652283191681
132 0.2156219184398651
133 0.2148250937461853
134 0.22604046761989594
135 0.21142983436584473
136 0.21089132130146027
137 0.21764037013053894
138 0.21313022077083588
139 0.21445223689079285
140 0.2120293825864792
141 0.2139224410057068
142 0.20228125154972076
143 0.21720527112483978
144 0.20857614278793335
145 0.20717516541481018
146 0.21473298966884613
147 0.21701979637145996
148 0.2055698186159134
149 0.21030783653259277
150 0.2068842500448227
151 0.21504689753055573
152 0.20909784734249115
153 0.2119130939245224
154 0.20918330550193787
155 0.21501460671424866
156 0.22149936854839325
157 0.19993163645267487
158 0.20698228478431702
159 0.21004194021224976
160 0.2069496065378189
161 0.21006280183792114
162 0.20648333430290222
163 0.21183821558952332
164 0.20027802884578705
165 0.21898153424263
166 0.2027442902326584
167 0.20937764644622803
168 0.2097834199666977
169 0.20685067772865295
170 0.20988881587982178
171 0.21108059585094452
172 0.20474298298358917
173 0.20923055708408356
174 0.1961214244365692
175 0.2065785825252533
176 0.20768895745277405
177 0.20616967976093292
178 0.20561572909355164
179 0.20103569328784943
180 0.2074233889579773
181 0.19348439574241638
182 0.22441281378269196
183 0.20319658517837524
184 0.19318783283233643
185 0.19609671831130981
186 0.2020261585712433
187 0.19266900420188904
188 0.20457357168197632
189 0.19515235722064972
190 0.199321910738945
191 0.18872961401939392
192 0.1988949179649353
193 0.2057708203792572
194 0.1795324832201004
195 0.2118302434682846
196 0.19447821378707886
197 0.19311882555484772
198 0.18817037343978882
199 0.20815391838550568
200 0.19450414180755615
