1 1.4548853635787964
2 1.3311666250228882
3 1.3122581243515015
4 1.3449914455413818
5 1.2830901145935059
6 1.0849665403366089
7 1.0180326700210571
8 0.9968724250793457
9 0.9850016832351685
10 0.9686955213546753
11 0.8668840527534485
12 0.858546793460846
13 0.8673797845840454
14 0.851643443107605
15 0.8986299633979797
16 0.7949449419975281
17 0.8165518641471863
18 0.8226438164710999
19 0.8105853199958801
20 0.8308316469192505
21 0.8805572390556335
22 0.7810799479484558
23 0.8004825115203857
24 0.8401367664337158
25 0.838386595249176
26 0.9000274538993835
27 0.7648944854736328
28 0.8289811611175537
29 0.7810845971107483
30 0.8025895953178406
31 0.7686830759048462
32 0.7756339907646179
33 0.8153093457221985
34 0.8049629926681519
35 0.7380052804946899
36 0.8152461647987366
37 0.8244339823722839
38 0.7451971173286438
39 0.7812085747718811
40 0.8317539095878601
41 0.7962178587913513
42 0.8128254413604736
43 0.7726484537124634
44 0.8731071949005127
45 0.8179790377616882
46 0.7927843928337097
47 0.8040281534194946
48 0.7806606292724609
49 0.7978121042251587
50 0.7878349423408508
51 0.7500183582305908
52 0.7776569128036499
53 0.7633883953094482
54 0.767052948474884
55 0.7996410727500916
56 0.7568451762199402
57 0.7359863519668579
58 0.8075076341629028
59 0.8453437089920044
60 0.7290636897087097
61 0.777879536151886
62 0.7401294708251953
63 0.7419003248214722
64 0.799119770526886
65 0.8233824372291565
66 0.8541526198387146
67 0.7724737524986267
68 0.79086834192276
69 0.7685006260871887
70 0.7989122271537781
71 0.7429673671722412
72 0.7758582234382629
73 0.7639692425727844
74 0.7700414061546326
75 0.7411686182022095
76 0.7746069431304932
77 0.7863897085189819
78 0.7491369843482971
79 0.7490035891532898
80 0.7980386018753052
81 0.7376224398612976
82 0.7734001874923706
83 0.7478741407394409
84 0.7378754019737244
85 0.7313838005065918
86 0.7334351539611816
87 0.7664276361465454
88 0.7587171792984009
89 0.7507632970809937
90 0.7784985899925232
91 0.8013278841972351
92 0.8458052277565002
93 0.7511334419250488
94 0.7551227807998657
95 0.7869473695755005
96 0.7849359512329102
97 0.7965816259384155
98 0.7904967665672302
99 0.6201150417327881
100 0.6644264459609985
101 0.5337672829627991
102 0.5459951162338257
103 0.5715660452842712
104 0.5004132390022278
105 0.5226711630821228
106 0.5582085251808167
107 0.49936673045158386
108 0.5282663702964783
109 0.4926745593547821
110 0.4899810254573822
111 0.4550890028476715
112 0.552574872970581
113 0.5235649347305298
114 0.5570438504219055
115 0.4692504405975342
116 0.5130668878555298
117 0.4389283359050751
118 0.4663675129413605
119 0.5648029446601868
120 0.4564380943775177
121 0.4601251482963562
122 0.4601694941520691
123 0.46417829394340515
124 0.5379985570907593
125 0.47075843811035156
126 0.5193687677383423
127 0.49554121494293213
128 0.4569009244441986
129 0.4756699204444885
130 0.5335020422935486
131 0.47634777426719666
132 0.46478167176246643
133 0.43302831053733826
134 0.40853777527809143
135 0.4504488408565521
136 0.4401681125164032
137 0.45731016993522644
138 0.45181265473365784
139 0.46116411685943604
140 0.45765310525894165
141 0.43304407596588135
142 0.3889541029930115
143 0.5202941298484802
144 0.4759387671947479
145 0.5035039782524109
146 0.48714205622673035
147 0.5077919363975525
148 0.5435612201690674
149 0.4821964502334595
150 0.4907909631729126
151 0.49193015694618225
152 0.4572713375091553
153 0.43513819575309753
154 0.5196126103401184
155 0.443441241979599
156 0.5100062489509583
157 0.46827957034111023
158 0.47833871841430664
159 0.4127454161643982
160 0.5079389214515686
161 0.4757133424282074
162 0.47200727462768555
163 0.4740072786808014
164 0.4276651442050934
165 0.48211103677749634
166 0.4007621109485626
167 0.4466680586338043
168 0.4622560739517212
169 0.44130998849868774
170 0.5346629023551941
171 0.4137413203716278
172 0.549286425113678
173 0.4457854628562927
174 0.44509226083755493
175 0.45474085211753845
176 0.4731960594654083
177 0.43376970291137695
178 0.4723358750343323
179 0.47129353880882263
180 0.4741593897342682
181 0.5314124822616577
182 0.5164269804954529
183 0.4224404990673065
184 0.4385876953601837
185 0.4623502790927887
186 0.43242108821868896
187 0.42182114720344543
188 0.487775981426239
189 0.42747753858566284
190 0.4398161470890045
191 0.44462910294532776
192 0.5557140707969666
193 0.44088873267173767
194 0.46968862414360046
195 0.48313772678375244
196 0.44934114813804626
197 0.4790014624595642
198 0.4538065791130066
199 0.45339179039001465
200 0.4475819766521454
