1 1.108810544013977
2 0.7904747128486633
3 0.6162165999412537
4 0.5043234825134277
5 0.4189601242542267
6 0.3493558168411255
7 0.3113066852092743
8 0.27799052000045776
9 0.2457735687494278
10 0.22188276052474976
11 0.209604412317276
12 0.19844035804271698
13 0.18406106531620026
14 0.1835148185491562
15 0.16620104014873505
16 0.16648715734481812
17 0.1597333699464798
18 0.1575210988521576
19 0.14925765991210938
20 0.14884816110134125
21 0.14188137650489807
22 0.14654095470905304
23 0.1335698962211609
24 0.13325506448745728
25 0.1350710093975067
26 0.13039380311965942
27 0.1223064437508583
28 0.13064666092395782
29 0.12075961381196976
30 0.1285923570394516
31 0.11782723665237427
32 0.1234811395406723
33 0.12230847030878067
34 0.12168927490711212
35 0.10982275009155273
36 0.11607684195041656
37 0.1128530278801918
38 0.11147412657737732
39 0.11495084315538406
40 0.10991177707910538
41 0.11081428825855255
42 0.10030332207679749
43 0.1066364049911499
44 0.09869353473186493
45 0.1046634241938591
46 0.09837794303894043
47 0.11200679838657379
48 0.0983542874455452
49 0.10312625020742416
50 0.10099242627620697
51 0.09639006108045578
52 0.0955410823225975
53 0.11139083653688431
54 0.09385316073894501
55 0.09382050484418869
56 0.09497736394405365
57 0.10074322670698166
58 0.09208352118730545
59 0.09089229255914688
60 0.10417187213897705
61 0.09024664014577866
62 0.10022728890180588
63 0.08538081496953964
64 0.09639696031808853
65 0.09175820648670197
66 0.09334426373243332
67 0.08631254732608795
68 0.09528273344039917
69 0.08785251528024673
70 0.09612356871366501
71 0.08571629971265793
72 0.08093992620706558
73 0.0839964747428894
74 0.09708978235721588
75 0.08735274523496628
76 0.09540300071239471
77 0.08199723064899445
78 0.08877497166395187
79 0.0905938670039177
80 0.09068188071250916
81 0.08114782720804214
82 0.08174019306898117
83 0.08900380879640579
84 0.08436418324708939
85 0.08462587743997574
86 0.07962910830974579
87 0.08456264436244965
88 0.08798452466726303
89 0.08332159370183945
90 0.08268766850233078
91 0.07775932550430298
92 0.07764077186584473
93 0.07415809482336044
94 0.08661031723022461
95 0.08231941610574722
96 0.08411448448896408
97 0.07873965799808502
98 0.08812518417835236
99 0.07457993179559708
100 0.09262785315513611
101 0.08550132066011429
102 0.08522260189056396
103 0.08431508392095566
104 0.08191383630037308
105 0.07947029918432236
106 0.07326789200305939
107 0.06817129999399185
108 0.08547963201999664
109 0.0891382098197937
110 0.08355778455734253
111 0.08142402023077011
112 0.08434013277292252
113 0.0797390565276146
114 0.07664980739355087
115 0.08514709025621414
116 0.0820867121219635
117 0.07350987195968628
118 0.08838292211294174
119 0.08401748538017273
120 0.07827378809452057
121 0.07265032082796097
122 0.0791885182261467
123 0.07521916925907135
124 0.07927196472883224
125 0.08165406435728073
126 0.08106379210948944
127 0.0717826560139656
128 0.0779295414686203
129 0.07536571472883224
130 0.07614991813898087
131 0.07362368702888489
132 0.08241874724626541
133 0.07676973193883896
134 0.07096420228481293
135 0.07227900624275208
136 0.09059851616621017
137 0.06717626750469208
138 0.081462062895298
139 0.06979866325855255
140 0.07027887552976608
141 0.07299917191267014
142 0.07823309302330017
143 0.07275784760713577
144 0.06973490118980408
145 0.07315840572118759
146 0.07842323929071426
147 0.0724947452545166
148 0.07101903110742569
149 0.07683586329221725
150 0.06806623190641403
151 0.07409566640853882
152 0.06485380977392197
153 0.07467497140169144
154 0.0822087898850441
155 0.06498268246650696
156 0.06350661814212799
157 0.06731884181499481
158 0.08097609132528305
159 0.06979100406169891
160 0.07375427335500717
161 0.07271274924278259
162 0.06967324763536453
163 0.09147463738918304
164 0.06674297899007797
165 0.06182020157575607
166 0.07727102935314178
167 0.06950067728757858
168 0.07832124829292297
169 0.07941052317619324
170 0.07095487415790558
171 0.0679992064833641
172 0.08002647757530212
173 0.07055439800024033
174 0.07887790352106094
175 0.07358835637569427
176 0.08746783435344696
177 0.06382463127374649
178 0.06755280494689941
179 0.08102249354124069
180 0.07507430762052536
181 0.06109319254755974
182 0.07522198557853699
183 0.0676921159029007
184 0.08251413702964783
185 0.07113652676343918
186 0.06634389609098434
187 0.06829143315553665
188 0.06310693919658661
189 0.06801533699035645
190 0.07663067430257797
191 0.0667678639292717
192 0.0617499016225338
193 0.06501628458499908
194 0.06934624165296555
195 0.07141286879777908
196 0.07133174687623978
197 0.05763517692685127
198 0.07106000185012817
199 0.06725458800792694
200 0.07831030339002609
201 0.06968101859092712
202 0.06692373007535934
203 0.061651457101106644
204 0.07109438627958298
205 0.07061199098825455
206 0.06899736076593399
207 0.06453197449445724
208 0.06943415850400925
209 0.08639659732580185
210 0.05987931042909622
211 0.061592791229486465
212 0.06526448577642441
213 0.07096228748559952
214 0.06149937957525253
215 0.07607168704271317
216 0.06862110644578934
217 0.06515999883413315
218 0.0720105841755867
219 0.058289993554353714
220 0.06653224676847458
221 0.0666835755109787
222 0.05890732258558273
223 0.07496432214975357
224 0.06440351903438568
225 0.05593346431851387
226 0.07189100235700607
227 0.0733879879117012
228 0.06670641154050827
229 0.06490609794855118
230 0.06773354858160019
231 0.08111148327589035
232 0.05710943043231964
233 0.08047876507043839
234 0.07174333184957504
235 0.07250910997390747
236 0.06183347478508949
237 0.06455915421247482
238 0.057302653789520264
239 0.06619459390640259
240 0.06837107986211777
241 0.060883574187755585
242 0.06305800378322601
243 0.0756913274526596
244 0.06823896616697311
245 0.059468336403369904
246 0.08338837325572968
247 0.06575734913349152
248 0.06414185464382172
249 0.061382956802845
250 0.07764405757188797
251 0.06370942294597626
252 0.0784725621342659
253 0.059005577117204666
254 0.0721459686756134
255 0.07023496925830841
256 0.0727643370628357
257 0.07166492193937302
258 0.06944353133440018
259 0.05637326091527939
260 0.0753004178404808
261 0.06954621523618698
262 0.06114421784877777
263 0.06177540495991707
264 0.057455793023109436
265 0.060322221368551254
266 0.06068427860736847
267 0.06942868232727051
268 0.07669012993574142
269 0.07084048539400101
270 0.061176467686891556
271 0.06718279421329498
272 0.07425612956285477
273 0.0717279314994812
274 0.061009448021650314
275 0.0642382800579071
276 0.05338314175605774
277 0.06994684040546417
278 0.07865716516971588
279 0.05596991255879402
280 0.06171955168247223
281 0.06677186489105225
282 0.06061987206339836
283 0.062330443412065506
284 0.059470389038324356
285 0.05883539840579033
286 0.05460343882441521
287 0.06299061328172684
288 0.05275918170809746
289 0.05985415354371071
290 0.06885024160146713
291 0.05787592753767967
292 0.06306742876768112
293 0.0723513811826706
294 0.06452962011098862
295 0.07022317498922348
296 0.04893869534134865
297 0.05606397986412048
298 0.06383253633975983
299 0.057918041944503784
300 0.061729274690151215
301 0.05601469427347183
302 0.0626639649271965
303 0.0658963993191719
304 0.06466654688119888
305 0.0735824927687645
306 0.06011344864964485
307 0.06161680817604065
308 0.06055774539709091
309 0.060092322528362274
310 0.05959437042474747
311 0.06294127553701401
312 0.057604119181632996
313 0.05522007867693901
314 0.05759666860103607
315 0.05965442582964897
316 0.06388197839260101
317 0.059669557958841324
318 0.08031806349754333
319 0.07697109878063202
320 0.058201052248477936
321 0.05773381143808365
322 0.05473973602056503
323 0.05225154012441635
324 0.06848862767219543
325 0.06391294300556183
326 0.07158588618040085
327 0.07186911255121231
328 0.06241312250494957
329 0.056744471192359924
330 0.05724184587597847
331 0.06316380202770233
332 0.05953040346503258
333 0.06563414633274078
334 0.06650837510824203
335 0.06824623793363571
336 0.06416676193475723
337 0.06267848610877991
338 0.06054544448852539
339 0.08449306339025497
340 0.052083902060985565
341 0.05920250341296196
342 0.0603056438267231
343 0.05946777015924454
344 0.058136604726314545
345 0.07324055582284927
346 0.051120515912771225
347 0.06589723378419876
348 0.06126822158694267
349 0.06183061748743057
350 0.06104749068617821
351 0.061924636363983154
352 0.056709159165620804
353 0.05708396062254906
354 0.05824964493513107
355 0.06950237601995468
356 0.0566493384540081
357 0.0649678185582161
358 0.06074937433004379
359 0.06042857468128204
360 0.07113409787416458
361 0.048810847103595734
362 0.06109743192791939
363 0.06263281404972076
364 0.050217412412166595
365 0.055729471147060394
366 0.059909921139478683
367 0.055895816534757614
368 0.05418883636593819
369 0.05755686014890671
370 0.05799148231744766
371 0.06601309776306152
372 0.0658591017127037
373 0.05458467826247215
374 0.06314821541309357
375 0.0617484413087368
376 0.060487210750579834
377 0.07450098544359207
378 0.08138898015022278
379 0.057415857911109924
380 0.05948477238416672
381 0.052361488342285156
382 0.06161576136946678
383 0.05890703201293945
384 0.0530816912651062
385 0.06096764653921127
386 0.05173540487885475
387 0.06668872386217117
388 0.058953993022441864
389 0.05799059197306633
390 0.0638088807463646
391 0.07204896211624146
392 0.05460859462618828
393 0.055896952748298645
394 0.05855675786733627
395 0.06735099107027054
396 0.06364908814430237
397 0.0548330619931221
398 0.05746845528483391
399 0.060478951781988144
400 0.05442371964454651
401 0.05213319510221481
402 0.06035364419221878
403 0.06566172093153
404 0.06343986093997955
405 0.06603886187076569
406 0.06604180485010147
407 0.06045037880539894
408 0.06396474689245224
409 0.06285588443279266
410 0.049171533435583115
411 0.07016239315271378
412 0.05062162131071091
413 0.06941554695367813
414 0.05344948172569275
415 0.05833810195326805
416 0.05410878732800484
417 0.06763283908367157
418 0.06012580171227455
419 0.05997331440448761
420 0.07507222890853882
421 0.060803450644016266
422 0.05549594387412071
423 0.048201873898506165
424 0.06169163063168526
425 0.05197960138320923
426 0.061027321964502335
427 0.05638844519853592
428 0.06161585450172424
429 0.04733765497803688
430 0.06502038985490799
431 0.050009917467832565
432 0.04854236915707588
433 0.060774609446525574
434 0.0549522340297699
435 0.05024540051817894
436 0.0478249229490757
437 0.06840072572231293
438 0.06162520870566368
439 0.06200850009918213
440 0.054008498787879944
441 0.05910175293684006
442 0.047403734177351
443 0.05886286497116089
444 0.05054042115807533
445 0.06221233308315277
446 0.054946430027484894
447 0.05700032785534859
448 0.05375213176012039
449 0.07219526916742325
450 0.053634803742170334
451 0.055635400116443634
452 0.056983403861522675
453 0.05858626216650009
454 0.06342910975217819
455 0.05827465280890465
456 0.05600319430232048
457 0.0591265894472599
458 0.06057276204228401
459 0.049154218286275864
460 0.05827302113175392
461 0.055666472762823105
462 0.05985596776008606
463 0.06939361244440079
464 0.05095285549759865
465 0.07003258168697357
466 0.05082350969314575
467 0.04385886341333389
468 0.05474399775266647
469 0.05521533638238907
470 0.0525481179356575
471 0.06105686351656914
472 0.0646071508526802
473 0.05075964331626892
474 0.06132245436310768
475 0.0627959594130516
476 0.06689301133155823
477 0.04939206689596176
478 0.05813530087471008
479 0.05615948885679245
480 0.053831491619348526
481 0.0625452771782875
482 0.06083538010716438
483 0.05104506015777588
484 0.053321924060583115
485 0.059085626155138016
486 0.05381982401013374
487 0.04889683052897453
488 0.056304931640625
489 0.06214292719960213
490 0.04954656958580017
491 0.07216699421405792
492 0.05343625321984291
493 0.05386268347501755
494 0.0594579316675663
495 0.058661140501499176
496 0.05171368271112442
497 0.04779360443353653
498 0.04966096580028534
499 0.06610430777072906
500 0.06985172629356384
501 0.05321664363145828
502 0.055761341005563736
503 0.05287117883563042
504 0.05368935316801071
505 0.053862348198890686
506 0.05785088986158371
507 0.06637221574783325
508 0.05959538742899895
509 0.05183696374297142
510 0.051558591425418854
511 0.061988767236471176
512 0.05764787271618843
513 0.05513319745659828
514 0.054259516298770905
515 0.066309854388237
516 0.05814060941338539
517 0.0495438389480114
518 0.057323846966028214
519 0.047537822276353836
520 0.058226533234119415
521 0.0667029321193695
522 0.05868310481309891
523 0.050315164029598236
524 0.06150959059596062
525 0.0575675331056118
526 0.04550731182098389
527 0.047265809029340744
528 0.06896372884511948
529 0.05210775136947632
530 0.05577126517891884
531 0.06813978403806686
532 0.05851929262280464
533 0.06658125668764114
534 0.06537482142448425
535 0.05800874903798103
536 0.058142825961112976
537 0.05335404723882675
538 0.042847029864788055
539 0.0780612900853157
540 0.06112070754170418
541 0.052962012588977814
542 0.05134300887584686
543 0.05415070429444313
544 0.054710425436496735
545 0.05051508545875549
546 0.0629795715212822
547 0.052083104848861694
548 0.04744791239500046
549 0.06038134545087814
550 0.05807449296116829
551 0.05677378550171852
552 0.054900627583265305
553 0.05496107414364815
554 0.061162035912275314
555 0.059193067252635956
556 0.060171592980623245
557 0.052269380539655685
558 0.050449009984731674
559 0.05948752537369728
560 0.050221119076013565
561 0.05203339084982872
562 0.05961516126990318
563 0.053790487349033356
564 0.042782172560691833
565 0.05548366159200668
566 0.04782594367861748
567 0.055399082601070404
568 0.05918380245566368
569 0.04830967262387276
570 0.06785041838884354
571 0.05399192124605179
572 0.056133534759283066
573 0.05542371794581413
574 0.05663471668958664
575 0.052290596067905426
576 0.042416688054800034
577 0.043733879923820496
578 0.05789860710501671
579 0.04828639328479767
580 0.046945977956056595
581 0.043199025094509125
582 0.05051279067993164
583 0.048527058213949203
584 0.05939394235610962
585 0.041910432279109955
586 0.061254940927028656
587 0.06820745021104813
588 0.050142232328653336
589 0.048179157078266144
590 0.04817371442914009
591 0.04288679361343384
592 0.05677638202905655
593 0.04617362469434738
594 0.058624621480703354
595 0.050321102142333984
596 0.04833308607339859
597 0.0511455312371254
598 0.051227979362010956
599 0.04479570314288139
600 0.05595240741968155
601 0.051863495260477066
602 0.06060941517353058
603 0.05265459418296814
604 0.055334191769361496
605 0.04230441898107529
606 0.05270225182175636
607 0.055972110480070114
608 0.04524238780140877
609 0.05008568614721298
610 0.038982052356004715
611 0.05153336748480797
612 0.05595678836107254
613 0.051893994212150574
614 0.06413251906633377
615 0.0457451306283474
616 0.05696815252304077
617 0.05737389996647835
618 0.058064933866262436
619 0.05113265663385391
620 0.0614592470228672
621 0.05816246196627617
622 0.04130610078573227
623 0.0545525848865509
624 0.05842551589012146
625 0.05145258456468582
626 0.05804462730884552
627 0.046951718628406525
628 0.055500876158475876
629 0.04356202483177185
630 0.04463040083646774
631 0.07234050333499908
632 0.06184973940253258
633 0.05546286329627037
634 0.04597506672143936
635 0.04961175099015236
636 0.04982597008347511
637 0.0504705011844635
638 0.05431556701660156
639 0.0639859139919281
640 0.048510048538446426
641 0.04547377675771713
642 0.047686073929071426
643 0.056132689118385315
644 0.054147399961948395
645 0.04683910310268402
646 0.04674293100833893
647 0.05421040579676628
648 0.045941755175590515
649 0.059778328984975815
650 0.050034716725349426
651 0.06057381629943848
652 0.06169262155890465
653 0.06041208282113075
654 0.04976263642311096
655 0.05562096834182739
656 0.04182101786136627
657 0.05146452412009239
658 0.05736563354730606
659 0.04842250794172287
660 0.05422479286789894
661 0.052692245692014694
662 0.06565234065055847
663 0.04958939179778099
664 0.047518208622932434
665 0.05103498324751854
666 0.046713393181562424
667 0.05794724449515343
668 0.07020413875579834
669 0.05933559685945511
670 0.06384620070457458
671 0.05175111070275307
672 0.05667996034026146
673 0.05754171311855316
674 0.041052479296922684
675 0.051797859370708466
676 0.05804707854986191
677 0.047939788550138474
678 0.048305779695510864
679 0.0417356938123703
680 0.0391378328204155
681 0.050585996359586716
682 0.04283653944730759
683 0.056605178862810135
684 0.07542377710342407
685 0.043532077223062515
686 0.05248124524950981
687 0.043429888784885406
688 0.04365270957350731
689 0.05601813271641731
690 0.04829874634742737
691 0.04678385332226753
692 0.04695330932736397
693 0.04462510719895363
694 0.04597994685173035
695 0.054626330733299255
696 0.04530134052038193
697 0.05627342686057091
698 0.05612383037805557
699 0.04771732538938522
700 0.05352295562624931
701 0.038920801132917404
702 0.05209560692310333
703 0.04950392246246338
704 0.06533489376306534
705 0.05141131207346916
706 0.05624829977750778
707 0.07118397951126099
708 0.05095900222659111
709 0.07118450850248337
710 0.07376685738563538
711 0.047964662313461304
712 0.04759381711483002
713 0.049139317125082016
714 0.051970768719911575
715 0.057214152067899704
716 0.0690331682562828
717 0.047041941434144974
718 0.056343335658311844
719 0.04433749243617058
720 0.039237234741449356
721 0.05456593632698059
722 0.05711061879992485
723 0.03755472972989082
724 0.06794749945402145
725 0.043009307235479355
726 0.052957553416490555
727 0.05224765092134476
728 0.05950743332505226
729 0.0710877925157547
730 0.050079524517059326
731 0.04445832967758179
732 0.04594280198216438
733 0.041742123663425446
734 0.05105069652199745
735 0.055305592715740204
736 0.03998458385467529
737 0.04631522297859192
738 0.04684925824403763
739 0.050113435834646225
740 0.051840413361787796
741 0.06006886437535286
742 0.045098379254341125
743 0.043664682656526566
744 0.03965449705719948
745 0.045051369816064835
746 0.04428023099899292
747 0.039843302220106125
748 0.042901795357465744
749 0.048625826835632324
750 0.057256802916526794
751 0.052833981812000275
752 0.054191213101148605
753 0.04670920595526695
754 0.05112122744321823
755 0.051063861697912216
756 0.042387157678604126
757 0.04371858015656471
758 0.04634678736329079
759 0.05071277171373367
760 0.07695844769477844
761 0.04065904766321182
762 0.05315418168902397
763 0.052864864468574524
764 0.048761289566755295
765 0.03904086351394653
766 0.04373282194137573
767 0.04503266140818596
768 0.043114073574543
769 0.056345921009778976
770 0.05739889666438103
771 0.0367785319685936
772 0.05568121746182442
773 0.04775318503379822
774 0.050881557166576385
775 0.0442001149058342
776 0.04142661765217781
777 0.05119531974196434
778 0.05126364156603813
779 0.046663738787174225
780 0.055309005081653595
781 0.04292798787355423
782 0.04422551020979881
783 0.04819587990641594
784 0.043822526931762695
785 0.05007188767194748
786 0.0680277943611145
787 0.045818932354450226
788 0.05039556697010994
789 0.06609413027763367
790 0.044339876621961594
791 0.04356961324810982
792 0.06217770650982857
793 0.04884834960103035
794 0.04427959397435188
795 0.041224103420972824
796 0.04516173154115677
797 0.05369225889444351
798 0.05866697430610657
799 0.04260444641113281
800 0.062381405383348465
