1 2.413300037384033
2 2.091411590576172
3 1.8939613103866577
4 1.7206815481185913
5 1.7214000225067139
6 2.0056045055389404
7 1.8299915790557861
8 2.0449228286743164
9 1.983540415763855
10 1.8830746412277222
11 1.8832905292510986
12 1.8820507526397705
13 1.91568124294281
14 1.7561671733856201
15 1.9048360586166382
16 1.8364620208740234
17 1.8220300674438477
18 1.8692899942398071
19 1.9964700937271118
20 2.0722343921661377
21 1.8294137716293335
22 1.78718101978302
23 1.9190120697021484
24 2.008957624435425
25 1.8213191032409668
26 1.9276416301727295
27 1.9075168371200562
28 2.0778286457061768
29 1.942887306213379
30 1.9265252351760864
31 1.8889408111572266
32 2.0553112030029297
33 1.8586064577102661
34 2.003326177597046
35 2.154451847076416
36 1.773973822593689
37 1.763663649559021
38 2.035365343093872
39 1.7413328886032104
40 1.795032024383545
41 1.7594585418701172
42 2.0020811557769775
43 1.7855473756790161
44 2.0940029621124268
45 1.8301706314086914
46 1.8535186052322388
47 2.028595447540283
48 1.9608482122421265
49 1.820282220840454
50 1.717621922492981
51 2.051485061645508
52 1.9458554983139038
53 1.9850802421569824
54 1.7520020008087158
55 2.1216037273406982
56 2.0535123348236084
57 1.8788203001022339
58 1.955441951751709
59 1.8785059452056885
60 1.9057252407073975
61 1.9100545644760132
62 2.173419952392578
63 1.7205802202224731
64 1.9340063333511353
65 1.7665817737579346
66 1.958567500114441
67 2.0441184043884277
68 1.7678139209747314
69 1.7140698432922363
70 1.821578025817871
71 1.6936174631118774
72 1.9907453060150146
73 2.128883123397827
74 1.7430933713912964
75 2.020005226135254
76 1.85594642162323
77 2.187788963317871
78 1.7685043811798096
79 1.9751125574111938
80 2.089878797531128
81 1.8097964525222778
82 2.0684144496917725
83 1.8652337789535522
84 1.8836392164230347
85 1.7977252006530762
86 1.907617211341858
87 1.7706835269927979
88 1.8729665279388428
89 1.9745405912399292
90 1.855092167854309
91 1.8609163761138916
92 1.9222264289855957
93 2.0595359802246094
94 1.830123782157898
95 2.082042932510376
96 1.929265022277832
97 1.7262367010116577
98 1.6595184803009033
99 1.9301271438598633
100 1.9070353507995605
101 1.8323626518249512
102 1.956064224243164
103 1.812819242477417
104 2.02732253074646
105 2.0775485038757324
106 1.8180172443389893
107 1.9636297225952148
108 1.7457062005996704
109 1.901943325996399
110 1.8881720304489136
111 1.79595148563385
112 1.9301890134811401
113 2.0146238803863525
114 1.868205189704895
115 2.0154316425323486
116 2.1430513858795166
117 1.9768977165222168
118 1.9805785417556763
119 1.7524248361587524
120 1.977023959159851
121 2.1199400424957275
122 1.9804013967514038
123 1.9373699426651
124 1.9186187982559204
125 1.8155072927474976
126 1.9147272109985352
127 2.04830002784729
128 2.1762542724609375
129 1.9343105554580688
130 1.864658236503601
131 2.5017850399017334
132 2.3505754470825195
133 1.9385144710540771
134 2.063262939453125
135 2.0968854427337646
136 1.7739081382751465
137 1.8045551776885986
138 1.9048763513565063
139 2.1645326614379883
140 1.793990969657898
141 1.7772382497787476
142 1.9715062379837036
143 1.9569112062454224
144 1.7780464887619019
145 1.6677826642990112
146 1.8330870866775513
147 1.978971242904663
148 1.6245747804641724
149 1.8181370496749878
150 2.214148759841919
151 1.8612087965011597
152 1.9688111543655396
153 1.9954848289489746
154 1.841126561164856
155 1.738899827003479
156 1.865694284439087
157 1.91860830783844
158 1.9619394540786743
159 1.9779069423675537
160 1.9605590105056763
161 1.8260953426361084
162 1.7193033695220947
163 1.6495033502578735
164 2.23508358001709
165 1.787919044494629
166 2.0222654342651367
167 2.0840394496917725
168 1.6808035373687744
169 2.2529056072235107
170 1.969247817993164
171 1.8034123182296753
172 1.7899742126464844
173 1.9444233179092407
174 2.1390397548675537
175 1.8476059436798096
176 1.7536139488220215
177 1.947110891342163
178 1.8277055025100708
179 1.7330125570297241
180 1.7717658281326294
181 1.6883713006973267
182 1.9671474695205688
183 1.9319860935211182
184 1.779849648475647
185 1.8166805505752563
186 1.7627182006835938
187 1.9870474338531494
188 1.9372133016586304
189 1.7861626148223877
190 1.905424952507019
191 1.7027978897094727
192 1.958831548690796
193 1.8841345310211182
194 1.7875438928604126
195 1.825222134590149
196 1.9980396032333374
197 2.073418140411377
198 1.8988816738128662
199 2.1285104751586914
200 1.8627535104751587
201 1.8218531608581543
202 2.102123975753784
203 1.8891799449920654
204 1.9156925678253174
205 1.8484394550323486
206 1.813350796699524
207 1.7823503017425537
208 1.8315695524215698
209 2.1026878356933594
210 1.766785979270935
211 2.1145339012145996
212 1.9984151124954224
213 1.7996282577514648
214 2.0942323207855225
215 1.8503895998001099
216 2.2378695011138916
217 1.876844882965088
218 1.9276765584945679
219 2.00477933883667
220 1.9794732332229614
221 1.8790780305862427
222 1.8865454196929932
223 2.0849835872650146
224 1.700161337852478
225 1.7558541297912598
226 2.0508158206939697
227 1.7302933931350708
228 1.7593146562576294
229 1.8638368844985962
230 1.8625210523605347
231 1.776627779006958
232 2.1445443630218506
233 1.7925015687942505
234 2.012410879135132
235 1.7540637254714966
236 1.7890162467956543
237 1.9706121683120728
238 1.8491376638412476
239 1.8890026807785034
240 1.8858206272125244
241 2.0161824226379395
242 1.9099458456039429
243 1.8435068130493164
244 1.991011619567871
245 1.8100781440734863
246 1.9280873537063599
247 1.7684733867645264
248 2.0192618370056152
249 1.7390855550765991
250 2.041677713394165
251 1.8074584007263184
252 1.9349122047424316
253 1.9127815961837769
254 2.117203950881958
255 2.045152425765991
256 1.7820475101470947
257 1.9212300777435303
258 1.9624353647232056
259 1.8035259246826172
260 1.759116291999817
261 2.0363523960113525
262 1.8020366430282593
263 1.87312912940979
264 1.947475790977478
265 1.7739284038543701
266 2.000213146209717
267 2.1261343955993652
268 1.8949496746063232
269 2.1398327350616455
270 1.9697003364562988
271 1.81028413772583
272 1.926925539970398
273 2.014878273010254
274 1.8454087972640991
275 1.9079842567443848
276 2.038224458694458
277 1.8354413509368896
278 1.7565702199935913
279 1.8795557022094727
280 1.929731845855713
281 1.918373465538025
282 1.7500241994857788
283 1.8685752153396606
284 1.9534190893173218
285 1.8515784740447998
286 1.770233392715454
287 2.0873966217041016
288 2.0469698905944824
289 2.0018491744995117
290 1.8430856466293335
291 2.416165351867676
292 1.9100275039672852
293 1.7781500816345215
294 1.8064675331115723
295 2.0177555084228516
296 1.7184722423553467
297 1.83327317237854
298 1.8505288362503052
299 1.921108603477478
300 1.754793643951416
301 1.7099381685256958
302 1.89698326587677
303 2.136418581008911
304 1.9447624683380127
305 1.7996505498886108
306 1.890722393989563
307 1.9269009828567505
308 1.9040822982788086
309 1.954140305519104
310 1.9515808820724487
311 1.8493764400482178
312 1.9370455741882324
313 1.9522393941879272
314 1.7849708795547485
315 1.8449511528015137
316 1.9300140142440796
317 1.9508737325668335
318 1.7893282175064087
319 1.7627496719360352
320 1.7907212972640991
321 2.0315399169921875
322 1.884735107421875
323 1.8537260293960571
324 1.840705394744873
325 1.930687665939331
326 1.841548204421997
327 1.7527304887771606
328 1.8137325048446655
329 1.8043042421340942
330 1.7241991758346558
331 1.896118402481079
332 2.098416328430176
333 1.8299084901809692
334 1.9504265785217285
335 1.8863756656646729
336 1.8228589296340942
337 1.8660740852355957
338 2.0176334381103516
339 1.8353888988494873
340 1.9261564016342163
341 2.152569055557251
342 1.9677842855453491
343 1.8374943733215332
344 1.6636602878570557
345 1.9142645597457886
346 1.801769495010376
347 1.7545690536499023
348 1.9487372636795044
349 1.8179397583007812
350 1.8452527523040771
351 1.9418385028839111
352 1.697499394416809
353 1.841349482536316
354 1.9852211475372314
355 2.040092945098877
356 1.8455594778060913
357 1.7725248336791992
358 1.9779962301254272
359 1.9123468399047852
360 1.9421967267990112
361 1.9378165006637573
362 1.9589545726776123
363 1.8370541334152222
364 2.219294786453247
365 1.7939761877059937
366 1.975557565689087
367 1.8906934261322021
368 1.9610766172409058
369 1.889211893081665
370 2.158433675765991
371 1.774876356124878
372 1.845523476600647
373 1.7260931730270386
374 1.8031009435653687
375 1.9560672044754028
376 2.0998120307922363
377 2.0889089107513428
378 2.012937307357788
379 1.792412519454956
380 2.0018601417541504
381 1.8057934045791626
382 1.7442677021026611
383 2.003021717071533
384 1.7588658332824707
385 1.830885887145996
386 1.751362919807434
387 1.8940048217773438
388 1.8613048791885376
389 2.048424005508423
390 1.8065005540847778
391 1.8318805694580078
392 1.8142093420028687
393 2.0729172229766846
394 1.8230915069580078
395 1.781032681465149
396 2.1415371894836426
397 2.042161464691162
398 1.96623694896698
399 1.7158517837524414
400 1.7464704513549805
401 1.968792200088501
402 1.8322243690490723
403 1.8171604871749878
404 2.1836915016174316
405 1.8390238285064697
406 1.8603010177612305
407 1.7849042415618896
408 2.1106534004211426
409 1.9044851064682007
410 1.9729290008544922
411 2.047477960586548
412 1.7389789819717407
413 1.9076268672943115
414 1.784452199935913
415 1.8680415153503418
416 1.8786336183547974
417 1.926161289215088
418 1.8691089153289795
419 1.8917264938354492
420 1.9839037656784058
421 2.0690746307373047
422 1.892605185508728
423 1.9529634714126587
424 2.0295138359069824
425 2.101658344268799
426 1.7825891971588135
427 1.8951972723007202
428 1.9497675895690918
429 2.09378981590271
430 2.018991708755493
431 1.9910753965377808
432 1.689346194267273
433 1.9628605842590332
434 2.1713714599609375
435 1.7783032655715942
436 1.9667555093765259
437 1.9942301511764526
438 1.8238214254379272
439 2.0617785453796387
440 2.148026466369629
441 1.7561392784118652
442 1.8195431232452393
443 2.016348361968994
444 1.9412190914154053
445 1.9448060989379883
446 2.1539549827575684
447 2.068350076675415
448 1.760319471359253
449 1.7135026454925537
450 1.7978498935699463
451 1.8318746089935303
452 1.7441351413726807
453 1.7810170650482178
454 1.7074439525604248
455 1.846279263496399
456 1.958743691444397
457 1.7445299625396729
458 1.9124646186828613
459 2.0065019130706787
460 1.9122313261032104
461 1.7265205383300781
462 1.9213653802871704
463 1.8329577445983887
464 2.067988395690918
465 2.000094413757324
466 1.8932183980941772
467 1.7858515977859497
468 1.9424597024917603
469 2.150045156478882
470 1.8532321453094482
471 1.8829011917114258
472 1.8038859367370605
473 1.9730401039123535
474 2.0813069343566895
475 1.9208946228027344
476 2.0759594440460205
477 1.7749661207199097
478 2.0361313819885254
479 2.1215834617614746
480 1.8474013805389404
481 1.827874779701233
482 1.8744419813156128
483 2.044940948486328
484 2.003904104232788
485 1.795860767364502
486 1.7242796421051025
487 2.1199052333831787
488 1.8959896564483643
489 1.8658711910247803
490 2.0036263465881348
491 1.7448160648345947
492 1.8744467496871948
493 1.946427822113037
494 2.090670585632324
495 1.7864552736282349
496 1.8169407844543457
497 2.043661594390869
498 1.8301243782043457
499 1.9398518800735474
500 1.910335898399353
501 1.836213231086731
502 1.92893648147583
503 1.7487287521362305
504 2.0764923095703125
505 2.0388283729553223
506 1.8352612257003784
507 1.755548357963562
508 1.9604432582855225
509 1.9844180345535278
510 1.8887426853179932
511 1.9810808897018433
512 1.7992455959320068
513 1.884769082069397
514 1.7407381534576416
515 1.7818220853805542
516 1.817203402519226
517 1.9516520500183105
518 1.8856405019760132
519 1.911150336265564
520 2.0008912086486816
521 1.7374516725540161
522 2.0875542163848877
523 1.7719974517822266
524 2.0074923038482666
525 2.003553628921509
526 1.952005386352539
527 2.035094976425171
528 2.04227352142334
529 2.1430914402008057
530 1.9742933511734009
531 1.7895373106002808
532 1.6994816064834595
533 1.8062413930892944
534 1.882354497909546
535 1.8465030193328857
536 1.9650428295135498
537 1.916087031364441
538 1.8880354166030884
539 1.8889740705490112
540 2.0789177417755127
541 1.7785123586654663
542 1.8768281936645508
543 1.8467223644256592
544 1.8892110586166382
545 1.9836219549179077
546 1.740735650062561
547 1.9751381874084473
548 1.9948155879974365
549 1.920620083808899
550 1.8139269351959229
551 1.9057625532150269
552 1.750515103340149
553 1.8358054161071777
554 2.157259702682495
555 2.0082590579986572
556 1.8366714715957642
557 1.8644739389419556
558 2.051250696182251
559 1.900755524635315
560 1.8540034294128418
561 1.8564749956130981
562 1.9510427713394165
563 1.8844928741455078
564 1.9147063493728638
565 1.868301510810852
566 2.1806652545928955
567 1.9482276439666748
568 1.9587727785110474
569 1.810823917388916
570 2.1921825408935547
571 1.7961925268173218
572 1.810349941253662
573 1.8946129083633423
574 1.769856572151184
575 2.008427619934082
576 1.8049745559692383
577 1.7923905849456787
578 1.8181573152542114
579 1.8559859991073608
580 1.7373666763305664
581 1.9812116622924805
582 1.8188331127166748
583 1.954620122909546
584 1.7630484104156494
585 1.8461637496948242
586 1.7738574743270874
587 1.9099433422088623
588 1.7198433876037598
589 1.8252507448196411
590 2.026590347290039
591 1.9077796936035156
592 1.769197702407837
593 1.7589665651321411
594 1.9402779340744019
595 1.7474840879440308
596 1.958033561706543
597 1.868678092956543
598 1.8515657186508179
599 1.8902175426483154
600 1.8877650499343872
601 2.071441411972046
602 1.9176703691482544
603 1.9996453523635864
604 2.180741310119629
605 1.8568692207336426
606 1.841098666191101
607 1.8788505792617798
608 1.7785522937774658
609 1.7987031936645508
610 1.9505020380020142
611 1.9354238510131836
612 2.0598161220550537
613 1.8893505334854126
614 1.7479584217071533
615 1.8924171924591064
616 2.131030559539795
617 1.994614839553833
618 1.7649468183517456
619 1.777712345123291
620 1.8082144260406494
621 1.9541583061218262
622 1.8912872076034546
623 1.877123236656189
624 1.8656712770462036
625 1.8480433225631714
626 2.211911678314209
627 1.840469479560852
628 1.8635109663009644
629 1.9608122110366821
630 1.8835734128952026
631 1.9640703201293945
632 2.138098955154419
633 1.7995046377182007
634 1.8610265254974365
635 1.8698620796203613
636 2.027250051498413
637 2.35457181930542
638 1.8859959840774536
639 1.773621678352356
640 1.7875157594680786
641 2.2009129524230957
642 1.9161279201507568
643 1.9731101989746094
644 1.821124792098999
645 1.775972604751587
646 1.9785053730010986
647 1.8717284202575684
648 1.876602292060852
649 1.9819804430007935
650 2.095529079437256
651 1.742251992225647
652 1.7610350847244263
653 1.846487283706665
654 1.9385963678359985
655 1.8736368417739868
656 1.807172417640686
657 1.8462611436843872
658 2.115154981613159
659 1.8330957889556885
660 1.9251292943954468
661 1.8512736558914185
662 1.77606201171875
663 1.8480174541473389
664 1.7832961082458496
665 1.9170479774475098
666 1.8270689249038696
667 1.8509271144866943
668 1.9537041187286377
669 1.9579274654388428
670 1.8722047805786133
671 1.9859206676483154
672 1.924494981765747
673 1.841395378112793
674 1.9258266687393188
675 1.7612526416778564
676 2.0040106773376465
677 1.890153169631958
678 1.8970237970352173
679 2.334280252456665
680 1.8581287860870361
681 1.745818018913269
682 2.0114946365356445
683 1.8130329847335815
684 2.160109043121338
685 1.9502873420715332
686 1.8855727910995483
687 2.0550622940063477
688 1.9060827493667603
689 1.8514353036880493
690 1.8509000539779663
691 1.940778374671936
692 2.0249898433685303
693 1.8973027467727661
694 2.0049118995666504
695 1.752403974533081
696 1.962848424911499
697 1.8274354934692383
698 2.0745115280151367
699 1.8332629203796387
700 2.1888349056243896
701 2.024195432662964
702 1.858121633529663
703 1.7970689535140991
704 2.04009747505188
705 1.9445081949234009
706 1.8352477550506592
707 2.0146210193634033
708 1.7609467506408691
709 1.9632498025894165
710 1.9197344779968262
711 1.9481620788574219
712 2.0776679515838623
713 2.043403148651123
714 1.9349747896194458
715 2.068559408187866
716 1.9255375862121582
717 1.7271530628204346
718 2.196141242980957
719 1.8652597665786743
720 1.8704959154129028
721 1.795120120048523
722 1.875520944595337
723 1.9705326557159424
724 2.1081762313842773
725 1.813406229019165
726 2.0025289058685303
727 1.861051321029663
728 1.8424944877624512
729 1.9881843328475952
730 1.7806308269500732
731 1.8355523347854614
732 2.0712969303131104
733 2.024573564529419
734 1.81528902053833
735 1.8199131488800049
736 2.2513794898986816
737 1.7524540424346924
738 1.978179693222046
739 1.8551942110061646
740 1.8095402717590332
741 1.9382022619247437
742 1.7970519065856934
743 1.9680663347244263
744 2.1342146396636963
745 1.8430142402648926
746 2.0005810260772705
747 1.779783010482788
748 1.858985185623169
749 1.9048638343811035
750 1.934457540512085
751 1.8414411544799805
752 2.038076400756836
753 2.0140578746795654
754 1.7237346172332764
755 1.8903752565383911
756 1.8425507545471191
757 1.8504369258880615
758 2.1299376487731934
759 1.9189015626907349
760 2.0830934047698975
761 1.9139599800109863
762 1.86223304271698
763 1.8613102436065674
764 2.0845348834991455
765 1.9542430639266968
766 1.8783249855041504
767 1.9784201383590698
768 2.013068675994873
769 1.81065833568573
770 1.9349184036254883
771 1.7087517976760864
772 2.288989305496216
773 1.9199683666229248
774 1.8448054790496826
775 2.168525457382202
776 1.8138701915740967
777 1.9221501350402832
778 1.9346717596054077
779 1.8620977401733398
780 1.97905695438385
781 1.7985354661941528
782 1.9307770729064941
783 1.684677004814148
784 1.9303702116012573
785 2.032573938369751
786 1.985084056854248
787 1.89323091506958
788 1.9353548288345337
789 1.8565388917922974
790 1.870872139930725
791 1.9820998907089233
792 1.9796805381774902
793 1.7916573286056519
794 2.003281354904175
795 1.8249015808105469
796 2.124133348464966
797 2.07062029838562
798 2.0211565494537354
799 1.8793011903762817
800 1.806418538093567
