1 1.1186840534210205
2 0.8312397003173828
3 0.6344131827354431
4 0.5163260698318481
5 0.433799684047699
6 0.3715243935585022
7 0.3310583233833313
8 0.2970127761363983
9 0.27741771936416626
10 0.2542323172092438
11 0.23214411735534668
12 0.21544316411018372
13 0.21493376791477203
14 0.20487448573112488
15 0.1944027990102768
16 0.18794716894626617
17 0.1767605096101761
18 0.18249773979187012
19 0.17315539717674255
20 0.16276398301124573
21 0.1605754792690277
22 0.1552456170320511
23 0.15041694045066833
24 0.15182356536388397
25 0.15087217092514038
26 0.1411323994398117
27 0.13412494957447052
28 0.14156727492809296
29 0.1411285251379013
30 0.1450081765651703
31 0.1293119490146637
32 0.13049344718456268
33 0.134965717792511
34 0.12298360466957092
35 0.12389717251062393
36 0.12726904451847076
37 0.11232688277959824
38 0.12137103080749512
39 0.11731751263141632
40 0.11478268355131149
41 0.1223381757736206
42 0.11367376893758774
43 0.11477147042751312
44 0.12646353244781494
45 0.11982587724924088
46 0.10954384505748749
47 0.10507622361183167
48 0.1233394518494606
49 0.10664966702461243
50 0.10958755016326904
51 0.10981564968824387
52 0.10721082985401154
53 0.09962940961122513
54 0.09825628995895386
55 0.09489306807518005
56 0.11036553233861923
57 0.1026613637804985
58 0.09884044528007507
59 0.09369032829999924
60 0.1033594161272049
61 0.10137822479009628
62 0.09882979840040207
63 0.09632305800914764
64 0.09486014395952225
65 0.10284438729286194
66 0.09704367071390152
67 0.09635308384895325
68 0.09822869300842285
69 0.09970012307167053
70 0.09475840628147125
71 0.10322362184524536
72 0.10620556026697159
73 0.09576284885406494
74 0.09003801643848419
75 0.09298751503229141
76 0.08899641036987305
77 0.09173983335494995
78 0.09794542193412781
79 0.09846575558185577
80 0.09198590368032455
81 0.08572248369455338
82 0.09710929542779922
83 0.0865621566772461
84 0.08485999703407288
85 0.0915796235203743
86 0.09053757786750793
87 0.08713506907224655
88 0.08755037933588028
89 0.11268170177936554
90 0.08991798013448715
91 0.08013813942670822
92 0.08521110564470291
93 0.08163080364465714
94 0.08875496685504913
95 0.08650925755500793
96 0.08890704065561295
97 0.07979109138250351
98 0.0874345526099205
99 0.07438930869102478
100 0.08263754099607468
101 0.07723984122276306
102 0.07502049207687378
103 0.08428562432527542
104 0.09562322497367859
105 0.07969343662261963
106 0.08806082606315613
107 0.08110179752111435
108 0.08218618482351303
109 0.08273398131132126
110 0.08554522693157196
111 0.08170800656080246
112 0.08405173569917679
113 0.08605630695819855
114 0.07837767153978348
115 0.08767954260110855
116 0.07869701832532883
117 0.07803358137607574
118 0.0751296728849411
119 0.08337146788835526
120 0.0790252834558487
121 0.08189868927001953
122 0.08171981573104858
123 0.07265287637710571
124 0.07579775899648666
125 0.07811722159385681
126 0.07742834091186523
127 0.07183219492435455
128 0.08447998762130737
129 0.07895945757627487
130 0.0801999419927597
131 0.06859111785888672
132 0.08526497334241867
133 0.08572343736886978
134 0.0758041962981224
135 0.07398246973752975
136 0.08651091158390045
137 0.08451531082391739
138 0.06965180486440659
139 0.07414130866527557
140 0.07175878435373306
141 0.07064197957515717
142 0.070365771651268
143 0.07676577568054199
144 0.08024565875530243
145 0.07473105937242508
146 0.06993106007575989
147 0.07688289880752563
148 0.07597191631793976
149 0.07229682803153992
150 0.07814023643732071
151 0.08473720401525497
152 0.07478944957256317
153 0.09216975420713425
154 0.08274733275175095
155 0.08009137958288193
156 0.08563774079084396
157 0.0673837885260582
158 0.08074937015771866
159 0.07637730240821838
160 0.07731655985116959
161 0.06998183578252792
162 0.0748661532998085
163 0.083332359790802
164 0.07859872281551361
165 0.07697640359401703
166 0.07450057566165924
167 0.07332662492990494
168 0.08073503524065018
169 0.07156463712453842
170 0.06975842267274857
171 0.06355283409357071
172 0.08297789096832275
173 0.07408535480499268
174 0.08509620279073715
175 0.08091338723897934
176 0.0737021192908287
177 0.07596932351589203
178 0.06071160361170769
179 0.06582823395729065
180 0.0703582912683487
181 0.07492785900831223
182 0.06029510125517845
183 0.0797477439045906
184 0.06553584337234497
185 0.07243044674396515
186 0.07133158296346664
187 0.07283835858106613
188 0.07526081800460815
189 0.06887292861938477
190 0.07435256987810135
191 0.07533665001392365
192 0.07090865820646286
193 0.07224903255701065
194 0.07191646844148636
195 0.06428072601556778
196 0.06801585853099823
197 0.08141252398490906
198 0.06893446296453476
199 0.06540249288082123
200 0.06989464163780212
