1 1.1059340238571167
2 0.7667261362075806
3 0.5778645873069763
4 0.5032182931900024
5 0.45392999053001404
6 0.3958234488964081
7 0.3871069550514221
8 0.33984264731407166
9 0.31571686267852783
10 0.3186832666397095
11 0.30635398626327515
12 0.280701220035553
13 0.273037850856781
14 0.2649495601654053
15 0.25269126892089844
16 0.23469948768615723
17 0.23098833858966827
18 0.22577175498008728
19 0.23620973527431488
20 0.22326292097568512
21 0.23414750397205353
22 0.20791256427764893
23 0.20567810535430908
24 0.21548889577388763
25 0.20594604313373566
26 0.1915915459394455
27 0.18618328869342804
28 0.19449684023857117
29 0.20048744976520538
30 0.19563765823841095
31 0.19754593074321747
32 0.19307279586791992
33 0.18261267244815826
34 0.19868798553943634
35 0.182149738073349
36 0.17222048342227936
37 0.19391804933547974
38 0.1653483510017395
39 0.19708359241485596
40 0.16912347078323364
41 0.1681925505399704
42 0.18268878757953644
43 0.17862163484096527
44 0.16638565063476562
45 0.18199458718299866
46 0.1704750955104828
47 0.18206584453582764
48 0.17461219429969788
49 0.16827812790870667
50 0.1644892543554306
51 0.1667107790708542
52 0.17199626564979553
53 0.15238222479820251
54 0.16375726461410522
55 0.15597257018089294
56 0.15203721821308136
57 0.15323328971862793
58 0.15818360447883606
59 0.15517786145210266
60 0.1506119668483734
61 0.1688050776720047
62 0.1553630232810974
63 0.14902351796627045
64 0.15521836280822754
65 0.15373921394348145
66 0.1615615338087082
67 0.14760781824588776
68 0.15134325623512268
69 0.15504291653633118
70 0.14244253933429718
71 0.13808172941207886
72 0.15134139358997345
73 0.13940167427062988
74 0.15001530945301056
75 0.1407385915517807
76 0.14938658475875854
77 0.14516198635101318
78 0.15107746422290802
79 0.14981862902641296
80 0.13692697882652283
81 0.13904103636741638
82 0.13553261756896973
83 0.14207415282726288
84 0.13599500060081482
85 0.14218373596668243
86 0.12360932677984238
87 0.14808961749076843
88 0.13029059767723083
89 0.13541246950626373
90 0.1302058845758438
91 0.1254679411649704
92 0.13299529254436493
93 0.12856465578079224
94 0.12621347606182098
95 0.13834087550640106
96 0.1308961808681488
97 0.13600198924541473
98 0.13365809619426727
99 0.13367176055908203
100 0.13689111173152924
101 0.13481304049491882
102 0.12142118811607361
103 0.1330595761537552
104 0.12115338444709778
105 0.11429794877767563
106 0.13823336362838745
107 0.12180806696414948
108 0.1343930959701538
109 0.11501902341842651
110 0.12605653703212738
111 0.1159033477306366
112 0.1329399049282074
113 0.12034839391708374
114 0.11961328238248825
115 0.12564818561077118
116 0.127369225025177
117 0.1216483935713768
118 0.11881972849369049
119 0.12288333475589752
120 0.1195942610502243
121 0.11981118470430374
122 0.11121893674135208
123 0.12211369723081589
124 0.12625715136528015
125 0.12397012859582901
126 0.12434107810258865
127 0.10370366275310516
128 0.11209480464458466
129 0.1216457337141037
130 0.12135224044322968
131 0.11541342735290527
132 0.1270294189453125
133 0.12308630347251892
134 0.1208413615822792
135 0.11434346437454224
136 0.11677971482276917
137 0.11919405311346054
138 0.11694484949111938
139 0.12326078116893768
140 0.11154008656740189
141 0.11697627604007721
142 0.10523387044668198
143 0.11251010745763779
144 0.11955395340919495
145 0.11847799271345139
146 0.10532259196043015
147 0.1233217716217041
148 0.10777993500232697
149 0.11757929623126984
150 0.12264521420001984
151 0.10980091243982315
152 0.11640310287475586
153 0.10429228842258453
154 0.12506923079490662
155 0.11199445277452469
156 0.11215565353631973
157 0.11675450205802917
158 0.11844757944345474
159 0.11090576648712158
160 0.11502368003129959
161 0.11561319977045059
162 0.11715444922447205
163 0.11889399588108063
164 0.1129394993185997
165 0.11617982387542725
166 0.11999719589948654
167 0.11478007584810257
168 0.10829964280128479
169 0.11324140429496765
170 0.10491013526916504
171 0.12817807495594025
172 0.10682334750890732
173 0.09820464998483658
174 0.10737612843513489
175 0.10568659007549286
176 0.12147123366594315
177 0.10726113617420197
178 0.11789018660783768
179 0.10306356102228165
180 0.10923077911138535
181 0.10352502763271332
182 0.10054508596658707
183 0.11755256354808807
184 0.11190469563007355
185 0.10648421198129654
186 0.10824152082204819
187 0.10803557187318802
188 0.09717199206352234
189 0.10783498734235764
190 0.10698523372411728
191 0.10761763900518417
192 0.10816808044910431
193 0.11105335503816605
194 0.1044137254357338
195 0.10479907691478729
196 0.10195782035589218
197 0.10704851150512695
198 0.10346180945634842
199 0.09891791641712189
200 0.11553943157196045
201 0.10250937193632126
202 0.11533845961093903
203 0.10506702214479446
204 0.10738615691661835
205 0.10950592905282974
206 0.09437458217144012
207 0.10544445365667343
208 0.11816918849945068
209 0.10451212525367737
210 0.10549226403236389
211 0.10182181745767593
212 0.10262826085090637
213 0.09177455306053162
214 0.11721368879079819
215 0.09699416905641556
216 0.1009562611579895
217 0.10848349332809448
218 0.09694875776767731
219 0.109038807451725
220 0.1169036403298378
221 0.10245613753795624
222 0.09146580845117569
223 0.10784309357404709
224 0.09331963211297989
225 0.10209828615188599
226 0.10679701715707779
227 0.09599296003580093
228 0.10213372111320496
229 0.09493541717529297
230 0.10995889455080032
231 0.10879938304424286
232 0.09925305098295212
233 0.10135243088006973
234 0.09441383928060532
235 0.09797407686710358
236 0.10668641328811646
237 0.09921525418758392
238 0.09571713954210281
239 0.10904119163751602
240 0.10403403639793396
241 0.10976624488830566
242 0.10061102360486984
243 0.09873302280902863
244 0.09596464037895203
245 0.09484776854515076
246 0.10022224485874176
247 0.11038196831941605
248 0.1075725182890892
249 0.09501399844884872
250 0.10240328311920166
251 0.10172360390424728
252 0.09719674289226532
253 0.10259359329938889
254 0.10651946067810059
255 0.0989014133810997
256 0.10531012713909149
257 0.10677177459001541
258 0.09397711604833603
259 0.10168931633234024
260 0.09635483473539352
261 0.10384852439165115
262 0.09806440770626068
263 0.10197526961565018
264 0.10302001237869263
265 0.10274789482355118
266 0.10432738810777664
267 0.10748157650232315
268 0.08973351120948792
269 0.09106743335723877
270 0.1018410325050354
271 0.1023201271891594
272 0.09877161681652069
273 0.09701991826295853
274 0.09823600947856903
275 0.10177219659090042
276 0.10082270950078964
277 0.09903667122125626
278 0.10017713904380798
279 0.08785758912563324
280 0.10781242698431015
281 0.08681731671094894
282 0.10905428230762482
283 0.08964862674474716
284 0.10001400858163834
285 0.09267585724592209
286 0.10264251381158829
287 0.09653113037347794
288 0.09226100891828537
289 0.09396132826805115
290 0.09506028145551682
291 0.10109879821538925
292 0.09629125148057938
293 0.10015390068292618
294 0.08640506118535995
295 0.09627754986286163
296 0.09374073892831802
297 0.09015197306871414
298 0.10388755798339844
299 0.08683831244707108
300 0.09759301692247391
301 0.09419355541467667
302 0.09752841293811798
303 0.09597978740930557
304 0.09457004070281982
305 0.09219016879796982
306 0.09388316422700882
307 0.0901903510093689
308 0.09135463833808899
309 0.09376715123653412
310 0.09558840095996857
311 0.0955306813120842
312 0.08713725954294205
313 0.10276207327842712
314 0.09037889540195465
315 0.09612599015235901
316 0.09489159286022186
317 0.09146562963724136
318 0.0887710377573967
319 0.09338138997554779
320 0.09648706018924713
321 0.10093867778778076
322 0.0951652005314827
323 0.09422318637371063
324 0.0866943895816803
325 0.09462285041809082
326 0.08718014508485794
327 0.07705748826265335
328 0.08713793009519577
329 0.08658401668071747
330 0.09730353951454163
331 0.10162997245788574
332 0.08953491598367691
333 0.09175760298967361
334 0.08868943154811859
335 0.09055135399103165
336 0.09270813316106796
337 0.08173320442438126
338 0.10412349551916122
339 0.08540062606334686
340 0.09963338077068329
341 0.09266988188028336
342 0.09513414651155472
343 0.09983981400728226
344 0.07875426113605499
345 0.09728772938251495
346 0.09224702417850494
347 0.09650708734989166
348 0.08764594793319702
349 0.08896751701831818
350 0.09152542054653168
351 0.08682972192764282
352 0.08645083010196686
353 0.09215529263019562
354 0.08486384898424149
355 0.09118951857089996
356 0.09438209235668182
357 0.09360573440790176
358 0.08683550357818604
359 0.10203394293785095
360 0.07921399176120758
361 0.08928928524255753
362 0.0980338603258133
363 0.08696465194225311
364 0.0912688747048378
365 0.09266944974660873
366 0.08248201012611389
367 0.0824432298541069
368 0.1024068295955658
369 0.09280456602573395
370 0.0925084799528122
371 0.1054166778922081
372 0.08572780340909958
373 0.08769100159406662
374 0.0914028137922287
375 0.09731689840555191
376 0.08216039836406708
377 0.08404511958360672
378 0.10492809861898422
379 0.08840669691562653
380 0.08927345275878906
381 0.09137500077486038
382 0.09044817090034485
383 0.08896452933549881
384 0.08882752060890198
385 0.09444442391395569
386 0.0925695151090622
387 0.08477514982223511
388 0.08685017377138138
389 0.08937592804431915
390 0.08902963250875473
391 0.09920255839824677
392 0.09284215420484543
393 0.09229028224945068
394 0.08373367786407471
395 0.09005239605903625
396 0.09397639334201813
397 0.09824836254119873
398 0.0848051905632019
399 0.089978888630867
400 0.08949301391839981
