1 1.1045266389846802
2 0.8372699022293091
3 0.6824043393135071
4 0.5963007807731628
5 0.558070719242096
6 0.5180699229240417
7 0.4945746064186096
8 0.4573775827884674
9 0.43518707156181335
10 0.42335736751556396
11 0.40270915627479553
12 0.3909149467945099
13 0.37886565923690796
14 0.3684336841106415
15 0.35265177488327026
16 0.34702590107917786
17 0.3376584053039551
18 0.3281806409358978
19 0.32316267490386963
20 0.3072606325149536
21 0.30668556690216064
22 0.298117458820343
23 0.28736022114753723
24 0.28822019696235657
25 0.2826228439807892
26 0.27741995453834534
27 0.27077046036720276
28 0.2731550931930542
29 0.27230921387672424
30 0.27418097853660583
31 0.2674773931503296
32 0.2700541317462921
33 0.2619117796421051
34 0.2680327296257019
35 0.2572863698005676
36 0.25361576676368713
37 0.254406213760376
38 0.26259687542915344
39 0.25335893034935
40 0.26110324263572693
41 0.26161348819732666
42 0.2477857619524002
43 0.25052669644355774
44 0.2538430988788605
45 0.2500080466270447
46 0.2585967481136322
47 0.2507682144641876
48 0.25359106063842773
49 0.24329394102096558
50 0.24577030539512634
51 0.24356679618358612
52 0.24130655825138092
53 0.24589261412620544
54 0.24946552515029907
55 0.246393620967865
56 0.2518984079360962
57 0.245441272854805
58 0.2473786324262619
59 0.24768228828907013
60 0.23560304939746857
61 0.24743591248989105
62 0.24607397615909576
63 0.24309095740318298
64 0.24714507162570953
65 0.23266670107841492
66 0.2419758290052414
67 0.23262685537338257
68 0.24638478457927704
69 0.23276948928833008
70 0.23544731736183167
71 0.23158171772956848
72 0.24190345406532288
73 0.23255179822444916
74 0.2420925498008728
75 0.23731094598770142
76 0.23532558977603912
77 0.24510017037391663
78 0.23650328814983368
79 0.22739948332309723
80 0.2338600754737854
81 0.24540072679519653
82 0.22680117189884186
83 0.23806031048297882
84 0.2311357706785202
85 0.23063407838344574
86 0.2289339154958725
87 0.2335973083972931
88 0.22927801311016083
89 0.23191025853157043
90 0.23150432109832764
91 0.2294984757900238
92 0.23319818079471588
93 0.23453642427921295
94 0.23083892464637756
95 0.22812165319919586
96 0.2411811500787735
97 0.2282400280237198
98 0.22871924936771393
99 0.22355379164218903
100 0.23468835651874542
101 0.2245326191186905
102 0.23057414591312408
103 0.2238958179950714
104 0.23392242193222046
105 0.21857231855392456
106 0.22702674567699432
107 0.2267225831747055
108 0.22106726467609406
109 0.23063480854034424
110 0.23146113753318787
111 0.22800302505493164
112 0.22009320557117462
113 0.23158614337444305
114 0.2168309986591339
115 0.22246752679347992
116 0.2212548851966858
117 0.22639836370944977
118 0.22582349181175232
119 0.22645807266235352
120 0.22878096997737885
121 0.2234262079000473
122 0.22132933139801025
123 0.22613149881362915
124 0.226514995098114
125 0.2340002954006195
126 0.2332322746515274
127 0.22360704839229584
128 0.21868446469306946
129 0.22440466284751892
130 0.21406422555446625
131 0.22848962247371674
132 0.22419941425323486
133 0.2341935783624649
134 0.231975257396698
135 0.2194322794675827
136 0.2270512580871582
137 0.23011423647403717
138 0.2356264442205429
139 0.22288143634796143
140 0.22307264804840088
141 0.2172737717628479
142 0.23168133199214935
143 0.2193380445241928
144 0.22111332416534424
145 0.22612270712852478
146 0.21653218567371368
147 0.23093897104263306
148 0.2366042584180832
149 0.21983346343040466
150 0.21855540573596954
151 0.2309788167476654
152 0.21306174993515015
153 0.2143832892179489
154 0.21446792781352997
155 0.2193317860364914
156 0.21695812046527863
157 0.22159834206104279
158 0.2254711389541626
159 0.22239214181900024
160 0.2076357901096344
161 0.2149454951286316
162 0.21816357970237732
163 0.23173010349273682
164 0.21292126178741455
165 0.22486592829227448
166 0.21491529047489166
167 0.22009073197841644
168 0.23434649407863617
169 0.20545655488967896
170 0.22073645889759064
171 0.22240108251571655
172 0.21583080291748047
173 0.21368159353733063
174 0.22978071868419647
175 0.22094157338142395
176 0.22256098687648773
177 0.21319498121738434
178 0.21915055811405182
179 0.21013782918453217
180 0.22906048595905304
181 0.20874477922916412
182 0.22101472318172455
183 0.21336808800697327
184 0.2219623178243637
185 0.2176055610179901
186 0.22721600532531738
187 0.22016429901123047
188 0.22476248443126678
189 0.20802590250968933
190 0.2206612527370453
191 0.2200855016708374
192 0.21861346065998077
193 0.21901987493038177
194 0.21424655616283417
195 0.21747346222400665
196 0.22321416437625885
197 0.2196812480688095
198 0.21749597787857056
199 0.2154591679573059
200 0.2201792448759079
201 0.21187803149223328
202 0.22120508551597595
203 0.2155718356370926
204 0.22825105488300323
205 0.21952156722545624
206 0.21535678207874298
207 0.22529882192611694
208 0.20418842136859894
209 0.2072325199842453
210 0.21462534368038177
211 0.21558047831058502
212 0.21543344855308533
213 0.204945906996727
214 0.22131496667861938
215 0.206650972366333
216 0.22107596695423126
217 0.20990505814552307
218 0.20853933691978455
219 0.214143306016922
220 0.21507325768470764
221 0.2047940343618393
222 0.21616186201572418
223 0.19939325749874115
224 0.21560019254684448
225 0.21650953590869904
226 0.19960686564445496
227 0.21297156810760498
228 0.21134145557880402
229 0.21167929470539093
230 0.21194052696228027
231 0.2031509131193161
232 0.2126152366399765
233 0.21211707592010498
234 0.1991748809814453
235 0.2102336585521698
236 0.20849482715129852
237 0.21403993666172028
238 0.20866698026657104
239 0.21576300263404846
240 0.21553316712379456
241 0.19754379987716675
242 0.20769332349300385
243 0.20547498762607574
244 0.20653294026851654
245 0.213943213224411
246 0.20793353021144867
247 0.19676344096660614
248 0.22357948124408722
249 0.20442287623882294
250 0.19751067459583282
251 0.20244738459587097
252 0.19799688458442688
253 0.21039222180843353
254 0.19789057970046997
255 0.20782160758972168
256 0.19998206198215485
257 0.20919203758239746
258 0.20437423884868622
259 0.21075326204299927
260 0.20769332349300385
261 0.19347375631332397
262 0.20711937546730042
263 0.21343445777893066
264 0.20014731585979462
265 0.22149598598480225
266 0.1886008381843567
267 0.2033601552248001
268 0.2110118418931961
269 0.20974469184875488
270 0.2047099620103836
271 0.19277797639369965
272 0.2107311487197876
273 0.20159541070461273
274 0.19869497418403625
275 0.19200535118579865
276 0.20451420545578003
277 0.20628467202186584
278 0.2064790576696396
279 0.19900695979595184
280 0.20664523541927338
281 0.1982789784669876
282 0.19340255856513977
283 0.20201362669467926
284 0.1892722100019455
285 0.20423077046871185
286 0.21104317903518677
287 0.1862882673740387
288 0.19509616494178772
289 0.1983575075864792
290 0.18285435438156128
291 0.21016690135002136
292 0.211710587143898
293 0.1990373581647873
294 0.19982455670833588
295 0.19773796200752258
296 0.1854632943868637
297 0.19826526939868927
298 0.20103079080581665
299 0.19944578409194946
300 0.18907016515731812
301 0.18538586795330048
302 0.1979651004076004
303 0.19517265260219574
304 0.19244790077209473
305 0.19054704904556274
306 0.19794541597366333
307 0.19890378415584564
308 0.1833142638206482
309 0.19229549169540405
310 0.1951889842748642
311 0.19366738200187683
312 0.19212977588176727
313 0.1934332400560379
314 0.1916007399559021
315 0.19438104331493378
316 0.19394369423389435
317 0.17873218655586243
318 0.19729740917682648
319 0.18432925641536713
320 0.18608170747756958
321 0.1859140545129776
322 0.19429782032966614
323 0.19143201410770416
324 0.19750633835792542
325 0.18283897638320923
326 0.19616618752479553
327 0.20904035866260529
328 0.17661528289318085
329 0.188083216547966
330 0.188039168715477
331 0.1985132247209549
332 0.19609884917736053
333 0.1850755512714386
334 0.18332988023757935
335 0.18418321013450623
336 0.1908218115568161
337 0.19187092781066895
338 0.18136653304100037
339 0.18624107539653778
340 0.1792057603597641
341 0.18124136328697205
342 0.20494218170642853
343 0.18402034044265747
344 0.18709760904312134
345 0.18980734050273895
346 0.18804532289505005
347 0.19427436590194702
348 0.1856284737586975
349 0.19502396881580353
350 0.18510663509368896
351 0.1919678896665573
352 0.19039976596832275
353 0.1757008135318756
354 0.19006004929542542
355 0.17628787457942963
356 0.19589045643806458
357 0.18080277740955353
358 0.1792241930961609
359 0.18561771512031555
360 0.18813638389110565
361 0.1857878416776657
362 0.1826322376728058
363 0.1899431347846985
364 0.18170873820781708
365 0.19021373987197876
366 0.19916410744190216
367 0.18785366415977478
368 0.1840038150548935
369 0.1842939406633377
370 0.18424297869205475
371 0.17101962864398956
372 0.18779419362545013
373 0.19007273018360138
374 0.1757657825946808
375 0.17231479287147522
376 0.19295671582221985
377 0.18619702756404877
378 0.19028545916080475
379 0.1742999106645584
380 0.19223152101039886
381 0.18684372305870056
382 0.18352721631526947
383 0.18668106198310852
384 0.1865749955177307
385 0.17761650681495667
386 0.18266834318637848
387 0.193839430809021
388 0.20298980176448822
389 0.1793285310268402
390 0.17349015176296234
391 0.18908452987670898
392 0.19616147875785828
393 0.18258193135261536
394 0.1790526658296585
395 0.1860465705394745
396 0.1773184984922409
397 0.17702753841876984
398 0.1862771362066269
399 0.18008588254451752
400 0.1772189438343048
401 0.18989624083042145
402 0.18618763983249664
403 0.17537443339824677
404 0.18469643592834473
405 0.19408947229385376
406 0.1750369817018509
407 0.18097758293151855
408 0.1756773740053177
409 0.17830801010131836
410 0.1877758502960205
411 0.18798641860485077
412 0.1823611557483673
413 0.1786346584558487
414 0.18921996653079987
415 0.19103454053401947
416 0.18963344395160675
417 0.17415356636047363
418 0.18007273972034454
419 0.17569653689861298
420 0.18155016005039215
421 0.1782478541135788
422 0.1792895644903183
423 0.19525709748268127
424 0.1840837001800537
425 0.16881272196769714
426 0.19533857703208923
427 0.18387919664382935
428 0.18555697798728943
429 0.1900964230298996
430 0.17138706147670746
431 0.18996663391590118
432 0.17070113122463226
433 0.17437699437141418
434 0.18358825147151947
435 0.1896476000547409
436 0.17986120283603668
437 0.17821328341960907
438 0.18610966205596924
439 0.19031459093093872
440 0.19200152158737183
441 0.17015430331230164
442 0.18227942287921906
443 0.184921532869339
444 0.19033879041671753
445 0.1747702658176422
446 0.18915042281150818
447 0.1756451278924942
448 0.190660759806633
449 0.1910915970802307
450 0.17651432752609253
451 0.1744844764471054
452 0.17751219868659973
453 0.18019387125968933
454 0.19400084018707275
455 0.1821216344833374
456 0.1787124127149582
457 0.17283682525157928
458 0.19086185097694397
459 0.17149266600608826
460 0.19806219637393951
461 0.1868085414171219
462 0.18456406891345978
463 0.17609980702400208
464 0.1840343326330185
465 0.17803165316581726
466 0.18737360835075378
467 0.1809460073709488
468 0.19164744019508362
469 0.17601968348026276
470 0.17811356484889984
471 0.17909936606884003
472 0.18234382569789886
473 0.17000123858451843
474 0.17220842838287354
475 0.18801690638065338
476 0.18189789354801178
477 0.19314159452915192
478 0.17330481112003326
479 0.17248208820819855
480 0.18792380392551422
481 0.18011035025119781
482 0.19386990368366241
483 0.182023286819458
484 0.18412962555885315
485 0.18286722898483276
486 0.183599591255188
487 0.18173642456531525
488 0.18555542826652527
489 0.180744007229805
490 0.1780223697423935
491 0.17623181641101837
492 0.17285369336605072
493 0.1721659004688263
494 0.17209820449352264
495 0.18474453687667847
496 0.18591991066932678
497 0.17688052356243134
498 0.18274615705013275
499 0.19042019546031952
500 0.17710013687610626
501 0.18975520133972168
502 0.18588508665561676
503 0.18121914565563202
504 0.17182333767414093
505 0.17811138927936554
506 0.1795891672372818
507 0.1889811009168625
508 0.17744730412960052
509 0.17433291673660278
510 0.17764829099178314
511 0.18597358465194702
512 0.1805534064769745
513 0.18353763222694397
514 0.17080102860927582
515 0.1856347769498825
516 0.17797893285751343
517 0.18637455999851227
518 0.1815607100725174
519 0.18338337540626526
520 0.18077604472637177
521 0.17157705128192902
522 0.17990092933177948
523 0.177302286028862
524 0.17975550889968872
525 0.1838131994009018
526 0.19212624430656433
527 0.15882235765457153
528 0.18394754827022552
529 0.1700279861688614
530 0.18654195964336395
531 0.18732960522174835
532 0.17832539975643158
533 0.17423798143863678
534 0.18584921956062317
535 0.17535996437072754
536 0.1676718294620514
537 0.18190088868141174
538 0.18293268978595734
539 0.1911517232656479
540 0.17031966149806976
541 0.1804800182580948
542 0.16886906325817108
543 0.1864151954650879
544 0.17884893715381622
545 0.17893663048744202
546 0.17515221238136292
547 0.18155087530612946
548 0.18609784543514252
549 0.16839981079101562
550 0.19284692406654358
551 0.1992741972208023
552 0.17250028252601624
553 0.19081957638263702
554 0.17997786402702332
555 0.17439642548561096
556 0.18678435683250427
557 0.1759842187166214
558 0.16811437904834747
559 0.17959600687026978
560 0.1833139955997467
561 0.18524502217769623
562 0.1760188639163971
563 0.17368674278259277
564 0.18597246706485748
565 0.17668893933296204
566 0.17216721177101135
567 0.1892724186182022
568 0.17603817582130432
569 0.17333970963954926
570 0.17910006642341614
571 0.1818128377199173
572 0.17169703543186188
573 0.1832531839609146
574 0.1834491640329361
575 0.18081997334957123
576 0.16557027399539948
577 0.18019305169582367
578 0.18542255461215973
579 0.18338045477867126
580 0.18898068368434906
581 0.17742983996868134
582 0.18855224549770355
583 0.1797199696302414
584 0.18534576892852783
585 0.1714702993631363
586 0.18388931453227997
587 0.1876714527606964
588 0.18383611738681793
589 0.17380671203136444
590 0.16783499717712402
591 0.1762150526046753
592 0.18402230739593506
593 0.1747225821018219
594 0.17831216752529144
595 0.1644737869501114
596 0.1820484846830368
597 0.17682647705078125
598 0.18282759189605713
599 0.19023749232292175
600 0.1788700819015503
601 0.177616149187088
602 0.1798054575920105
603 0.17367635667324066
604 0.16852498054504395
605 0.1801370084285736
606 0.1761654019355774
607 0.17494000494480133
608 0.17232686281204224
609 0.18750596046447754
610 0.1796933263540268
611 0.1824609339237213
612 0.17493021488189697
613 0.18659818172454834
614 0.1722838282585144
615 0.1789146214723587
616 0.17607364058494568
617 0.1775011569261551
618 0.17802129685878754
619 0.19377055764198303
620 0.17514586448669434
621 0.16560953855514526
622 0.17855003476142883
623 0.1784423291683197
624 0.17519834637641907
625 0.19199545681476593
626 0.17832140624523163
627 0.18147991597652435
628 0.2012423723936081
629 0.1754460632801056
630 0.18443834781646729
631 0.16378210484981537
632 0.1776113659143448
633 0.17862148582935333
634 0.19199776649475098
635 0.16897264122962952
636 0.1849379539489746
637 0.18076501786708832
638 0.19285225868225098
639 0.18327519297599792
640 0.19072216749191284
641 0.17246638238430023
642 0.1841641515493393
643 0.18858036398887634
644 0.16784963011741638
645 0.18834692239761353
646 0.17480657994747162
647 0.16652575135231018
648 0.17710323631763458
649 0.17329619824886322
650 0.17073839902877808
651 0.18180260062217712
652 0.19114111363887787
653 0.17386962473392487
654 0.17722855508327484
655 0.1849730759859085
656 0.18185831606388092
657 0.18414175510406494
658 0.18259987235069275
659 0.17868749797344208
660 0.18101507425308228
661 0.17146509885787964
662 0.18567870557308197
663 0.1769344061613083
664 0.17913345992565155
665 0.1811416894197464
666 0.17179250717163086
667 0.16953179240226746
668 0.17829276621341705
669 0.1723940521478653
670 0.1731729507446289
671 0.18524174392223358
672 0.18841253221035004
673 0.16845020651817322
674 0.1663324534893036
675 0.18094144761562347
676 0.1669640839099884
677 0.17772890627384186
678 0.17980529367923737
679 0.17003679275512695
680 0.17683491110801697
681 0.1722431778907776
682 0.1718401163816452
683 0.1769174337387085
684 0.17882902920246124
685 0.17602451145648956
686 0.1694970279932022
687 0.18332701921463013
688 0.18633995950222015
689 0.179594948887825
690 0.18556809425354004
691 0.17528165876865387
692 0.17197738587856293
693 0.17885901033878326
694 0.17003083229064941
695 0.17378929257392883
696 0.17521674931049347
697 0.16452796757221222
698 0.1757064014673233
699 0.18814627826213837
700 0.18729646503925323
701 0.17600546777248383
702 0.16093814373016357
703 0.18083477020263672
704 0.17336547374725342
705 0.17661282420158386
706 0.1783776879310608
707 0.16325560212135315
708 0.17535947263240814
709 0.17553460597991943
710 0.16534554958343506
711 0.1952831745147705
712 0.18521037697792053
713 0.18835940957069397
714 0.1803247034549713
715 0.1631823033094406
716 0.17812271416187286
717 0.17355214059352875
718 0.18508176505565643
719 0.17191386222839355
720 0.18532413244247437
721 0.16548077762126923
722 0.1826225221157074
723 0.1727011799812317
724 0.17080478370189667
725 0.17073297500610352
726 0.1962563842535019
727 0.16958414018154144
728 0.18159063160419464
729 0.18232710659503937
730 0.17348068952560425
731 0.1804630607366562
732 0.18766579031944275
733 0.17488791048526764
734 0.1703752875328064
735 0.18414990603923798
736 0.1721317619085312
737 0.18607917428016663
738 0.15953747928142548
739 0.17297077178955078
740 0.18443115055561066
741 0.1781538873910904
742 0.17118342220783234
743 0.17752212285995483
744 0.16582979261875153
745 0.17121034860610962
746 0.16560903191566467
747 0.18433816730976105
748 0.17623694241046906
749 0.18867090344429016
750 0.17289665341377258
751 0.18428602814674377
752 0.17317868769168854
753 0.18148544430732727
754 0.16975761950016022
755 0.1758001744747162
756 0.17254957556724548
757 0.1808595210313797
758 0.17593589425086975
759 0.17234055697917938
760 0.18183259665966034
761 0.18009960651397705
762 0.18903332948684692
763 0.17600329220294952
764 0.17258980870246887
765 0.1757359802722931
766 0.1870923638343811
767 0.17613425850868225
768 0.18909919261932373
769 0.17433035373687744
770 0.1810302436351776
771 0.17983567714691162
772 0.18529866635799408
773 0.1763429194688797
774 0.1800488978624344
775 0.17518892884254456
776 0.17880801856517792
777 0.17393936216831207
778 0.18925105035305023
779 0.1755731850862503
780 0.17751742899417877
781 0.19050663709640503
782 0.1715959906578064
783 0.17923076450824738
784 0.18084698915481567
785 0.1698922961950302
786 0.18324002623558044
787 0.17611055076122284
788 0.172868549823761
789 0.1763317584991455
790 0.17174242436885834
791 0.18409261107444763
792 0.16670919954776764
793 0.1768287569284439
794 0.18729554116725922
795 0.17452950775623322
796 0.1695268303155899
797 0.16878505051136017
798 0.17770694196224213
799 0.18048053979873657
800 0.1752171367406845
