1 1.240963101387024
2 1.183742880821228
3 1.17660653591156
4 1.1679086685180664
5 1.1517552137374878
6 1.1270922422409058
7 1.0905728340148926
8 1.0454572439193726
9 0.9959613680839539
10 0.9463261365890503
11 0.895641028881073
12 0.8498401045799255
13 0.806747555732727
14 0.7677451372146606
15 0.7334645986557007
16 0.7012660503387451
17 0.6730286478996277
18 0.6472159624099731
19 0.6246016025543213
20 0.601783275604248
21 0.5789293050765991
22 0.5582076907157898
23 0.5428587198257446
24 0.5263247489929199
25 0.5092509984970093
26 0.49537405371665955
27 0.47947123646736145
28 0.46680986881256104
29 0.4548344612121582
30 0.4430101811885834
31 0.4319615364074707
32 0.4216948449611664
33 0.4121919274330139
34 0.4015151262283325
35 0.39172235131263733
36 0.382651686668396
37 0.37418511509895325
38 0.36640259623527527
39 0.3570745885372162
40 0.3508824408054352
41 0.3421689569950104
42 0.3346806764602661
43 0.3280814588069916
44 0.3223479092121124
45 0.3148796558380127
46 0.30888399481773376
47 0.3028731346130371
48 0.29717791080474854
49 0.2929222285747528
50 0.28622663021087646
51 0.2812519967556
52 0.2767326831817627
53 0.2720247805118561
54 0.26626285910606384
55 0.2642553448677063
56 0.2587617039680481
57 0.2555478513240814
58 0.2498280555009842
59 0.24797989428043365
60 0.2434995025396347
61 0.2406291514635086
62 0.23804941773414612
63 0.23377878963947296
64 0.23070572316646576
65 0.22771915793418884
66 0.2255522608757019
67 0.22161589562892914
68 0.21850834786891937
69 0.21820588409900665
70 0.21411405503749847
71 0.21256466209888458
72 0.21066083014011383
73 0.20757809281349182
74 0.2064124345779419
75 0.20235437154769897
76 0.20120121538639069
77 0.19911043345928192
78 0.19757211208343506
79 0.19516921043395996
80 0.1938982754945755
81 0.1920769363641739
82 0.1904161125421524
83 0.1871040016412735
84 0.1870983988046646
85 0.18410219252109528
86 0.18297074735164642
87 0.18055179715156555
88 0.17985017597675323
89 0.17640115320682526
90 0.1749010533094406
91 0.17481863498687744
92 0.17327715456485748
93 0.17225949466228485
94 0.17085719108581543
95 0.16925878822803497
96 0.16948050260543823
97 0.16663002967834473
98 0.166072815656662
99 0.16425727307796478
100 0.16373896598815918
101 0.16201834380626678
102 0.16114738583564758
103 0.160272479057312
104 0.15901613235473633
105 0.15920673310756683
106 0.15727925300598145
107 0.15653593838214874
108 0.15544208884239197
109 0.15253537893295288
110 0.15345433354377747
111 0.15236862003803253
112 0.1506596952676773
113 0.15097683668136597
114 0.14874514937400818
115 0.14996416866779327
116 0.14754250645637512
117 0.14749999344348907
118 0.1473325490951538
119 0.14560791850090027
120 0.14433954656124115
121 0.14449262619018555
122 0.1443721503019333
123 0.14170818030834198
124 0.14159005880355835
125 0.14097198843955994
126 0.14106909930706024
127 0.13965612649917603
128 0.13809800148010254
129 0.13888627290725708
130 0.13722921907901764
131 0.13857780396938324
132 0.13712435960769653
133 0.13464294373989105
134 0.13686931133270264
135 0.13430985808372498
136 0.13479174673557281
137 0.13488176465034485
138 0.1327485591173172
139 0.13242366909980774
140 0.1322205811738968
141 0.131662055850029
142 0.1313675493001938
143 0.13114364445209503
144 0.13078400492668152
145 0.12874586880207062
146 0.12924732267856598
147 0.12907002866268158
148 0.12894468009471893
149 0.12753842771053314
150 0.126204714179039
151 0.1277134120464325
152 0.12620984017848969
153 0.12670497596263885
154 0.1261923760175705
155 0.12434840947389603
156 0.12389746308326721
157 0.12425195425748825
158 0.12338272482156754
159 0.12273737043142319
160 0.1239239051938057
161 0.12267468124628067
162 0.12258858978748322
163 0.12048167735338211
164 0.12032260745763779
165 0.11982682347297668
166 0.11940252035856247
167 0.12047737836837769
168 0.11942967027425766
169 0.11905960738658905
170 0.11966581642627716
171 0.11755590885877609
172 0.11777250468730927
173 0.11713136732578278
174 0.11795074492692947
175 0.11710479110479355
176 0.11596757918596268
177 0.11613602191209793
178 0.11578071862459183
179 0.11450821161270142
180 0.11563333123922348
181 0.11429697275161743
182 0.11567286401987076
183 0.11331646889448166
184 0.11419090628623962
185 0.11448507755994797
186 0.1136019304394722
187 0.11309829354286194
188 0.11307966709136963
189 0.113357774913311
190 0.11111968010663986
191 0.1120077595114708
192 0.11176590621471405
193 0.11108147352933884
194 0.1110926941037178
195 0.11041578650474548
196 0.11107221245765686
197 0.11051057279109955
198 0.10984892398118973
199 0.10975329577922821
200 0.10895738005638123
201 0.10839875787496567
202 0.10867027938365936
203 0.10837709158658981
204 0.10723794996738434
205 0.10774379223585129
206 0.1062500849366188
207 0.10607806593179703
208 0.10718055814504623
209 0.10711566358804703
210 0.10541938245296478
211 0.10583456605672836
212 0.10489660501480103
213 0.10683153569698334
214 0.1061759814620018
215 0.10483048111200333
216 0.10563551634550095
217 0.10433853417634964
218 0.10437913239002228
219 0.1033690795302391
220 0.10284726321697235
221 0.10415706038475037
222 0.10324335843324661
223 0.10312797129154205
224 0.10236390680074692
225 0.10245512425899506
226 0.10174085199832916
227 0.10224716365337372
228 0.10213221609592438
229 0.1020592674612999
230 0.10002734512090683
231 0.10089033097028732
232 0.10104028135538101
233 0.10149027407169342
234 0.10009139776229858
235 0.09951751679182053
236 0.0995999202132225
237 0.10002342611551285
238 0.09875393658876419
239 0.0983111709356308
240 0.10052517056465149
241 0.09863948822021484
242 0.09886451065540314
243 0.09737978875637054
244 0.09837734699249268
245 0.09870254993438721
246 0.09865927696228027
247 0.09658981114625931
248 0.09791844338178635
249 0.09787219017744064
250 0.09747695922851562
251 0.09841479361057281
252 0.09575902670621872
253 0.09704511612653732
254 0.09598272293806076
255 0.0970371812582016
256 0.0963473990559578
257 0.09599374979734421
258 0.09504836052656174
259 0.0949927270412445
260 0.0948977842926979
261 0.09601473808288574
262 0.09558334201574326
263 0.09403562545776367
264 0.09432917088270187
265 0.09470897912979126
266 0.09469018876552582
267 0.09382344037294388
268 0.09551794826984406
269 0.09334440529346466
270 0.09349537640810013
271 0.09278340637683868
272 0.09242864698171616
273 0.09360963106155396
274 0.09090908616781235
275 0.09316445887088776
276 0.09283261746168137
277 0.09187126159667969
278 0.09170645475387573
279 0.09237471222877502
280 0.09298025071620941
281 0.09176097810268402
282 0.09195544570684433
283 0.09153725206851959
284 0.08966492861509323
285 0.09162656217813492
286 0.09125133603811264
287 0.09041304141283035
288 0.09002532064914703
289 0.09081856161355972
290 0.0895332619547844
291 0.09067441523075104
292 0.08975869417190552
293 0.09025724232196808
294 0.0899127647280693
295 0.08962622284889221
296 0.08845504373311996
297 0.08832922577857971
298 0.08830693364143372
299 0.08900260180234909
300 0.08854570239782333
301 0.08848836272954941
302 0.08768961578607559
303 0.08849667757749557
304 0.08742548525333405
305 0.08728237450122833
306 0.08732175081968307
307 0.0876949205994606
308 0.08756259828805923
309 0.08514717221260071
310 0.0878654196858406
311 0.08747194707393646
312 0.08756088465452194
313 0.08662549406290054
314 0.08583440631628036
315 0.08648569881916046
316 0.08570805937051773
317 0.08602685481309891
318 0.08585343509912491
319 0.08705618232488632
320 0.08563387393951416
321 0.08564861863851547
322 0.08315367251634598
323 0.08542155474424362
324 0.08435074985027313
325 0.08521585166454315
326 0.085249163210392
327 0.08580929785966873
328 0.08447740972042084
329 0.08517728745937347
330 0.08451174199581146
331 0.08356605470180511
332 0.08483941107988358
333 0.08407031744718552
334 0.08406053483486176
335 0.08540543168783188
336 0.08257707953453064
337 0.083451047539711
338 0.0832340270280838
339 0.08359081298112869
340 0.0831928551197052
341 0.08232826739549637
342 0.08270454406738281
343 0.08224465698003769
344 0.08304087817668915
345 0.0813482478260994
346 0.08285336941480637
347 0.08125168830156326
348 0.08269239962100983
349 0.08265823125839233
350 0.08282212167978287
351 0.08192329853773117
352 0.08182983845472336
353 0.08214198052883148
354 0.08160248398780823
355 0.08190950006246567
356 0.08103224635124207
357 0.08072443306446075
358 0.08186958730220795
359 0.0814133957028389
360 0.08199060708284378
361 0.08017436414957047
362 0.08068083971738815
363 0.079735666513443
364 0.08018773794174194
365 0.07993662357330322
366 0.07900167256593704
367 0.08004149794578552
368 0.07937467843294144
369 0.07954534888267517
370 0.07930969446897507
371 0.0798926055431366
372 0.08027315139770508
373 0.07904761284589767
374 0.07961287349462509
375 0.07932253181934357
376 0.08109506219625473
377 0.07827458530664444
378 0.07939629256725311
379 0.07805759459733963
380 0.07800967991352081
381 0.07844176143407822
382 0.0788426473736763
383 0.07864651083946228
384 0.07679106295108795
385 0.07791059464216232
386 0.07771436870098114
387 0.07801606506109238
388 0.0788363590836525
389 0.07806763797998428
390 0.07838336378335953
391 0.07749421149492264
392 0.07769637554883957
393 0.0777105763554573
394 0.07770111411809921
395 0.07623424381017685
396 0.07791077345609665
397 0.07624074816703796
398 0.07764007896184921
399 0.0761132761836052
400 0.0768987238407135
401 0.07683486491441727
402 0.07696405798196793
403 0.07668180018663406
404 0.0758371576666832
405 0.07588168233633041
406 0.07693793624639511
407 0.07579142600297928
408 0.07668650150299072
409 0.07589136064052582
410 0.07469969987869263
411 0.07626432925462723
412 0.07602091133594513
413 0.0747290700674057
414 0.07331304997205734
415 0.07508061826229095
416 0.07645701617002487
417 0.07477268576622009
418 0.0756833404302597
419 0.073841392993927
420 0.07528071850538254
421 0.07359056919813156
422 0.07408630847930908
423 0.07567021995782852
424 0.07384234666824341
425 0.07457007467746735
426 0.0735904723405838
427 0.07365970313549042
428 0.0742163136601448
429 0.07489561289548874
430 0.07286012917757034
431 0.07249673455953598
432 0.07406729459762573
433 0.07489582151174545
434 0.07365944236516953
435 0.07396601140499115
436 0.07287577539682388
437 0.07422862201929092
438 0.07345142960548401
439 0.07281539589166641
440 0.07107871025800705
441 0.07404616475105286
442 0.07404505461454391
443 0.07219801098108292
444 0.07254193723201752
445 0.07244009524583817
446 0.07336242496967316
447 0.0719112977385521
448 0.07253120839595795
449 0.07205019146203995
450 0.07217153906822205
451 0.07123182713985443
452 0.0717414990067482
453 0.0729038193821907
454 0.07130042463541031
455 0.07314858585596085
456 0.07140463590621948
457 0.07204505801200867
458 0.07149104028940201
459 0.07110513001680374
460 0.07101950794458389
461 0.07155633717775345
462 0.0711478665471077
463 0.07236208021640778
464 0.07095340639352798
465 0.0708790048956871
466 0.0705808475613594
467 0.07165202498435974
468 0.07049911469221115
469 0.07122953981161118
470 0.07081485539674759
471 0.06957437843084335
472 0.07050413638353348
473 0.07111188769340515
474 0.07059938460588455
475 0.0702781230211258
476 0.0691903755068779
477 0.06897520273923874
478 0.07099460810422897
479 0.07049459964036942
480 0.07017162442207336
481 0.06972376257181168
482 0.07058918476104736
483 0.07008378207683563
484 0.07047513127326965
485 0.06864887475967407
486 0.07011223584413528
487 0.06891161948442459
488 0.069478340446949
489 0.06913866102695465
490 0.06871060281991959
491 0.06925597041845322
492 0.06992286443710327
493 0.06928183883428574
494 0.06990407407283783
495 0.06842370331287384
496 0.06948798894882202
497 0.06896178424358368
498 0.06945031136274338
499 0.06743188947439194
500 0.06821510195732117
501 0.06813717633485794
502 0.06758123636245728
503 0.06823863834142685
504 0.06650330871343613
505 0.06735173612833023
506 0.06838253140449524
507 0.06813779473304749
508 0.06798697263002396
509 0.0680789053440094
510 0.0670933723449707
511 0.06760577857494354
512 0.0679495558142662
513 0.06749141216278076
514 0.06897988170385361
515 0.06730225682258606
516 0.06770014017820358
517 0.06736212223768234
518 0.06683064252138138
519 0.06736048310995102
520 0.06683852523565292
521 0.067325159907341
522 0.06721311062574387
523 0.06685878336429596
524 0.06623801589012146
525 0.06716582179069519
526 0.06657745689153671
527 0.06766840815544128
528 0.06606139242649078
529 0.06661869585514069
530 0.0664541944861412
531 0.06628715991973877
532 0.06684546172618866
533 0.06657174229621887
534 0.06719688326120377
535 0.06583812832832336
536 0.06697867065668106
537 0.06415253132581711
538 0.06606025248765945
539 0.06616304814815521
540 0.06698361039161682
541 0.06524894386529922
542 0.06558601558208466
543 0.06595505028963089
544 0.06589539349079132
545 0.06713330745697021
546 0.06395936012268066
547 0.06553085893392563
548 0.06574933230876923
549 0.06540472060441971
550 0.06608064472675323
551 0.06524477899074554
552 0.06358472257852554
553 0.06492304801940918
554 0.0646061897277832
555 0.06496484577655792
556 0.06385033577680588
557 0.06466645747423172
558 0.06369198858737946
559 0.06564819812774658
560 0.06409115344285965
561 0.0644015222787857
562 0.06477304548025131
563 0.06537377089262009
564 0.06473290920257568
565 0.06363973021507263
566 0.06474143266677856
567 0.06341596692800522
568 0.0651509016752243
569 0.06562472134828568
570 0.06333499401807785
571 0.06274091452360153
572 0.06440333276987076
573 0.0621061697602272
574 0.06527366489171982
575 0.06446721404790878
576 0.06395565718412399
577 0.06359661370515823
578 0.06254655867815018
579 0.06339278817176819
580 0.063207246363163
581 0.06456808000802994
582 0.06303366273641586
583 0.06137152761220932
584 0.06270569562911987
585 0.06360595673322678
586 0.06309054791927338
587 0.06251596659421921
588 0.0642174631357193
589 0.06234922260046005
590 0.06313454359769821
591 0.06291127949953079
592 0.061720769852399826
593 0.06330717355012894
594 0.06248467415571213
595 0.06379440426826477
596 0.0616096667945385
597 0.06370318681001663
598 0.06241665408015251
599 0.06164076551795006
600 0.06181809678673744
601 0.06225410848855972
602 0.06278859078884125
603 0.06072177365422249
604 0.060624755918979645
605 0.0622301921248436
606 0.062090449035167694
607 0.061685867607593536
608 0.061830371618270874
609 0.061760611832141876
610 0.060530971735715866
611 0.0627468079328537
612 0.06141849234700203
613 0.061167631298303604
614 0.061753492802381516
615 0.06220872327685356
616 0.05959496274590492
617 0.061219148337841034
618 0.061346426606178284
619 0.06040378287434578
620 0.06144934892654419
621 0.06256775557994843
622 0.06026218459010124
623 0.061100952327251434
624 0.06067494675517082
625 0.06076750531792641
626 0.06048890948295593
627 0.06025546044111252
628 0.0599743016064167
629 0.0600728876888752
630 0.06015663221478462
631 0.05988017097115517
632 0.06028033420443535
633 0.06012666970491409
634 0.06056811660528183
635 0.060005251318216324
636 0.060823723673820496
637 0.06151597201824188
638 0.05916266143321991
639 0.05969081073999405
640 0.06185823306441307
641 0.05914514511823654
642 0.05918039754033089
643 0.060114786028862
644 0.05958455055952072
645 0.05898888781666756
646 0.059952374547719955
647 0.060584280639886856
648 0.05914744362235069
649 0.05941920354962349
650 0.06018645688891411
651 0.059625305235385895
652 0.059457626193761826
653 0.05923691764473915
654 0.059463560581207275
655 0.0587555430829525
656 0.05947766825556755
657 0.05899502709507942
658 0.05906353518366814
659 0.05745398998260498
660 0.059264350682497025
661 0.05963624268770218
662 0.05912294611334801
663 0.05858732759952545
664 0.058671530336141586
665 0.05735225975513458
666 0.059541113674640656
667 0.05815790593624115
668 0.05741632729768753
669 0.05766138434410095
670 0.05799528583884239
671 0.058336034417152405
672 0.058215998113155365
673 0.058349303901195526
674 0.05866705998778343
675 0.058160923421382904
676 0.05829761177301407
677 0.05641370639204979
678 0.05820781737565994
679 0.05907541140913963
680 0.05793914198875427
681 0.058050647377967834
682 0.05692967027425766
683 0.0571041963994503
684 0.05687173828482628
685 0.05802018195390701
686 0.05851919949054718
687 0.05834764614701271
688 0.057798273861408234
689 0.05742134898900986
690 0.05595768243074417
691 0.05827148258686066
692 0.057373013347387314
693 0.057939209043979645
694 0.055834151804447174
695 0.0583418570458889
696 0.05690077692270279
697 0.05818205699324608
698 0.058160342276096344
699 0.05612105503678322
700 0.057510048151016235
701 0.055988434702157974
702 0.05792606621980667
703 0.0572456531226635
704 0.056011270731687546
705 0.057349417358636856
706 0.056297097355127335
707 0.057011306285858154
708 0.0565795823931694
709 0.056892797350883484
710 0.05781202018260956
711 0.05540720745921135
712 0.057027410715818405
713 0.05630569905042648
714 0.057006463408470154
715 0.055659111589193344
716 0.05614844709634781
717 0.05620049685239792
718 0.0558626763522625
719 0.05522715300321579
720 0.056035540997982025
721 0.054988984018564224
722 0.05531951040029526
723 0.05611143633723259
724 0.057207610458135605
725 0.05495510622859001
726 0.05597122386097908
727 0.05694903805851936
728 0.05573593080043793
729 0.054942306131124496
730 0.05632180720567703
731 0.05741560086607933
732 0.05456271395087242
733 0.05552158132195473
734 0.05412828177213669
735 0.05651697516441345
736 0.054288432002067566
737 0.054256219416856766
738 0.05609436705708504
739 0.05467064678668976
740 0.05673040449619293
741 0.054869525134563446
742 0.05432061478495598
743 0.05505024641752243
744 0.054674193263053894
745 0.05438297986984253
746 0.054841503500938416
747 0.055173199623823166
748 0.055242009460926056
749 0.05432721972465515
750 0.05525838956236839
751 0.054999373853206635
752 0.05439401790499687
753 0.054356206208467484
754 0.05488375201821327
755 0.054770223796367645
756 0.05522282049059868
757 0.054035838693380356
758 0.053983066231012344
759 0.054903846234083176
760 0.05362686514854431
761 0.05512093007564545
762 0.053654249757528305
763 0.05380665138363838
764 0.05425652489066124
765 0.05409989878535271
766 0.0543893501162529
767 0.053459592163562775
768 0.05444522947072983
769 0.05364305153489113
770 0.053724706172943115
771 0.055580638349056244
772 0.05393127724528313
773 0.05380948632955551
774 0.05335420370101929
775 0.053234558552503586
776 0.054254453629255295
777 0.0532558374106884
778 0.0534086748957634
779 0.05258418619632721
780 0.05371769145131111
781 0.0529620386660099
782 0.054320089519023895
783 0.05361080914735794
784 0.05482691526412964
785 0.05210178717970848
786 0.05239042639732361
787 0.05428042635321617
788 0.0532463863492012
789 0.05358356982469559
790 0.05247773230075836
791 0.05310847982764244
792 0.053495682775974274
793 0.05215832218527794
794 0.05097738280892372
795 0.05129292979836464
796 0.0522378534078598
797 0.05257591977715492
798 0.05369739234447479
799 0.052596498280763626
800 0.05318170785903931
