1 1.3468694686889648
2 1.3350026607513428
3 1.1009186506271362
4 0.9570330381393433
5 0.9706322550773621
6 0.9529748558998108
7 0.9106136560440063
8 0.8661148548126221
9 0.8114886283874512
10 0.9849056005477905
11 0.8456852436065674
12 0.8641942143440247
13 0.8209640383720398
14 0.8075665831565857
15 0.8332633376121521
16 0.7648061513900757
17 0.7443228960037231
18 0.7582352161407471
19 0.6343544125556946
20 0.6455100178718567
21 0.589836597442627
22 0.6126734018325806
23 0.5207745432853699
24 0.5236856341362
25 0.5185762643814087
26 0.5388033986091614
27 0.5117093920707703
28 0.5797081589698792
29 0.5326200127601624
30 0.46200037002563477
31 0.4871905446052551
32 0.5349570512771606
33 0.45778340101242065
34 0.5078267455101013
35 0.4986698031425476
36 0.44945862889289856
37 0.4560156762599945
38 0.43754273653030396
39 0.4861246347427368
40 0.479883074760437
41 0.44642436504364014
42 0.48631933331489563
43 0.4710077941417694
44 0.47747111320495605
45 0.45373162627220154
46 0.4104817509651184
47 0.4611981511116028
48 0.43908679485321045
49 0.4609748423099518
50 0.46997949481010437
51 0.46243366599082947
52 0.4590120315551758
53 0.5011295080184937
54 0.4552730917930603
55 0.5099220871925354
56 0.4042043387889862
57 0.4785231351852417
58 0.5237318873405457
59 0.4539264738559723
60 0.43633532524108887
61 0.5171473622322083
62 0.4170531928539276
63 0.461198627948761
64 0.4190872311592102
65 0.44903364777565
66 0.41781237721443176
67 0.4690918028354645
68 0.47643962502479553
69 0.4281354248523712
70 0.49353986978530884
71 0.4442792236804962
72 0.45634767413139343
73 0.5071355700492859
74 0.4533398449420929
75 0.4573259651660919
76 0.42466869950294495
77 0.48131051659584045
78 0.406006783246994
79 0.4683155417442322
80 0.46131235361099243
81 0.46703392267227173
82 0.44455257058143616
83 0.41959333419799805
84 0.47356998920440674
85 0.4262439012527466
86 0.49983662366867065
87 0.4593597650527954
88 0.3843388259410858
89 0.5117261409759521
90 0.44854259490966797
91 0.42646223306655884
92 0.4413120150566101
93 0.42443498969078064
94 0.4988294243812561
95 0.36449190974235535
96 0.44145968556404114
97 0.3961024284362793
98 0.4311845600605011
99 0.43385782837867737
100 0.46585798263549805
101 0.43664345145225525
102 0.4462614357471466
103 0.4169195294380188
104 0.4147571623325348
105 0.49466514587402344
106 0.4689701199531555
107 0.42270323634147644
108 0.3875141441822052
109 0.42803817987442017
110 0.38210201263427734
111 0.4580017328262329
112 0.42781877517700195
113 0.42259493470191956
114 0.4524089992046356
115 0.45936912298202515
116 0.41697007417678833
117 0.5075007677078247
118 0.36858564615249634
119 0.43501508235931396
120 0.39675459265708923
121 0.41957998275756836
122 0.45289891958236694
123 0.425434947013855
124 0.4509972631931305
125 0.40504658222198486
126 0.4030376374721527
127 0.4015014171600342
128 0.40397751331329346
129 0.3726826310157776
130 0.44331520795822144
131 0.41162312030792236
132 0.42268744111061096
133 0.42851969599723816
134 0.44449007511138916
135 0.3890795409679413
136 0.3871784806251526
137 0.444590300321579
138 0.409794420003891
139 0.40826860070228577
140 0.4446484446525574
141 0.43834471702575684
142 0.4350803792476654
143 0.4069874882698059
144 0.40457046031951904
145 0.4623418152332306
146 0.39057764410972595
147 0.403308242559433
148 0.44481587409973145
149 0.4207797646522522
150 0.404472291469574
151 0.3939479887485504
152 0.4414448142051697
153 0.41440847516059875
154 0.390633225440979
155 0.41657179594039917
156 0.46008753776550293
157 0.4384539723396301
158 0.4283739924430847
159 0.3810907006263733
160 0.3857372999191284
161 0.4442530870437622
162 0.39996400475502014
163 0.42622971534729004
164 0.4371449649333954
165 0.4213574230670929
166 0.42642268538475037
167 0.393758088350296
168 0.4523043930530548
169 0.419120728969574
170 0.46660149097442627
171 0.3716704845428467
172 0.45524266362190247
173 0.4860660135746002
174 0.4016813635826111
175 0.4324689209461212
176 0.40910038352012634
177 0.40181607007980347
178 0.510925829410553
179 0.4019638001918793
180 0.4005914330482483
181 0.4007062613964081
182 0.39541009068489075
183 0.4085598886013031
184 0.45807984471321106
185 0.42236706614494324
186 0.4172762632369995
187 0.3937283754348755
188 0.4470217525959015
189 0.41956478357315063
190 0.44039449095726013
191 0.4064990282058716
192 0.391177773475647
193 0.38361597061157227
194 0.36806049942970276
195 0.3657037615776062
196 0.42818546295166016
197 0.39013609290122986
198 0.4267723560333252
199 0.39373779296875
200 0.39194804430007935
201 0.4586712419986725
202 0.383301317691803
203 0.4387466609477997
204 0.41988271474838257
205 0.4127669930458069
206 0.4288877248764038
207 0.4165264070034027
208 0.39599063992500305
209 0.4688010513782501
210 0.38827046751976013
211 0.38716089725494385
212 0.3779107332229614
213 0.40588119626045227
214 0.4496096968650818
215 0.4199543297290802
216 0.41484567523002625
217 0.42721885442733765
218 0.41808006167411804
219 0.3819088339805603
220 0.40868058800697327
221 0.3934364914894104
222 0.43114084005355835
223 0.39560961723327637
224 0.3650096654891968
225 0.39288225769996643
226 0.45822760462760925
227 0.3849751055240631
228 0.36218690872192383
229 0.43008503317832947
230 0.3807710111141205
231 0.46283552050590515
232 0.4448792040348053
233 0.37596237659454346
234 0.4651442766189575
235 0.35876262187957764
236 0.45473188161849976
237 0.3871394097805023
238 0.3950231075286865
239 0.3626132309436798
240 0.4531410336494446
241 0.39277568459510803
242 0.40279901027679443
243 0.40098002552986145
244 0.4356500208377838
245 0.36988791823387146
246 0.4047916829586029
247 0.4000384211540222
248 0.4131664037704468
249 0.40597447752952576
250 0.37784576416015625
251 0.3442738354206085
252 0.4552992880344391
253 0.41052159667015076
254 0.3927035927772522
255 0.4525523781776428
256 0.42837104201316833
257 0.36130866408348083
258 0.38919785618782043
259 0.386631578207016
260 0.3966386914253235
261 0.42823436856269836
262 0.3938799202442169
263 0.4388190507888794
264 0.42835524678230286
265 0.36572182178497314
266 0.4057413339614868
267 0.3460078835487366
268 0.4771865904331207
269 0.4535239338874817
270 0.4440045654773712
271 0.4196926951408386
272 0.4180912375450134
273 0.4276442229747772
274 0.38341569900512695
275 0.3826398253440857
276 0.3777497410774231
277 0.399260938167572
278 0.39008352160453796
279 0.40954574942588806
280 0.3484562933444977
281 0.45051148533821106
282 0.35064539313316345
283 0.4297468662261963
284 0.3978517949581146
285 0.3380559980869293
286 0.4045313596725464
287 0.3782635033130646
288 0.4206113815307617
289 0.4449160099029541
290 0.39461103081703186
291 0.39668938517570496
292 0.3472384214401245
293 0.35501858592033386
294 0.40094467997550964
295 0.37174496054649353
296 0.43787914514541626
297 0.3867311477661133
298 0.3451998829841614
299 0.36084088683128357
300 0.3803473114967346
301 0.39713093638420105
302 0.4007967710494995
303 0.414506196975708
304 0.3814138174057007
305 0.4213160574436188
306 0.3811055123806
307 0.4268511235713959
308 0.41487064957618713
309 0.3794923722743988
310 0.40951865911483765
311 0.44099146127700806
312 0.3865068852901459
313 0.4296635091304779
314 0.3867799639701843
315 0.43128690123558044
316 0.3989645540714264
317 0.3808269500732422
318 0.45431143045425415
319 0.3508586585521698
320 0.3849811851978302
321 0.42236363887786865
322 0.4097895622253418
323 0.3981015682220459
324 0.3636094331741333
325 0.3501262366771698
326 0.4034503102302551
327 0.4100252687931061
328 0.3423374891281128
329 0.41871553659439087
330 0.4084673225879669
331 0.40950825810432434
332 0.3714991509914398
333 0.38683679699897766
334 0.44105836749076843
335 0.38572925329208374
336 0.3354862332344055
337 0.3256582021713257
338 0.36621859669685364
339 0.3611198663711548
340 0.4053255617618561
341 0.346132755279541
342 0.4184197187423706
343 0.40531912446022034
344 0.3861309587955475
345 0.4401280879974365
346 0.4011237919330597
347 0.3964877724647522
348 0.3597869575023651
349 0.41232189536094666
350 0.3889523446559906
351 0.3733211159706116
352 0.3303922116756439
353 0.3982483148574829
354 0.34083908796310425
355 0.3956282436847687
356 0.3829229772090912
357 0.39246320724487305
358 0.4541384279727936
359 0.40066003799438477
360 0.4190862476825714
361 0.3292294442653656
362 0.42747950553894043
363 0.39214473962783813
364 0.3822249174118042
365 0.3791896402835846
366 0.4520030915737152
367 0.4025763273239136
368 0.3605164885520935
369 0.40344470739364624
370 0.4178297519683838
371 0.3543713092803955
372 0.45582014322280884
373 0.4309893846511841
374 0.413101464509964
375 0.35757169127464294
376 0.37271106243133545
377 0.3679855465888977
378 0.4474882483482361
379 0.42243632674217224
380 0.3859379291534424
381 0.3704332113265991
382 0.36412525177001953
383 0.3521018326282501
384 0.3702670931816101
385 0.421935498714447
386 0.37380561232566833
387 0.3731456995010376
388 0.38507771492004395
389 0.3477420508861542
390 0.391887366771698
391 0.3834244906902313
392 0.41821789741516113
393 0.3928241431713104
394 0.3714725375175476
395 0.38707980513572693
396 0.39351147413253784
397 0.3727228045463562
398 0.36061692237854004
399 0.42608770728111267
400 0.3805386424064636
