1 1.1515220403671265
2 0.9613752961158752
3 0.799924910068512
4 0.6856911182403564
5 0.6035559177398682
6 0.5391567349433899
7 0.49711042642593384
8 0.4552055299282074
9 0.4166223406791687
10 0.3840886652469635
11 0.35455477237701416
12 0.32794931530952454
13 0.30933070182800293
14 0.29225918650627136
15 0.27775731682777405
16 0.26848989725112915
17 0.25647053122520447
18 0.24855513870716095
19 0.2411472350358963
20 0.2339286059141159
21 0.2244080752134323
22 0.2186438888311386
23 0.21318785846233368
24 0.20787596702575684
25 0.20518755912780762
26 0.20422892272472382
27 0.1943052113056183
28 0.19381707906723022
29 0.1929546445608139
30 0.18731793761253357
31 0.19022236764431
32 0.1764591783285141
33 0.1732427179813385
34 0.1740095168352127
35 0.17019109427928925
36 0.16873197257518768
37 0.16324377059936523
38 0.16348598897457123
39 0.16115598380565643
40 0.16057248413562775
41 0.1583707630634308
42 0.1527692675590515
43 0.16132040321826935
44 0.15625159442424774
45 0.15374000370502472
46 0.15112397074699402
47 0.14907293021678925
48 0.1469673216342926
49 0.1454409807920456
50 0.14442391693592072
51 0.1427307426929474
52 0.148726686835289
53 0.1380397379398346
54 0.14490380883216858
55 0.13931980729103088
56 0.13434164226055145
57 0.13185814023017883
58 0.1408696472644806
59 0.13720294833183289
60 0.13846230506896973
61 0.13242772221565247
62 0.13390566408634186
63 0.127817302942276
64 0.13518652319908142
65 0.12810848653316498
66 0.1335752308368683
67 0.12850402295589447
68 0.1320105940103531
69 0.12345307320356369
70 0.12774276733398438
71 0.12761841714382172
72 0.1235419362783432
73 0.12281738966703415
74 0.123406782746315
75 0.1215323731303215
76 0.11996021866798401
77 0.12240006774663925
78 0.11570119857788086
79 0.12632966041564941
80 0.11996481567621231
81 0.11635839939117432
82 0.12782762944698334
83 0.11458167433738708
84 0.11865323781967163
85 0.1137884333729744
86 0.11460009962320328
87 0.11576157808303833
88 0.11477109789848328
89 0.1138262078166008
90 0.11792360991239548
91 0.11141695082187653
92 0.11189711838960648
93 0.11045375466346741
94 0.11461388319730759
95 0.11531184613704681
96 0.11284296214580536
97 0.11219997704029083
98 0.11184219270944595
99 0.10949885845184326
100 0.11334840953350067
101 0.11143800616264343
102 0.1066410019993782
103 0.10725681483745575
104 0.10784104466438293
105 0.1042957752943039
106 0.11860924959182739
107 0.10385677963495255
108 0.11178171634674072
109 0.10519897192716599
110 0.11312642693519592
111 0.1182633563876152
112 0.10571738332509995
113 0.10718350112438202
114 0.1043672263622284
115 0.10549499094486237
116 0.10702826082706451
117 0.11683399975299835
118 0.10203105956315994
119 0.10249380022287369
120 0.10986557602882385
121 0.09916099160909653
122 0.1005486398935318
123 0.11538273841142654
124 0.1076403334736824
125 0.09966589510440826
126 0.10005877166986465
127 0.1026158258318901
128 0.10307357460260391
129 0.10064490884542465
130 0.10305231809616089
131 0.10137524455785751
132 0.09828326851129532
133 0.10099412500858307
134 0.10094809532165527
135 0.09423026442527771
136 0.09649348258972168
137 0.10235595703125
138 0.09965164959430695
139 0.10508184880018234
140 0.0950024351477623
141 0.09401705861091614
142 0.09673329442739487
143 0.09863146394491196
144 0.09950517117977142
145 0.09167035669088364
146 0.09929248690605164
147 0.09828430414199829
148 0.09864109754562378
149 0.0917457789182663
150 0.10120551288127899
151 0.0949527770280838
152 0.09365665912628174
153 0.09490018337965012
154 0.0941133201122284
155 0.09351561218500137
156 0.09658332914113998
157 0.09488848596811295
158 0.0915582999587059
159 0.09682033210992813
160 0.09239861369132996
161 0.09090475738048553
162 0.09338247030973434
163 0.09917525202035904
164 0.08803990483283997
165 0.09607075154781342
166 0.08836939185857773
167 0.0898204892873764
168 0.09074291586875916
169 0.0898757204413414
170 0.0889027863740921
171 0.09252097457647324
172 0.09200312942266464
173 0.09208949655294418
174 0.09451308846473694
175 0.09059350192546844
176 0.08726007491350174
177 0.09512326866388321
178 0.09349925071001053
179 0.09045884013175964
180 0.08686701208353043
181 0.08966509997844696
182 0.08545933663845062
183 0.09336329996585846
184 0.08686547726392746
185 0.0899614542722702
186 0.08843807876110077
187 0.08587531745433807
188 0.08400453627109528
189 0.0872323215007782
190 0.08612203598022461
191 0.08942632377147675
192 0.09368307888507843
193 0.08547831326723099
194 0.0906384214758873
195 0.08822029829025269
196 0.0842084139585495
197 0.08417803049087524
198 0.08618499338626862
199 0.08751866221427917
200 0.08398662507534027
