1 4.975297451019287
2 2.8007733821868896
3 2.6014533042907715
4 1.9939688444137573
5 1.9235578775405884
6 1.70286226272583
7 1.888241171836853
8 2.07961106300354
9 1.894155502319336
10 1.8463975191116333
11 2.2351725101470947
12 1.9005255699157715
13 1.8575289249420166
14 1.6793197393417358
15 1.7277435064315796
16 2.034773826599121
17 1.941390872001648
18 1.927284836769104
19 1.7982571125030518
20 1.8566654920578003
21 1.8778036832809448
22 1.9169164896011353
23 1.8153433799743652
24 1.6870112419128418
25 1.923157811164856
26 1.889296531677246
27 1.8671152591705322
28 1.8518768548965454
29 1.9048603773117065
30 1.9426019191741943
31 1.8628733158111572
32 2.017192840576172
33 1.9443905353546143
34 1.862752914428711
35 1.8249233961105347
36 2.078227996826172
37 1.9077351093292236
38 2.152428150177002
39 1.8667324781417847
40 1.9145995378494263
41 1.7332289218902588
42 1.8010212182998657
43 2.0102694034576416
44 1.973942756652832
45 1.7950557470321655
46 1.9285205602645874
47 1.7079888582229614
48 1.9047297239303589
49 2.021820545196533
50 1.8722970485687256
51 1.876813292503357
52 1.9732928276062012
53 1.7826409339904785
54 2.0678555965423584
55 2.005871057510376
56 1.8392794132232666
57 1.7637715339660645
58 2.035468578338623
59 1.9489060640335083
60 1.9741326570510864
61 1.953555703163147
62 2.0064473152160645
63 1.9332082271575928
64 1.7458137273788452
65 1.9589914083480835
66 2.022176504135132
67 1.8009943962097168
68 1.7909116744995117
69 1.8610384464263916
70 2.185680627822876
71 1.9118542671203613
72 1.785961389541626
73 1.926461935043335
74 2.0535635948181152
75 1.7827348709106445
76 2.076889991760254
77 1.8227969408035278
78 1.8018397092819214
79 2.0459048748016357
80 1.95810866355896
81 2.0040037631988525
82 1.9603997468948364
83 1.9179197549819946
84 1.8910518884658813
85 1.8951034545898438
86 1.7095599174499512
87 1.9650726318359375
88 1.7915863990783691
89 1.785230040550232
90 1.8008615970611572
91 2.0488836765289307
92 2.074094772338867
93 1.8732078075408936
94 1.8680815696716309
95 1.8679265975952148
96 1.8254271745681763
97 2.2204158306121826
98 1.8728342056274414
99 1.8897076845169067
100 1.918105125427246
101 2.1023988723754883
102 1.8804047107696533
103 1.9735108613967896
104 1.7034353017807007
105 1.9779056310653687
106 1.9346319437026978
107 1.8310514688491821
108 1.9315718412399292
109 1.9153274297714233
110 2.113600969314575
111 1.9492517709732056
112 1.712217926979065
113 1.8596522808074951
114 1.9536049365997314
115 1.7877458333969116
116 1.9454989433288574
117 1.8180710077285767
118 1.9317094087600708
119 1.8262040615081787
120 2.078770399093628
121 1.9383213520050049
122 1.9856740236282349
123 1.8917678594589233
124 1.7688539028167725
125 2.075568914413452
126 2.0276803970336914
127 1.9594006538391113
128 1.7999639511108398
129 1.9477601051330566
130 1.8758264780044556
131 1.7526326179504395
132 1.9174436330795288
133 2.047323703765869
134 1.8906612396240234
135 2.13922381401062
136 1.8135758638381958
137 1.721470594406128
138 1.9111121892929077
139 1.8623322248458862
140 1.9513753652572632
141 2.0855283737182617
142 1.7915955781936646
143 1.9857614040374756
144 1.817030906677246
145 1.986604928970337
146 1.795466423034668
147 1.961624264717102
148 1.8746240139007568
149 1.92967689037323
150 1.8900431394577026
151 1.9302222728729248
152 1.7799415588378906
153 1.8575373888015747
154 2.0261390209198
155 1.8215335607528687
156 1.7745474576950073
157 1.9471514225006104
158 1.8313260078430176
159 1.7702535390853882
160 1.7820394039154053
161 1.9304739236831665
162 1.995168924331665
163 1.787339448928833
164 2.0026473999023438
165 1.8583546876907349
166 2.029705762863159
167 1.9723070859909058
168 2.079118013381958
169 1.8459703922271729
170 1.776179313659668
171 1.861523985862732
172 2.2212703227996826
173 1.8193726539611816
174 2.0602645874023438
175 1.9070699214935303
176 2.0387039184570312
177 1.836274266242981
178 1.8277658224105835
179 1.9381752014160156
180 1.9416383504867554
181 1.9141731262207031
182 1.962677240371704
183 1.9124866724014282
184 1.9122730493545532
185 2.0128509998321533
186 1.9927009344100952
187 2.1324121952056885
188 1.9172905683517456
189 1.8633943796157837
190 1.8949586153030396
191 1.9174020290374756
192 1.9978846311569214
193 1.9042387008666992
194 2.0060172080993652
195 1.9674034118652344
196 1.76319420337677
197 1.8747000694274902
198 1.8251160383224487
199 1.839341402053833
200 2.1072592735290527
