1 1.5700674057006836
2 1.2887370586395264
3 0.9813350439071655
4 0.9943574666976929
5 0.9606903791427612
6 0.7710199952125549
7 0.7349207997322083
8 0.7190709710121155
9 0.6449563503265381
10 0.7121936678886414
11 0.635593593120575
12 0.614645779132843
13 0.6082553863525391
14 0.5091944932937622
15 0.5768064260482788
16 0.5259770154953003
17 0.5446956157684326
18 0.5516106486320496
19 0.4785515367984772
20 0.5999693274497986
21 0.4790154695510864
22 0.5116361379623413
23 0.5083922147750854
24 0.44050756096839905
25 0.5531578660011292
26 0.48867249488830566
27 0.5383257865905762
28 0.5060064196586609
29 0.5061085224151611
30 0.5348541140556335
31 0.5445860624313354
32 0.43287667632102966
33 0.5206027626991272
34 0.45025190711021423
35 0.4377458691596985
36 0.4983454644680023
37 0.5363905429840088
38 0.4350626468658447
39 0.41302597522735596
40 0.45813095569610596
41 0.49291539192199707
42 0.4961516559123993
43 0.3867741525173187
44 0.46501484513282776
45 0.44269704818725586
46 0.4358871579170227
47 0.40318727493286133
48 0.5291789770126343
49 0.41388365626335144
50 0.4836280345916748
51 0.4009368121623993
52 0.38243332505226135
53 0.46999871730804443
54 0.3998839855194092
55 0.39851340651512146
56 0.440067321062088
57 0.45997244119644165
58 0.480023056268692
59 0.38686180114746094
60 0.39308983087539673
61 0.43998128175735474
62 0.4449789822101593
63 0.4369637668132782
64 0.4108204245567322
65 0.4154871106147766
66 0.380797803401947
67 0.4247312545776367
68 0.4550999104976654
69 0.36785462498664856
70 0.40989378094673157
71 0.5070739388465881
72 0.42162421345710754
73 0.4363792836666107
74 0.4320070743560791
75 0.4068125784397125
76 0.37759751081466675
77 0.40911412239074707
78 0.5104013681411743
79 0.401205837726593
80 0.3617769181728363
81 0.4373234510421753
82 0.39308062195777893
83 0.4162708818912506
84 0.41481855511665344
85 0.36781585216522217
86 0.3917172849178314
87 0.50071120262146
88 0.3931443393230438
89 0.44517824053764343
90 0.34541600942611694
91 0.4156118929386139
92 0.42478662729263306
93 0.42215001583099365
94 0.4513431191444397
95 0.43980705738067627
96 0.38609758019447327
97 0.43212971091270447
98 0.32564592361450195
99 0.43496382236480713
100 0.4216797649860382
101 0.4063921868801117
102 0.417025625705719
103 0.40771815180778503
104 0.41901156306266785
105 0.4440337121486664
106 0.41303908824920654
107 0.42424994707107544
108 0.37533891201019287
109 0.41893401741981506
110 0.3758048713207245
111 0.38252052664756775
112 0.41765153408050537
113 0.4069364368915558
114 0.40783026814460754
115 0.4358723759651184
116 0.4347321689128876
117 0.4264851212501526
118 0.4431711435317993
119 0.4733842611312866
120 0.3771098554134369
121 0.3579511046409607
122 0.3500603139400482
123 0.405565470457077
124 0.32329756021499634
125 0.40859219431877136
126 0.3876974284648895
127 0.4228193163871765
128 0.43628397583961487
129 0.366397887468338
130 0.4283771812915802
131 0.4035658538341522
132 0.3682122230529785
133 0.41447538137435913
134 0.43616506457328796
135 0.40832534432411194
136 0.39837199449539185
137 0.3711424171924591
138 0.4082205891609192
139 0.37150582671165466
140 0.3584290146827698
141 0.4193000793457031
142 0.3573409914970398
143 0.3607812225818634
144 0.4216291606426239
145 0.3897149860858917
146 0.3638628423213959
147 0.374966561794281
148 0.3918481469154358
149 0.33474162220954895
150 0.37973254919052124
151 0.422466903924942
152 0.38247227668762207
153 0.38778460025787354
154 0.44337278604507446
155 0.4041498899459839
156 0.3745706081390381
157 0.4460497498512268
158 0.34109681844711304
159 0.3910103440284729
160 0.47700026631355286
161 0.35765811800956726
162 0.4117221236228943
163 0.3464512228965759
164 0.4458473324775696
165 0.3352600932121277
166 0.5129515528678894
167 0.39440348744392395
168 0.39480918645858765
169 0.39663341641426086
170 0.48232901096343994
171 0.4013172388076782
172 0.45822674036026
173 0.3647848963737488
174 0.4571833610534668
175 0.35341280698776245
176 0.38552847504615784
177 0.4418039321899414
178 0.32266607880592346
179 0.4394417107105255
180 0.4147440195083618
181 0.3395269215106964
182 0.37910664081573486
183 0.4200116693973541
184 0.4245832860469818
185 0.42615562677383423
186 0.46189993619918823
187 0.3725139796733856
188 0.43180543184280396
189 0.40418460965156555
190 0.37161707878112793
191 0.3855001926422119
192 0.3460329473018646
193 0.3742136061191559
194 0.3875522315502167
195 0.41950082778930664
196 0.331986665725708
197 0.37614211440086365
198 0.39676380157470703
199 0.35394811630249023
200 0.35529205203056335
201 0.3484776020050049
202 0.41688451170921326
203 0.3797280192375183
204 0.4135842025279999
205 0.35957351326942444
206 0.3877183198928833
207 0.3850334584712982
208 0.444420725107193
209 0.33646920323371887
210 0.4027453064918518
211 0.3693615198135376
212 0.4522038996219635
213 0.36079150438308716
214 0.3758443295955658
215 0.4283965229988098
216 0.34307578206062317
217 0.40719547867774963
218 0.3553849458694458
219 0.40871161222457886
220 0.34600189328193665
221 0.4416046738624573
222 0.3690561354160309
223 0.4633413851261139
224 0.3002798557281494
225 0.3730813264846802
226 0.35992881655693054
227 0.365438848733902
228 0.35071107745170593
229 0.39270099997520447
230 0.4148236811161041
231 0.40502622723579407
232 0.3295186758041382
233 0.4110279083251953
234 0.40692880749702454
235 0.37512409687042236
236 0.3434111177921295
237 0.3802322745323181
238 0.38311126828193665
239 0.38072794675827026
240 0.33440035581588745
241 0.35217997431755066
242 0.3636694848537445
243 0.3534691333770752
244 0.42302489280700684
245 0.375341534614563
246 0.3882145881652832
247 0.3940974175930023
248 0.34472423791885376
249 0.33373045921325684
250 0.4102722406387329
251 0.3770941495895386
252 0.3090909719467163
253 0.33853816986083984
254 0.379729300737381
255 0.4022720456123352
256 0.3520220220088959
257 0.3581290543079376
258 0.3041541278362274
259 0.4090954065322876
260 0.34006646275520325
261 0.3462073504924774
262 0.35753828287124634
263 0.36561575531959534
264 0.4034537971019745
265 0.3992691934108734
266 0.340666800737381
267 0.32713958621025085
268 0.3827206492424011
269 0.3632091283798218
270 0.3067537844181061
271 0.36893245577812195
272 0.42632153630256653
273 0.34304264187812805
274 0.3285297751426697
275 0.4347802698612213
276 0.3678242564201355
277 0.4964239001274109
278 0.31847426295280457
279 0.5396150946617126
280 0.3427428901195526
281 0.41807109117507935
282 0.4411224126815796
283 0.35306742787361145
284 0.35919079184532166
285 0.386638343334198
286 0.3385959565639496
287 0.44520336389541626
288 0.34409451484680176
289 0.3891433775424957
290 0.3287773132324219
291 0.38579317927360535
292 0.40953847765922546
293 0.3891000747680664
294 0.31226450204849243
295 0.3522886037826538
296 0.3781622648239136
297 0.32573309540748596
298 0.3102041482925415
299 0.3708023130893707
300 0.3749958872795105
301 0.44652390480041504
302 0.3188343346118927
303 0.37565919756889343
304 0.3602128326892853
305 0.3671061396598816
306 0.37861233949661255
307 0.35487914085388184
308 0.39083537459373474
309 0.3899856507778168
310 0.3942907452583313
311 0.32892662286758423
312 0.37238454818725586
313 0.35972660779953003
314 0.38501593470573425
315 0.36421170830726624
316 0.4110044538974762
317 0.3466431796550751
318 0.3100022077560425
319 0.3320882320404053
320 0.35827919840812683
321 0.36511093378067017
322 0.40601980686187744
323 0.36463797092437744
324 0.4363424479961395
325 0.40740108489990234
326 0.38993626832962036
327 0.3307083249092102
328 0.4252456724643707
329 0.36353665590286255
330 0.3717377185821533
331 0.33555862307548523
332 0.4052557945251465
333 0.4178922176361084
334 0.36269962787628174
335 0.33494940400123596
336 0.39599332213401794
337 0.37259072065353394
338 0.36549443006515503
339 0.37096258997917175
340 0.37911829352378845
341 0.3193643391132355
342 0.33520743250846863
343 0.3012130558490753
344 0.3625566065311432
345 0.3311685025691986
346 0.42613089084625244
347 0.3291672170162201
348 0.28860899806022644
349 0.32219454646110535
350 0.37412911653518677
351 0.3303655683994293
352 0.4212375283241272
353 0.36815714836120605
354 0.3981146812438965
355 0.3905647099018097
356 0.36285513639450073
357 0.3518027067184448
358 0.3200676739215851
359 0.3469545841217041
360 0.33390069007873535
361 0.3706422448158264
362 0.3675774335861206
363 0.4237792491912842
364 0.33414340019226074
365 0.3644455671310425
366 0.31318575143814087
367 0.36763468384742737
368 0.3806622326374054
369 0.3665914535522461
370 0.42616572976112366
371 0.31780117750167847
372 0.3514486849308014
373 0.3369620144367218
374 0.37568533420562744
375 0.32870402932167053
376 0.366059809923172
377 0.3940945863723755
378 0.30825698375701904
379 0.319627583026886
380 0.4102541506290436
381 0.36778271198272705
382 0.35890936851501465
383 0.403368204832077
384 0.3531683385372162
385 0.35005471110343933
386 0.34341174364089966
387 0.3789874315261841
388 0.3672109842300415
389 0.3788732886314392
390 0.4134047031402588
391 0.3831065893173218
392 0.2866387963294983
393 0.3878757655620575
394 0.326322466135025
395 0.3281749486923218
396 0.39501261711120605
397 0.3511071503162384
398 0.33564379811286926
399 0.39445385336875916
400 0.3436002731323242
401 0.41144031286239624
402 0.33122050762176514
403 0.40003371238708496
404 0.4139041304588318
405 0.30058395862579346
406 0.4085251986980438
407 0.34813249111175537
408 0.3719537556171417
409 0.35318610072135925
410 0.38061562180519104
411 0.3460967540740967
412 0.3161877393722534
413 0.42777809500694275
414 0.3395001292228699
415 0.34210479259490967
416 0.42309999465942383
417 0.3250883221626282
418 0.377074658870697
419 0.30492451786994934
420 0.4318506121635437
421 0.3140340745449066
422 0.3893989026546478
423 0.348278284072876
424 0.3297267556190491
425 0.34288549423217773
426 0.36587047576904297
427 0.3999638557434082
428 0.3131956160068512
429 0.4015769064426422
430 0.3523842990398407
431 0.3640676736831665
432 0.3921717703342438
433 0.3651863634586334
434 0.35710206627845764
435 0.34921562671661377
436 0.3350532352924347
437 0.3447991609573364
438 0.39917105436325073
439 0.36224883794784546
440 0.31949707865715027
441 0.41340649127960205
442 0.27000123262405396
443 0.3639238774776459
444 0.36240071058273315
445 0.29566532373428345
446 0.40652021765708923
447 0.3191092312335968
448 0.3195151388645172
449 0.38717588782310486
450 0.3763645589351654
451 0.291127473115921
452 0.3273451626300812
453 0.3445073664188385
454 0.42438191175460815
455 0.34349745512008667
456 0.35721731185913086
457 0.41381561756134033
458 0.27494922280311584
459 0.35532623529434204
460 0.3170190453529358
461 0.32943880558013916
462 0.31265372037887573
463 0.3359375
464 0.38568317890167236
465 0.37986716628074646
466 0.3708338439464569
467 0.30114632844924927
468 0.2976115643978119
469 0.3939707577228546
470 0.32406726479530334
471 0.3721481263637543
472 0.38460397720336914
473 0.28252625465393066
474 0.3068746030330658
475 0.38357141613960266
476 0.4154621660709381
477 0.35689592361450195
478 0.29376789927482605
479 0.40588390827178955
480 0.3446660339832306
481 0.4204409420490265
482 0.3778771758079529
483 0.3514276146888733
484 0.32344284653663635
485 0.35809198021888733
486 0.39315709471702576
487 0.2944563031196594
488 0.3562361001968384
489 0.4282954931259155
490 0.37609753012657166
491 0.31414324045181274
492 0.6412062048912048
493 0.3123026490211487
494 0.3125445246696472
495 0.3353583514690399
496 0.32051345705986023
497 0.4072172939777374
498 0.3193873167037964
499 0.717383861541748
500 0.32593491673469543
501 0.32264041900634766
502 0.3362722396850586
503 0.37742945551872253
504 0.3225323557853699
505 0.3251017928123474
506 0.31615349650382996
507 0.3569789230823517
508 0.2642678916454315
509 0.4427897036075592
510 0.29908886551856995
511 0.33246710896492004
512 0.3449961245059967
513 0.4088188707828522
514 1.2019935846328735
515 0.27713167667388916
516 0.3139994442462921
517 0.39434224367141724
518 0.39786234498023987
519 0.34011751413345337
520 0.311778724193573
521 0.34845051169395447
522 0.3341347575187683
523 0.3424924314022064
524 0.3750750422477722
525 0.3399437963962555
526 0.37956973910331726
527 0.39445555210113525
528 0.33909422159194946
529 0.35165727138519287
530 0.3349325656890869
531 0.31752514839172363
532 0.33144742250442505
533 0.3781827688217163
534 0.3249272108078003
535 0.3404044210910797
536 0.3271724283695221
537 0.3557976186275482
538 0.3071322441101074
539 0.3260424733161926
540 0.4228094816207886
541 0.3789713978767395
542 0.36046451330184937
543 0.32040706276893616
544 0.4095562696456909
545 0.3251208961009979
546 0.4138573110103607
547 0.32187217473983765
548 0.43164756894111633
549 0.34621721506118774
550 0.3653794229030609
551 0.37864813208580017
552 0.2985982894897461
553 0.36669009923934937
554 0.34612447023391724
555 0.3142956793308258
556 0.4544926583766937
557 0.2856752276420593
558 0.3773965537548065
559 0.3515263497829437
560 0.33469757437705994
561 0.3478772044181824
562 0.39078155159950256
563 0.300456702709198
564 0.34685051441192627
565 0.32600900530815125
566 0.3710377514362335
567 0.3690343201160431
568 0.3606586158275604
569 0.379849910736084
570 0.33111169934272766
571 0.3659675121307373
572 0.3328453600406647
573 0.3281203508377075
574 0.39760667085647583
575 0.39330607652664185
576 0.3390350341796875
577 0.4918431341648102
578 0.31839504837989807
579 0.3610755205154419
580 0.3517646789550781
581 0.3499979078769684
582 0.39854422211647034
583 0.34406858682632446
584 0.30978235602378845
585 0.33828121423721313
586 0.34726303815841675
587 0.34166383743286133
588 0.3831971287727356
589 0.3756748139858246
590 0.364629328250885
591 0.3626946210861206
592 0.3612959384918213
593 0.3330998718738556
594 0.3323458433151245
595 0.37420621514320374
596 0.32626497745513916
597 0.33922988176345825
598 0.40218785405158997
599 0.36441054940223694
600 0.3054516017436981
601 0.33006423711776733
602 0.31442779302597046
603 0.3563602864742279
604 0.34722062945365906
605 0.4444035291671753
606 0.31972452998161316
607 0.4269678294658661
608 0.3095414638519287
609 0.4556021988391876
610 0.2587151527404785
611 0.40766122937202454
612 0.3410882353782654
613 0.4456694424152374
614 0.35264697670936584
615 0.41747990250587463
616 0.3727608919143677
617 0.3425958454608917
618 0.3269113302230835
619 0.31528806686401367
620 0.3425045311450958
621 0.352647989988327
622 0.2938199043273926
623 0.3993634283542633
624 0.2753978669643402
625 0.3367560803890228
626 0.3015524744987488
627 0.40406134724617004
628 0.29476237297058105
629 0.4317294657230377
630 0.32671260833740234
631 0.3517417013645172
632 0.35279688239097595
633 0.36930176615715027
634 0.4061466157436371
635 0.3527567684650421
636 0.325673907995224
637 0.40468883514404297
638 0.3388601839542389
639 0.2751394510269165
640 0.2727523446083069
641 0.34421658515930176
642 0.34603580832481384
643 0.37739574909210205
644 0.3803515136241913
645 0.4085058569908142
646 0.35941627621650696
647 0.348633736371994
648 0.3851158022880554
649 0.33682137727737427
650 0.3270234763622284
651 0.2952626347541809
652 0.38218259811401367
653 0.2874358594417572
654 0.3513679504394531
655 0.352470338344574
656 0.4230765104293823
657 0.3231765925884247
658 0.32393690943717957
659 0.3402397334575653
660 0.3860853910446167
661 0.31222736835479736
662 0.3694295883178711
663 0.3087279498577118
664 0.29665106534957886
665 0.31858304142951965
666 0.37628185749053955
667 0.3020741641521454
668 0.4207112491130829
669 0.3594959080219269
670 0.3788347840309143
671 0.3140001595020294
672 0.3367479741573334
673 0.29679515957832336
674 0.3866827189922333
675 0.5053567886352539
676 0.30647531151771545
677 0.32960760593414307
678 0.36354324221611023
679 0.7698885202407837
680 0.2701431214809418
681 0.30955421924591064
682 0.3758475184440613
683 0.34864816069602966
684 0.33843907713890076
685 0.3923671543598175
686 0.43895819783210754
687 0.28130438923835754
688 0.36240261793136597
689 0.3254965543746948
690 0.3249846398830414
691 0.33228760957717896
692 0.3608560860157013
693 0.32887914776802063
694 0.30712905526161194
695 0.3926495313644409
696 0.2787697911262512
697 0.4233587980270386
698 0.4054297208786011
699 0.347802072763443
700 0.29891809821128845
701 0.3111144006252289
702 0.36564093828201294
703 0.2828134298324585
704 0.2802228629589081
705 0.3875916302204132
706 0.2923611104488373
707 0.32342857122421265
708 0.29263558983802795
709 0.43276622891426086
710 0.2908567488193512
711 0.3429948687553406
712 0.3580609858036041
713 0.33116674423217773
714 0.36640724539756775
715 0.35223060846328735
716 0.3263314962387085
717 0.3578464090824127
718 0.3946893811225891
719 0.46871423721313477
720 0.2633812427520752
721 0.3505443036556244
722 0.42150476574897766
723 0.3967142105102539
724 0.35106444358825684
725 0.3054679334163666
726 0.3114684522151947
727 0.3833543062210083
728 0.2885464131832123
729 0.382403701543808
730 0.31668299436569214
731 0.3681440055370331
732 0.5027444958686829
733 0.3562197983264923
734 0.34669697284698486
735 0.3460349142551422
736 0.35254621505737305
737 0.3080827295780182
738 0.4452320635318756
739 0.28940343856811523
740 0.3560352623462677
741 0.5891929864883423
742 0.3397245407104492
743 0.3153649568557739
744 0.32908421754837036
745 0.3219826817512512
746 0.3461754024028778
747 0.3176410496234894
748 0.38720372319221497
749 0.2835868000984192
750 0.3696500360965729
751 0.37858086824417114
752 0.39982157945632935
753 0.2409992218017578
754 0.36489254236221313
755 0.4137412905693054
756 0.31346872448921204
757 0.31753191351890564
758 0.36488234996795654
759 0.316356360912323
760 0.508137047290802
761 0.3475355803966522
762 0.3631059527397156
763 0.27433252334594727
764 0.37948670983314514
765 0.35265475511550903
766 0.3255470395088196
767 0.3124340772628784
768 0.31631991267204285
769 0.36779698729515076
770 0.3451504111289978
771 0.3560155928134918
772 0.37716808915138245
773 0.3434639275074005
774 0.2687499523162842
775 0.37298285961151123
776 0.3078002333641052
777 0.33305516839027405
778 0.3157505691051483
779 0.4059534966945648
780 0.3380339443683624
781 0.5122135281562805
782 0.21786193549633026
783 0.4040335416793823
784 0.32417502999305725
785 0.2896955907344818
786 0.33521273732185364
787 0.39390531182289124
788 0.35554903745651245
789 0.3320363759994507
790 0.43581533432006836
791 0.47532889246940613
792 0.3429833650588989
793 0.29020220041275024
794 0.37351810932159424
795 0.3371683359146118
796 0.30370062589645386
797 0.40060871839523315
798 0.36167991161346436
799 0.33729851245880127
800 0.39131221175193787
