1 1.2070223093032837
2 1.1660102605819702
3 1.1468580961227417
4 1.1178008317947388
5 1.079810380935669
6 1.032060980796814
7 0.981690526008606
8 0.9345991015434265
9 0.8877163529396057
10 0.8467689752578735
11 0.8057876825332642
12 0.774269700050354
13 0.7385743260383606
14 0.7102615833282471
15 0.6847524046897888
16 0.660805344581604
17 0.6417821049690247
18 0.6223095655441284
19 0.6096989512443542
20 0.5893081426620483
21 0.5727214813232422
22 0.5599814653396606
23 0.546134352684021
24 0.5337353348731995
25 0.5213426947593689
26 0.5093398690223694
27 0.49871477484703064
28 0.48873627185821533
29 0.4773654043674469
30 0.46550828218460083
31 0.45590662956237793
32 0.44481030106544495
33 0.43400460481643677
34 0.4237286448478699
35 0.41283902525901794
36 0.40360450744628906
37 0.3931467533111572
38 0.3834320902824402
39 0.3745216131210327
40 0.36323368549346924
41 0.35534942150115967
42 0.3457559049129486
43 0.336299329996109
44 0.3303823173046112
45 0.31941962242126465
46 0.3124428689479828
47 0.3059876263141632
48 0.2979823052883148
49 0.29210057854652405
50 0.2873916029930115
51 0.2797184884548187
52 0.27436983585357666
53 0.2686067223548889
54 0.26497146487236023
55 0.25937601923942566
56 0.2542475759983063
57 0.2501237094402313
58 0.24541424214839935
59 0.24051277339458466
60 0.23791812360286713
61 0.23416069149971008
62 0.22874285280704498
63 0.22776994109153748
64 0.22397863864898682
65 0.2198023796081543
66 0.21651728451251984
67 0.21357673406600952
68 0.21047914028167725
69 0.209075465798378
70 0.20479770004749298
71 0.2016061544418335
72 0.20134083926677704
73 0.1980787068605423
74 0.19667643308639526
75 0.192117378115654
76 0.19116957485675812
77 0.1881488412618637
78 0.1868525743484497
79 0.18372243642807007
80 0.18202678859233856
81 0.18026241660118103
82 0.17785628139972687
83 0.17845149338245392
84 0.1763487011194229
85 0.17658871412277222
86 0.171352818608284
87 0.1706223487854004
88 0.1680365949869156
89 0.16656729578971863
90 0.16683675348758698
91 0.16416983306407928
92 0.16283661127090454
93 0.1609642654657364
94 0.1613451987504959
95 0.15840058028697968
96 0.15763917565345764
97 0.1575993448495865
98 0.15526632964611053
99 0.15329480171203613
100 0.1531403660774231
101 0.15333692729473114
102 0.15045049786567688
103 0.14926162362098694
104 0.1487092822790146
105 0.14848627150058746
106 0.14527279138565063
107 0.1455543339252472
108 0.14446958899497986
109 0.14545007050037384
110 0.14382928609848022
111 0.14172740280628204
112 0.14145301282405853
113 0.14140912890434265
114 0.13959062099456787
115 0.13936029374599457
116 0.13863013684749603
117 0.136587455868721
118 0.13733656704425812
119 0.13630245625972748
120 0.13499201834201813
121 0.13405902683734894
122 0.13284245133399963
123 0.1319430023431778
124 0.13224059343338013
125 0.13065022230148315
126 0.13025161623954773
127 0.12871383130550385
128 0.13046756386756897
129 0.12845595180988312
130 0.12837058305740356
131 0.12755152583122253
132 0.1275261640548706
133 0.12655498087406158
134 0.1251962035894394
135 0.1251874417066574
136 0.12387989461421967
137 0.12297405302524567
138 0.122981496155262
139 0.12192952632904053
140 0.12211740016937256
141 0.12140493094921112
142 0.12197265774011612
143 0.1216544583439827
144 0.1213381439447403
145 0.11948316544294357
146 0.11843410134315491
147 0.11973168700933456
148 0.11718680709600449
149 0.11689023673534393
150 0.11602355539798737
151 0.11868984252214432
152 0.11583539098501205
153 0.11597543209791183
154 0.11463014036417007
155 0.1145821139216423
156 0.11395721882581711
157 0.11408346891403198
158 0.11232621222734451
159 0.11409692466259003
160 0.11151425540447235
161 0.11384820193052292
162 0.11249076575040817
163 0.11240701377391815
164 0.11050090193748474
165 0.11100880801677704
166 0.11083753407001495
167 0.11013332009315491
168 0.11018862575292587
169 0.10877905040979385
170 0.1097026988863945
171 0.10821633785963058
172 0.10745499283075333
173 0.108340322971344
174 0.10934243351221085
175 0.10722240805625916
176 0.10748078674077988
177 0.10592130571603775
178 0.10825224965810776
179 0.10651597380638123
180 0.10838336497545242
181 0.10563619434833527
182 0.10586460679769516
183 0.106206975877285
184 0.10749569535255432
185 0.10576967149972916
186 0.10251734405755997
187 0.10410688072443008
188 0.10279598087072372
189 0.10613644123077393
190 0.10349443554878235
191 0.10254161804914474
192 0.10286415368318558
193 0.10142670571804047
194 0.1020674854516983
195 0.10196895897388458
196 0.10247784852981567
197 0.10448650270700455
198 0.10319579392671585
199 0.09908352047204971
200 0.10346000641584396
