1 1.4405347108840942
2 1.362411379814148
3 1.3008395433425903
4 1.1681616306304932
5 1.1451261043548584
6 1.0860873460769653
7 1.0278712511062622
8 1.0101243257522583
9 0.9962021112442017
10 0.9002788662910461
11 0.978236734867096
12 0.9187371730804443
13 0.9404184818267822
14 0.8251765370368958
15 0.9294766187667847
16 0.881435751914978
17 0.8935710787773132
18 0.8445316553115845
19 0.8927711248397827
20 0.8500062823295593
21 0.7721968293190002
22 0.8317772150039673
23 0.9609769582748413
24 0.823536217212677
25 0.821950376033783
26 0.792407751083374
27 0.7510470151901245
28 0.7974413633346558
29 0.742801308631897
30 0.6820772886276245
31 0.7052556872367859
32 0.6683819890022278
33 0.6954676508903503
34 0.6196179986000061
35 0.6308184266090393
36 0.5859322547912598
37 0.6210678815841675
38 0.6106920838356018
39 0.586646318435669
40 0.5597277283668518
41 0.5823321342468262
42 0.5699668526649475
43 0.5615172386169434
44 0.5148932933807373
45 0.5688270330429077
46 0.5243970155715942
47 0.5482677817344666
48 0.49875468015670776
49 0.5051754713058472
50 0.5337238311767578
51 0.5577462315559387
52 0.5172661542892456
53 0.4927939474582672
54 0.5787221193313599
55 0.4744785726070404
56 0.5678677558898926
57 0.4937024414539337
58 0.4967440068721771
59 0.4761665463447571
60 0.5830897092819214
61 0.5240998268127441
62 0.478306382894516
63 0.43924903869628906
64 0.5203155875205994
65 0.4364556670188904
66 0.48751169443130493
67 0.47850432991981506
68 0.510718584060669
69 0.4782596528530121
70 0.4849187433719635
71 0.4823712706565857
72 0.46924424171447754
73 0.48598790168762207
74 0.45131200551986694
75 0.45100924372673035
76 0.4859623312950134
77 0.4826495945453644
78 0.4323742389678955
79 0.5176239609718323
80 0.4619182050228119
81 0.4533407390117645
82 0.44630730152130127
83 0.46075502038002014
84 0.4916279911994934
85 0.40872862935066223
86 0.4457167685031891
87 0.45978376269340515
88 0.44048258662223816
89 0.44954437017440796
90 0.4312705099582672
91 0.4828771650791168
92 0.4174878001213074
93 0.4386936128139496
94 0.4482852518558502
95 0.46745938062667847
96 0.4560842514038086
97 0.4177118241786957
98 0.46055322885513306
99 0.39960578083992004
100 0.4689355790615082
101 0.4430677592754364
102 0.46011412143707275
103 0.42533907294273376
104 0.49773281812667847
105 0.49923160672187805
106 0.4414476156234741
107 0.43705886602401733
108 0.42408204078674316
109 0.43922871351242065
110 0.431458055973053
111 0.4236585199832916
112 0.42398908734321594
113 0.46795496344566345
114 0.4009028673171997
115 0.43810996413230896
116 0.4586295783519745
117 0.4450703263282776
118 0.44674184918403625
119 0.3873036205768585
120 0.492511510848999
121 0.44411221146583557
122 0.41968902945518494
123 0.3907841145992279
124 0.46853718161582947
125 0.4299124777317047
126 0.4453057050704956
127 0.4265802800655365
128 0.38734573125839233
129 0.4222562611103058
130 0.4637856185436249
131 0.40815436840057373
132 0.4154699146747589
133 0.4202594459056854
134 0.40886685252189636
135 0.41098806262016296
136 0.431844025850296
137 0.4624204635620117
138 0.35847505927085876
139 0.417599081993103
140 0.43283525109291077
141 0.373151034116745
142 0.38739830255508423
143 0.4933012127876282
144 0.4249279797077179
145 0.41940292716026306
146 0.4653138220310211
147 0.4557689428329468
148 0.4236656427383423
149 0.39122116565704346
150 0.4051242172718048
151 0.43099260330200195
152 0.47285589575767517
153 0.4003060460090637
154 0.4821963310241699
155 0.4078695774078369
156 0.43634331226348877
157 0.41630885004997253
158 0.38911256194114685
159 0.46891751885414124
160 0.40501269698143005
161 0.4627121388912201
162 0.4167731702327728
163 0.43179452419281006
164 0.454418420791626
165 0.3831448256969452
166 0.45621734857559204
167 0.37493014335632324
168 0.4258236587047577
169 0.43394309282302856
170 0.410607248544693
171 0.444876104593277
172 0.4090200662612915
173 0.381441205739975
174 0.4692642390727997
175 0.3744305670261383
176 0.47324487566947937
177 0.42913728952407837
178 0.43906116485595703
179 0.4358496367931366
180 0.39600494503974915
181 0.47130969166755676
182 0.39306822419166565
183 0.4133424460887909
184 0.41772472858428955
185 0.4013552665710449
186 0.4129423499107361
187 0.3671872615814209
188 0.42356956005096436
189 0.3716280162334442
190 0.3986368179321289
191 0.4375900328159332
192 0.4426947832107544
193 0.42540594935417175
194 0.5090721845626831
195 0.38943782448768616
196 0.3980599641799927
197 0.34846457839012146
198 0.42326027154922485
199 0.39124277234077454
200 0.41528981924057007
201 0.40703701972961426
202 0.4152105748653412
203 0.37076231837272644
204 0.44390395283699036
205 0.3890686333179474
206 0.38388651609420776
207 0.4016837775707245
208 0.4075547158718109
209 0.42758655548095703
210 0.3733213543891907
211 0.46354079246520996
212 0.4033448100090027
213 0.39697688817977905
214 0.39100563526153564
215 0.386873334646225
216 0.4039563536643982
217 0.3789404630661011
218 0.4476298689842224
219 0.39239737391471863
220 0.36098694801330566
221 0.398328572511673
222 0.4071215093135834
223 0.420137494802475
224 0.4313789904117584
225 0.4313005805015564
226 0.3912782669067383
227 0.38864070177078247
228 0.3966253399848938
229 0.4086124002933502
230 0.44218817353248596
231 0.43776482343673706
232 0.5065187811851501
233 0.3714054822921753
234 0.42188560962677
235 0.3868754804134369
236 0.378399521112442
237 0.40076419711112976
238 0.3910701870918274
239 0.40369558334350586
240 0.4013526439666748
241 0.39442068338394165
242 0.41445058584213257
243 0.4217285215854645
244 0.382935494184494
245 0.3682554364204407
246 0.3718660771846771
247 0.41209524869918823
248 0.41698601841926575
249 0.38243091106414795
250 0.39226004481315613
251 0.41807785630226135
252 0.4042899012565613
253 0.4075832664966583
254 0.40297937393188477
255 0.37945064902305603
256 0.41047510504722595
257 0.40931785106658936
258 0.40068650245666504
259 0.3416517376899719
260 0.413329154253006
261 0.3672153949737549
262 0.4368419945240021
263 0.4163484573364258
264 0.4249773621559143
265 0.34815114736557007
266 0.40897926688194275
267 0.4207400679588318
268 0.3911971151828766
269 0.3745027780532837
270 0.3831906318664551
271 0.37311169505119324
272 0.3898950517177582
273 0.46321702003479004
274 0.4920904338359833
275 0.3877561390399933
276 0.395796000957489
277 0.39194533228874207
278 0.36629214882850647
279 0.4687131941318512
280 0.3652774393558502
281 0.418287456035614
282 0.3993491232395172
283 0.37565353512763977
284 0.4023797810077667
285 0.3946788012981415
286 0.385591983795166
287 0.41782474517822266
288 0.36972901225090027
289 0.4203179180622101
290 0.4312008023262024
291 0.4335819184780121
292 0.41029131412506104
293 0.39180636405944824
294 0.4417239725589752
295 0.40293261408805847
296 0.4408145546913147
297 0.4178096652030945
298 0.35585516691207886
299 0.3903360366821289
300 0.38414761424064636
301 0.3848010301589966
302 0.3544529676437378
303 0.39572423696517944
304 0.48343151807785034
305 0.4131256639957428
306 0.4338133931159973
307 0.4163791835308075
308 0.6377540826797485
309 0.4233115017414093
310 0.3859916925430298
311 0.4283335506916046
312 0.40857622027397156
313 0.3764103651046753
314 0.4017585813999176
315 0.38739752769470215
316 0.35682782530784607
317 0.4247452914714813
318 0.3727739453315735
319 0.3824213147163391
320 0.3693162202835083
321 0.449320524930954
322 0.3537084460258484
323 0.3968322277069092
324 0.42418649792671204
325 0.4004357159137726
326 0.3361546993255615
327 0.366435706615448
328 0.3423158824443817
329 0.4052279591560364
330 0.42924708127975464
331 0.40138089656829834
332 0.3986920714378357
333 0.3769969940185547
334 0.406732439994812
335 0.40473535656929016
336 0.3953177332878113
337 0.38973185420036316
338 0.35052919387817383
339 0.40482035279273987
340 0.38865453004837036
341 0.36781778931617737
342 0.4261362850666046
343 0.3351265788078308
344 0.38898372650146484
345 0.3962937891483307
346 0.37919357419013977
347 0.41145241260528564
348 0.35888704657554626
349 0.4025835692882538
350 0.3764626979827881
351 0.39354243874549866
352 0.37317004799842834
353 0.38363173604011536
354 0.4169881343841553
355 0.3842075765132904
356 0.43020138144493103
357 0.3866044580936432
358 0.39473921060562134
359 0.3977843225002289
360 0.377013236284256
361 0.3637591004371643
362 0.36165037751197815
363 0.39109084010124207
364 0.3804016411304474
365 0.5290600657463074
366 0.3200962245464325
367 0.39775794744491577
368 0.4446384608745575
369 0.3823238015174866
370 0.34236767888069153
371 0.4629737436771393
372 0.36047229170799255
373 0.4006110429763794
374 0.3742885887622833
375 0.3718982934951782
376 0.3857091963291168
377 0.39271241426467896
378 0.37859442830085754
379 0.42551344633102417
380 0.3761484920978546
381 0.3553696870803833
382 0.4053349792957306
383 0.36698290705680847
384 0.4343271851539612
385 0.39969703555107117
386 0.3623603284358978
387 0.3454805314540863
388 0.3667583465576172
389 0.37497052550315857
390 0.4084361791610718
391 0.429818719625473
392 0.3912436366081238
393 0.4034963548183441
394 0.4074576795101166
395 0.4305780827999115
396 0.3152257204055786
397 0.392268568277359
398 0.4060342013835907
399 0.32593807578086853
400 0.3815687298774719
401 0.37195149064064026
402 0.3668375313282013
403 0.4370303750038147
404 0.49558043479919434
405 0.31031784415245056
406 0.43989646434783936
407 0.49296078085899353
408 0.367024689912796
409 0.4234045147895813
410 0.3565708100795746
411 0.3938678503036499
412 0.39682242274284363
413 0.4158143699169159
414 0.398610919713974
415 0.367299884557724
416 0.3579941987991333
417 0.4265247583389282
418 0.3997977375984192
419 0.41888749599456787
420 0.3666708469390869
421 0.40323904156684875
422 0.42647430300712585
423 0.3449935019016266
424 0.38054853677749634
425 0.42002350091934204
426 0.40342533588409424
427 0.3813563287258148
428 0.3702987730503082
429 0.38439270853996277
430 0.34961020946502686
431 0.459503710269928
432 0.4003804624080658
433 0.3649042546749115
434 0.39470112323760986
435 0.41016027331352234
436 0.38907232880592346
437 0.3870203495025635
438 0.3597510755062103
439 0.4489006996154785
440 0.3440050482749939
441 0.4517914950847626
442 0.33596310019493103
443 0.3501642644405365
444 0.39663103222846985
445 0.4229871332645416
446 0.40768712759017944
447 0.3448023200035095
448 0.42229345440864563
449 0.36914676427841187
450 0.3905678689479828
451 0.415803998708725
452 0.3742544949054718
453 0.35891208052635193
454 0.36659717559814453
455 0.34279027581214905
456 0.3591838479042053
457 0.4360913932323456
458 0.35052990913391113
459 0.5465902090072632
460 0.33028271794319153
461 0.42737337946891785
462 0.39277562499046326
463 0.3408116400241852
464 0.36852121353149414
465 0.40333092212677
466 0.43170252442359924
467 0.3431476354598999
468 0.363101065158844
469 0.3770240843296051
470 0.3669758141040802
471 0.3451692461967468
472 0.3749804198741913
473 0.33525601029396057
474 0.3337450623512268
475 0.36663222312927246
476 0.40534818172454834
477 0.34720999002456665
478 0.3901894688606262
479 0.5852087736129761
480 0.3655809462070465
481 0.44504064321517944
482 0.3849586844444275
483 0.35298073291778564
484 0.3928370773792267
485 0.39779773354530334
486 0.4380923807621002
487 0.3682114779949188
488 0.3672998249530792
489 0.4035033583641052
490 0.3708140552043915
491 0.354653000831604
492 0.39092162251472473
493 0.36110496520996094
494 0.34112122654914856
495 0.3687451183795929
496 0.35388797521591187
497 0.371359646320343
498 0.41695111989974976
499 0.356711208820343
500 0.4338422119617462
501 0.3481920659542084
502 0.40027791261672974
503 0.36136868596076965
504 0.3877522051334381
505 0.3522900342941284
506 0.37504133582115173
507 0.39344680309295654
508 0.36505523324012756
509 0.34038394689559937
510 0.39147984981536865
511 0.342469185590744
512 0.32648342847824097
513 0.38363003730773926
514 0.40052416920661926
515 0.4444431662559509
516 0.4040970206260681
517 0.388798326253891
518 0.35791411995887756
519 0.33068883419036865
520 0.3633182644844055
521 0.3598281443119049
522 0.40671616792678833
523 0.35352906584739685
524 0.3656175136566162
525 0.42273297905921936
526 0.36436957120895386
527 0.3613598942756653
528 0.3320012092590332
529 0.365071564912796
530 0.33821219205856323
531 0.3818088173866272
532 0.3492141664028168
533 0.3620057702064514
534 0.3973354697227478
535 0.4210129380226135
536 0.3660459816455841
537 0.3571832478046417
538 0.37709474563598633
539 0.3697165250778198
540 0.34620919823646545
541 0.395031601190567
542 0.3783535957336426
543 0.34668344259262085
544 0.3865002393722534
545 0.3519025146961212
546 0.40610167384147644
547 0.3571491837501526
548 0.35684964060783386
549 0.3364078104496002
550 0.3628120720386505
551 0.3312223553657532
552 0.3818666338920593
553 0.39630138874053955
554 0.3523467779159546
555 0.36545467376708984
556 0.39677929878234863
557 0.4052625894546509
558 0.322747141122818
559 0.46382561326026917
560 0.442709356546402
561 0.31429287791252136
562 0.3621078133583069
563 0.3516058325767517
564 0.3759830594062805
565 0.4028901755809784
566 0.36006781458854675
567 0.371419221162796
568 0.33813145756721497
569 0.4026767909526825
570 0.4087263345718384
571 0.3661613166332245
572 0.3666001260280609
573 0.34959083795547485
574 0.38717833161354065
575 0.39673346281051636
576 0.3499879539012909
577 0.3703036308288574
578 0.35953202843666077
579 0.3478813171386719
580 0.3214704990386963
581 0.40557169914245605
582 0.3737400472164154
583 0.3698476552963257
584 0.5110248327255249
585 0.34889742732048035
586 0.4791739284992218
587 0.362429141998291
588 0.41579195857048035
589 0.29889655113220215
590 0.3609035313129425
591 0.38280242681503296
592 0.37497514486312866
593 0.39176610112190247
594 0.37875741720199585
595 0.3714343309402466
596 0.37028735876083374
597 0.36120274662971497
598 0.38961225748062134
599 0.3816183805465698
600 0.38609805703163147
601 0.3334118127822876
602 0.38780996203422546
603 0.36629921197891235
604 0.4602543115615845
605 0.3366193175315857
606 0.423129677772522
607 0.39370909333229065
608 0.3695377707481384
609 0.36152511835098267
610 0.36823561787605286
611 0.4014630913734436
612 0.362621933221817
613 0.3749214708805084
614 0.47027096152305603
615 0.26672351360321045
616 0.3990565836429596
617 0.36861228942871094
618 0.6662912368774414
619 0.3923792541027069
620 0.35672640800476074
621 0.3599902391433716
622 0.335101455450058
623 0.4138756990432739
624 0.39566683769226074
625 0.2993263304233551
626 0.3603357672691345
627 0.42368119955062866
628 0.44539567828178406
629 0.7408053278923035
630 0.292512446641922
631 0.37502363324165344
632 0.33168697357177734
633 0.37000370025634766
634 0.4266130328178406
635 0.3034607172012329
636 0.4024673104286194
637 0.35522323846817017
638 0.34116917848587036
639 0.364705353975296
640 0.3958945572376251
641 0.39045727252960205
642 0.39905083179473877
643 0.4089159369468689
644 0.35429146885871887
645 0.4172171950340271
646 0.3357105255126953
647 0.3828251361846924
648 0.30033454298973083
649 0.36736759543418884
650 0.3652774691581726
651 0.3845711350440979
652 0.416806161403656
653 0.3336717188358307
654 0.376427561044693
655 0.38572362065315247
656 0.3558935225009918
657 0.3517373204231262
658 0.44355762004852295
659 0.34441086649894714
660 0.3424873948097229
661 0.3643154501914978
662 0.35553017258644104
663 0.40425100922584534
664 0.3139829635620117
665 0.3360024392604828
666 0.3737967610359192
667 0.34069159626960754
668 0.3850703835487366
669 0.3471418023109436
670 0.372855544090271
671 0.33848097920417786
672 0.46021562814712524
673 0.41204386949539185
674 0.3418983519077301
675 0.42994338274002075
676 0.29806020855903625
677 0.34423190355300903
678 0.4088570475578308
679 0.34775057435035706
680 0.3543994128704071
681 0.3810194134712219
682 0.3779893219470978
683 0.31244561076164246
684 0.36878153681755066
685 0.3236454129219055
686 0.4166935384273529
687 0.3540304899215698
688 0.3799230754375458
689 0.3345756530761719
690 0.3327135741710663
691 1.0641010999679565
692 0.3069864809513092
693 0.353545606136322
694 0.3333207666873932
695 0.3344068229198456
696 0.3833335041999817
697 0.4047924280166626
698 0.3923869729042053
699 0.3517628014087677
700 0.34649673104286194
701 0.3294890820980072
702 0.36273425817489624
703 0.3583418130874634
704 0.3648258149623871
705 0.35530993342399597
706 0.32067692279815674
707 0.35683688521385193
708 0.3673868775367737
709 0.3368777632713318
710 0.3523196876049042
711 0.3597657382488251
712 0.395597368478775
713 0.37334129214286804
714 0.3562477231025696
715 0.31948322057724
716 0.37605729699134827
717 0.44035398960113525
718 0.3310876190662384
719 0.37511128187179565
720 0.32985734939575195
721 0.37247511744499207
722 0.34144747257232666
723 0.4014705419540405
724 0.33273598551750183
725 0.5099485516548157
726 0.3194049894809723
727 0.54641193151474
728 0.31444981694221497
729 0.38641759753227234
730 0.38716450333595276
731 0.3553689420223236
732 0.36365535855293274
733 0.3937734067440033
734 0.3606710135936737
735 0.35067158937454224
736 0.3530786335468292
737 0.35964784026145935
738 0.3596089780330658
739 0.4373328387737274
740 0.36091622710227966
741 0.3851507902145386
742 0.35926422476768494
743 0.33078137040138245
744 0.347986102104187
745 0.369589626789093
746 0.33193549513816833
747 0.3383910059928894
748 0.3808897137641907
749 0.34082141518592834
750 0.36980971693992615
751 0.3642426133155823
752 0.35971662402153015
753 0.5074816942214966
754 0.37503865361213684
755 0.3490174114704132
756 0.38084861636161804
757 0.3910951018333435
758 0.3748064935207367
759 0.3488493263721466
760 0.4185284972190857
761 0.3424186706542969
762 0.3473055362701416
763 0.3793661892414093
764 0.3427988886833191
765 0.3617863953113556
766 0.36650654673576355
767 0.3419188857078552
768 0.36057525873184204
769 0.33291423320770264
770 0.4011498689651489
771 0.3611588180065155
772 0.3755684792995453
773 0.319889634847641
774 0.39566442370414734
775 0.41112086176872253
776 0.32841435074806213
777 0.314155638217926
778 0.4148486256599426
779 0.33682799339294434
780 0.3743686378002167
781 0.3336757719516754
782 0.3312784433364868
783 0.3233833611011505
784 0.3391108214855194
785 0.40886521339416504
786 0.3503459095954895
787 0.330720454454422
788 0.36675941944122314
789 0.33580803871154785
790 0.33498015999794006
791 0.3525879681110382
792 0.3603844940662384
793 0.3475519120693207
794 0.36247748136520386
795 0.33630484342575073
796 0.3844269812107086
797 0.3446013033390045
798 0.3667586147785187
799 0.3325638771057129
800 0.363026887178421
