1 1.3776911497116089
2 1.3478994369506836
3 1.29813551902771
4 1.0095795392990112
5 0.9849939346313477
6 0.8497045636177063
7 0.9346280694007874
8 0.886909544467926
9 0.8798726201057434
10 0.8891016840934753
11 0.820533812046051
12 0.8513125777244568
13 0.80082106590271
14 0.8223642706871033
15 0.7935857176780701
16 0.8363639116287231
17 0.788303554058075
18 0.8504838347434998
19 0.770643413066864
20 0.8058850169181824
21 0.8938863277435303
22 0.8514198064804077
23 0.8101779222488403
24 0.788247287273407
25 0.7601231932640076
26 0.7457775473594666
27 0.813378095626831
28 0.7964166402816772
29 0.769385039806366
30 0.8137352466583252
31 0.8067817687988281
32 0.760309636592865
33 0.7549436092376709
34 0.7800498008728027
35 0.8033711910247803
36 0.7657207250595093
37 0.7610217332839966
38 0.7968018054962158
39 0.780415952205658
40 0.8140550851821899
41 0.7761156558990479
42 0.8291257619857788
43 0.7738991975784302
44 0.7517436146736145
45 0.7496421337127686
46 0.8538222908973694
47 0.7486530542373657
48 0.78212571144104
49 0.7694008946418762
50 0.823601484298706
51 0.864454984664917
52 0.7563279867172241
53 0.7752686738967896
54 0.8756181597709656
55 0.7445829510688782
56 0.7999918460845947
57 0.7930984497070312
58 0.7884830236434937
59 0.7787550687789917
60 0.7649819850921631
61 0.6977694034576416
62 0.7324545979499817
63 0.7799250483512878
64 0.7449848055839539
65 0.8546101450920105
66 0.7293297052383423
67 0.8571285605430603
68 0.803840160369873
69 0.7742781639099121
70 0.7671078443527222
71 0.761184573173523
72 0.7618064284324646
73 0.7406611442565918
74 0.7999176979064941
75 0.7074283957481384
76 0.7542815804481506
77 0.760136604309082
78 0.7638819217681885
79 0.7495883107185364
80 0.8583326935768127
81 0.7455713748931885
82 0.7653777003288269
83 0.7543515563011169
84 0.7269243597984314
85 0.821537971496582
86 0.7898274660110474
87 0.7678863406181335
88 0.740524411201477
89 0.7594707012176514
90 0.7330998182296753
91 0.7936396598815918
92 0.7828030586242676
93 0.7216097712516785
94 0.7846129536628723
95 0.7401899695396423
96 0.8073621988296509
97 0.7341434359550476
98 0.7848861217498779
99 0.7417037487030029
100 0.746692419052124
101 0.7305703163146973
102 0.7536814212799072
103 0.7681279182434082
104 0.9198147654533386
105 0.7775645852088928
106 0.7875417470932007
107 0.7850714325904846
108 0.7795184850692749
109 0.7897449135780334
110 0.7602843046188354
111 0.8030415773391724
112 0.7379303574562073
113 0.7608106136322021
114 0.7821667790412903
115 0.8428893685340881
116 0.7331656813621521
117 0.7744923830032349
118 0.755878746509552
119 0.7872079014778137
120 0.7244542241096497
121 0.7943194508552551
122 0.7365184426307678
123 0.7819200754165649
124 0.8227892518043518
125 0.7262659668922424
126 0.7733502984046936
127 0.7307104468345642
128 0.7904056310653687
129 0.7878884673118591
130 0.7640686631202698
131 0.806255578994751
132 0.7911971807479858
133 0.7738123536109924
134 0.7564449906349182
135 0.7812232375144958
136 0.7781758308410645
137 0.7599673271179199
138 0.7220993041992188
139 0.7821451425552368
140 0.8087827563285828
141 0.7631027698516846
142 0.8233288526535034
143 0.7525855302810669
144 0.7798160314559937
145 0.7445013523101807
146 0.7258574962615967
147 0.9036360383033752
148 0.7641499042510986
149 0.7530249953269958
150 0.7724812030792236
151 0.7609610557556152
152 0.7272768020629883
153 0.7499330639839172
154 0.776092529296875
155 0.7479255199432373
156 0.7315698862075806
157 0.836514949798584
158 0.7198534607887268
159 0.7041977643966675
160 0.8304330110549927
161 0.7068964838981628
162 0.7612519860267639
163 0.7544238567352295
164 0.7733270525932312
165 0.7429783344268799
166 0.737407386302948
167 0.7380717992782593
168 0.7772154211997986
169 0.7533096671104431
170 0.7232421040534973
171 0.789268434047699
172 0.7854694724082947
173 0.752126932144165
174 0.703393280506134
175 0.7262575626373291
176 0.7580320835113525
177 0.7007507681846619
178 0.73763108253479
179 0.7400218844413757
180 0.753970205783844
181 0.7049225568771362
182 0.8118305206298828
183 0.7626069784164429
184 0.7969800233840942
185 0.7016949653625488
186 0.8355955481529236
187 0.7516088485717773
188 0.6966457366943359
189 0.7731426358222961
190 0.7060472369194031
191 0.7244399785995483
192 0.7628551125526428
193 0.8645433187484741
194 0.7277908325195312
195 0.7756788730621338
196 0.7440634965896606
197 0.7761721611022949
198 0.7298421263694763
199 0.7259694933891296
200 0.7085533738136292
201 0.7660861015319824
202 0.8325506448745728
203 0.6818505525588989
204 0.745991587638855
205 0.7565557956695557
206 0.7479808330535889
207 0.7461256980895996
208 0.7757700085639954
209 0.7871580719947815
210 0.7777021527290344
211 0.7353575229644775
212 0.7621473670005798
213 0.7677724957466125
214 0.7112059593200684
215 0.7727164030075073
216 0.7775266170501709
217 0.743306577205658
218 0.7315312027931213
219 0.7131863236427307
220 0.7591086626052856
221 0.7706666588783264
222 0.7380674481391907
223 0.7150956392288208
224 0.8130512833595276
225 0.7050791382789612
226 0.7569130063056946
227 0.6915687322616577
228 0.7778347730636597
229 0.7298282384872437
230 0.7408871650695801
231 0.7281429767608643
232 0.7283174395561218
233 0.7224524617195129
234 0.7345200777053833
235 0.7587845325469971
236 0.7642829418182373
237 0.7808369994163513
238 0.8041746020317078
239 0.7640563249588013
240 0.7819477915763855
241 0.6973024606704712
242 0.7267593145370483
243 0.7260093688964844
244 0.7461534738540649
245 0.7772229909896851
246 0.7152066826820374
247 0.8055624961853027
248 0.7326220273971558
249 0.7633289098739624
250 0.7548019289970398
251 0.741054892539978
252 0.7387143969535828
253 0.765023946762085
254 0.7408056855201721
255 0.7579553723335266
256 0.8541088700294495
257 0.7373204231262207
258 0.7626802921295166
259 0.8066837191581726
260 0.7334792017936707
261 0.7801439166069031
262 0.7662752270698547
263 0.7398880124092102
264 0.7442508339881897
265 0.7929797172546387
266 0.7625649571418762
267 0.7605960369110107
268 0.7101824879646301
269 0.7138997316360474
270 0.7658638954162598
271 0.7618400454521179
272 0.7220513820648193
273 0.7378196716308594
274 0.7937955260276794
275 0.7531986236572266
276 0.8201148509979248
277 0.7275907397270203
278 0.7499924302101135
279 0.7742334008216858
280 0.7992745637893677
281 0.7802978754043579
282 0.7404664754867554
283 0.7270993590354919
284 0.7976231575012207
285 0.722466766834259
286 0.8297156095504761
287 0.7979758977890015
288 0.733831524848938
289 0.7432125806808472
290 0.7901862859725952
291 0.7936732769012451
292 0.7249311208724976
293 0.7208847999572754
294 0.7449650764465332
295 0.7300187945365906
296 0.7397058010101318
297 0.7137007713317871
298 0.776130199432373
299 0.7715433239936829
300 0.7230607271194458
301 0.8712406158447266
302 0.7589309215545654
303 0.7135776281356812
304 0.7662453651428223
305 0.7731992602348328
306 0.7585114240646362
307 0.699833333492279
308 0.7488855719566345
309 0.7685673832893372
310 0.792216420173645
311 0.7159875631332397
312 0.7371922135353088
313 0.7446407079696655
314 0.7865781188011169
315 0.7193483114242554
316 0.7776644825935364
317 0.7416759133338928
318 0.766843855381012
319 0.754044234752655
320 0.7969229817390442
321 0.7555868029594421
322 0.6985570192337036
323 0.7306703925132751
324 0.7531759142875671
325 0.7572988271713257
326 0.7439062595367432
327 0.731198251247406
328 0.6954816579818726
329 0.7791784405708313
330 0.7440225481987
331 0.746302604675293
332 0.7473371028900146
333 0.7444232106208801
334 0.7536413669586182
335 0.7281174659729004
336 0.706499457359314
337 0.7305384874343872
338 0.7221460938453674
339 0.7364875674247742
340 0.730365514755249
341 0.6977010369300842
342 0.698216438293457
343 0.7740349173545837
344 0.7361094951629639
345 0.8036443591117859
346 0.7358295321464539
347 0.7266647219657898
348 0.7510536313056946
349 0.7351197004318237
350 0.7267441749572754
351 0.7336398959159851
352 0.7473636269569397
353 0.7105798125267029
354 0.7824221253395081
355 0.737343430519104
356 0.7336637377738953
357 0.760611355304718
358 0.7397722601890564
359 0.72297203540802
360 0.7075432538986206
361 0.8034018874168396
362 0.7042737007141113
363 0.7186976671218872
364 0.7530363202095032
365 0.700768232345581
366 0.7286348342895508
367 0.7444111108779907
368 0.676612377166748
369 0.8225349187850952
370 0.7179412245750427
371 0.7026440501213074
372 0.855060875415802
373 0.7242823839187622
374 0.7610322833061218
375 0.7225814461708069
376 0.7382428646087646
377 0.7321694493293762
378 0.7326099872589111
379 0.6989307403564453
380 0.7636755704879761
381 0.6934688687324524
382 0.7740022540092468
383 0.7252817749977112
384 0.8116119503974915
385 0.7037426233291626
386 0.7707813382148743
387 0.7152473330497742
388 0.7536166310310364
389 0.7324573397636414
390 0.7316493988037109
391 0.74435955286026
392 0.7537663578987122
393 0.7232770323753357
394 0.7862103581428528
395 0.7925499677658081
396 0.7133776545524597
397 0.7560093402862549
398 0.7507425546646118
399 0.7181509137153625
400 0.7377368807792664
401 0.7194363474845886
402 0.7438151836395264
403 0.7230011820793152
404 0.7181175351142883
405 0.7373602390289307
406 0.7505752444267273
407 0.7153611183166504
408 0.7619506120681763
409 0.7380693554878235
410 0.7980059385299683
411 0.710438072681427
412 0.7438868284225464
413 0.7151994109153748
414 0.7256113290786743
415 0.7406238317489624
416 0.6916182041168213
417 0.7013463377952576
418 0.7099577784538269
419 0.7552611827850342
420 0.7973569631576538
421 0.7222148776054382
422 0.7518537640571594
423 0.7265068292617798
424 0.738763153553009
425 0.741904079914093
426 0.6742478609085083
427 0.7600447535514832
428 0.7603192329406738
429 0.737137496471405
430 0.7749406099319458
431 0.7482399940490723
432 0.734742283821106
433 0.746304988861084
434 0.8081021904945374
435 0.7618847489356995
436 0.7036283612251282
437 0.7317848205566406
438 0.6727587580680847
439 0.7378200888633728
440 0.7785466909408569
441 0.6869626641273499
442 0.745242714881897
443 0.7049132585525513
444 0.8014569282531738
445 0.7117332220077515
446 0.765845775604248
447 0.688323438167572
448 0.7714018821716309
449 0.7508741617202759
450 0.7572725415229797
451 0.6787277460098267
452 0.7250884175300598
453 0.7115451097488403
454 0.8788167834281921
455 0.7360183000564575
456 0.8192285895347595
457 0.7038139700889587
458 0.734438955783844
459 0.802979588508606
460 0.7492339015007019
461 0.8436184525489807
462 0.7355673909187317
463 0.7375285029411316
464 0.7428663969039917
465 0.8542147278785706
466 0.7469702363014221
467 0.7032861709594727
468 0.7973947525024414
469 0.7521304488182068
470 0.7381216883659363
471 0.7168769836425781
472 0.7347002625465393
473 0.7149549126625061
474 0.7773580551147461
475 0.6811588406562805
476 0.8238751888275146
477 0.6974256634712219
478 0.7164220213890076
479 0.7239120006561279
480 0.7202189564704895
481 0.7946197390556335
482 0.7967374920845032
483 0.7425747513771057
484 0.7052921652793884
485 0.7077544927597046
486 0.6954681277275085
487 0.7361611127853394
488 0.7145496010780334
489 0.7619038224220276
490 0.716503918170929
491 0.6754003763198853
492 0.8342126607894897
493 0.7454512715339661
494 0.7508382797241211
495 0.6923578977584839
496 0.7206858396530151
497 0.7249862551689148
498 0.7574605941772461
499 0.7058346271514893
500 0.7577101588249207
501 0.7284448742866516
502 0.7144657373428345
503 0.7208989858627319
504 0.7495444416999817
505 0.7554308772087097
506 0.7614006400108337
507 0.7552528977394104
508 0.7511290907859802
509 0.7088746428489685
510 0.7099751830101013
511 0.744854211807251
512 0.7242580056190491
513 0.7071600556373596
514 0.7310348749160767
515 0.7402200698852539
516 0.735952615737915
517 0.7520185112953186
518 0.7207345366477966
519 0.7812778949737549
520 0.7177616357803345
521 0.7797714471817017
522 0.6996062994003296
523 0.7045853734016418
524 0.7460609078407288
525 0.7202710509300232
526 0.7668944001197815
527 0.7134908437728882
528 0.7016761898994446
529 0.722596287727356
530 0.6962553262710571
531 0.6775525212287903
532 0.7354599833488464
533 0.7201210260391235
534 0.8366537690162659
535 0.7081333994865417
536 0.6925773620605469
537 0.7371056079864502
538 0.7824578881263733
539 0.7291734218597412
540 0.741816520690918
541 0.7026220560073853
542 0.7135794162750244
543 0.7753108739852905
544 0.7368931174278259
545 0.6889495849609375
546 0.7933356165885925
547 0.733529269695282
548 0.7201964855194092
549 0.780445396900177
550 0.773435115814209
551 0.6849233508110046
552 0.7559531927108765
553 0.8253762125968933
554 0.6707105040550232
555 0.7498182654380798
556 0.7006086707115173
557 0.7643498182296753
558 0.7559501528739929
559 0.7735392451286316
560 0.7238890528678894
561 0.7185672521591187
562 0.748184859752655
563 0.7223790884017944
564 0.7035220265388489
565 0.7291468381881714
566 0.7553724646568298
567 0.7415274381637573
568 0.6927559971809387
569 0.7441553473472595
570 0.7323988676071167
571 0.7063670754432678
572 0.8024429678916931
573 0.7166070938110352
574 0.756790280342102
575 0.7087299227714539
576 0.7604261040687561
577 0.7447923421859741
578 0.6582294702529907
579 0.6765689849853516
580 0.771053671836853
581 0.7383007407188416
582 0.7220918536186218
583 0.7848075032234192
584 0.7268967628479004
585 0.7205253839492798
586 0.716684877872467
587 0.6971955299377441
588 0.7224200963973999
589 0.7611715197563171
590 0.7380006313323975
591 0.7325639128684998
592 0.7235931158065796
593 0.7553110122680664
594 0.8062815070152283
595 0.7079030275344849
596 0.6945394277572632
597 0.7919971346855164
598 0.6975116729736328
599 0.7926411628723145
600 0.6734511256217957
601 0.7430192232131958
602 0.6948276162147522
603 0.695072591304779
604 0.7880731821060181
605 0.7408031225204468
606 0.7275921702384949
607 0.6963605880737305
608 0.7852103114128113
609 0.7120554447174072
610 0.7168545126914978
611 0.6688562035560608
612 0.748839259147644
613 0.7617204785346985
614 0.7276166081428528
615 0.8121013641357422
616 0.7685941457748413
617 0.7179322838783264
618 0.7936237454414368
619 0.6930463910102844
620 0.7675127387046814
621 0.7211850881576538
622 0.8865001201629639
623 0.7710418105125427
624 0.8319859504699707
625 0.6914552450180054
626 0.6854925155639648
627 0.7440462112426758
628 0.7738654613494873
629 0.6844024062156677
630 0.7398192882537842
631 0.7224625945091248
632 0.7159679532051086
633 0.7136752605438232
634 0.7515290975570679
635 0.7095888257026672
636 0.7478028535842896
637 0.6946763396263123
638 0.7534945011138916
639 0.7872642278671265
640 0.7322130799293518
641 0.8012301921844482
642 0.7127666473388672
643 0.7123538255691528
644 0.7429107427597046
645 0.7355382442474365
646 0.7535458207130432
647 0.7694794535636902
648 0.6978877782821655
649 0.7535279393196106
650 0.7294900417327881
651 0.7050025463104248
652 0.7351904511451721
653 0.7701261639595032
654 0.8070498108863831
655 0.7404387593269348
656 0.7137834429740906
657 0.7158929705619812
658 0.702783465385437
659 0.7365564703941345
660 0.7185827493667603
661 0.7701778411865234
662 0.7336077690124512
663 0.6996108889579773
664 0.8195111155509949
665 0.8500301241874695
666 0.6790510416030884
667 0.7364051342010498
668 0.7534478306770325
669 0.718885600566864
670 0.7420676946640015
671 0.7496057748794556
672 0.7057958245277405
673 0.7525445222854614
674 0.6991893649101257
675 0.708138644695282
676 0.7070327997207642
677 0.766664981842041
678 0.6995487809181213
679 0.7440981864929199
680 0.7178280353546143
681 0.7573742270469666
682 0.6794894337654114
683 0.7504519820213318
684 0.7114426493644714
685 0.7465581893920898
686 0.7040825486183167
687 0.7068044543266296
688 0.8165561556816101
689 0.7521143555641174
690 0.6655568480491638
691 0.7061185240745544
692 0.74947589635849
693 0.7014198899269104
694 0.7164677977561951
695 0.7207134366035461
696 0.6870420575141907
697 0.6784700155258179
698 0.7494913339614868
699 0.7615382075309753
700 0.7395403981208801
701 0.6722720265388489
702 0.7454781532287598
703 0.6876323819160461
704 0.7415758967399597
705 0.7557380795478821
706 0.7204472422599792
707 0.7834116220474243
708 0.7169890403747559
709 0.7383295297622681
710 0.7073701024055481
711 0.8502626419067383
712 0.7179553508758545
713 0.7358742952346802
714 0.6690513491630554
715 0.821909487247467
716 0.7210690975189209
717 0.722281813621521
718 0.7373488545417786
719 0.7395361065864563
720 0.7564576864242554
721 0.7343083024024963
722 0.7395322918891907
723 0.7029698491096497
724 0.7494693994522095
725 0.7168083786964417
726 0.7451784610748291
727 0.8021966218948364
728 0.684528648853302
729 0.7118518948554993
730 0.7043987512588501
731 0.729283332824707
732 0.7063384056091309
733 0.7458504438400269
734 0.7491241693496704
735 0.7136009931564331
736 0.6781277060508728
737 0.7464927434921265
738 0.7416210770606995
739 0.7174299359321594
740 0.7157275676727295
741 0.7247649431228638
742 0.7187879085540771
743 0.737766444683075
744 0.6984463334083557
745 0.7264070510864258
746 0.7734057903289795
747 0.7168778777122498
748 0.7961705327033997
749 0.7258323431015015
750 0.716368556022644
751 0.698778510093689
752 0.690545380115509
753 0.7952792048454285
754 0.6963678598403931
755 0.7296248078346252
756 0.6995267868041992
757 0.7258537411689758
758 0.7244119644165039
759 0.6974063515663147
760 0.7518643140792847
761 0.728095531463623
762 0.7216430306434631
763 0.6922630071640015
764 0.7249330878257751
765 0.6827705502510071
766 0.7252611517906189
767 0.7261261940002441
768 0.7275567054748535
769 0.7549008131027222
770 0.6954724788665771
771 0.7084211707115173
772 0.6944894790649414
773 0.7583237886428833
774 0.8017979264259338
775 0.6854479908943176
776 0.6906015276908875
777 0.7233695983886719
778 0.7290998101234436
779 0.7215314507484436
780 0.7161409258842468
781 0.7176149487495422
782 0.7218671441078186
783 0.7162768840789795
784 0.7804604172706604
785 0.7029775381088257
786 0.689400315284729
787 0.7398197650909424
788 0.7311015129089355
789 0.7485042810440063
790 0.7278469204902649
791 0.7418130040168762
792 0.6810890436172485
793 0.7468891739845276
794 0.7471657395362854
795 0.7420806884765625
796 0.7535979747772217
797 0.7305677533149719
798 0.7126829028129578
799 0.7559711337089539
800 0.7053819894790649
