1 2.4658865928649902
2 1.336305022239685
3 1.410332202911377
4 1.366607427597046
5 1.3440972566604614
6 0.9829234480857849
7 1.0081075429916382
8 1.0073479413986206
9 0.8959881067276001
10 0.9189531207084656
11 0.7679592370986938
12 0.714896023273468
13 0.7095675468444824
14 0.6590861678123474
15 0.6294550895690918
16 0.6660363674163818
17 0.5684801936149597
18 0.6727831363677979
19 0.5386227369308472
20 0.579071044921875
21 0.4853270649909973
22 0.5430601835250854
23 0.5340985655784607
24 0.5627654194831848
25 0.5595327019691467
26 0.4998002052307129
27 0.555427074432373
28 0.47023412585258484
29 0.4438091814517975
30 0.5576033592224121
31 0.5254116654396057
32 0.5123622417449951
33 0.4626534581184387
34 0.5197614431381226
35 0.48595961928367615
36 0.48087993264198303
37 0.46752285957336426
38 0.5097867250442505
39 0.481735497713089
40 0.45486754179000854
41 0.4923174977302551
42 0.4884583652019501
43 0.5202800631523132
44 0.4949721395969391
45 0.46333685517311096
46 0.46205413341522217
47 0.5039169192314148
48 0.42300301790237427
49 0.47067126631736755
50 0.43377766013145447
51 0.45221126079559326
52 0.40069442987442017
53 0.4316655993461609
54 0.4757865369319916
55 0.44952693581581116
56 0.7050943970680237
57 0.5359683036804199
58 0.7150283455848694
59 0.5698201060295105
60 0.5493981242179871
61 0.6460129022598267
62 0.6088076829910278
63 0.5197921991348267
64 0.6043930649757385
65 0.6597429513931274
66 0.6746150255203247
67 0.6164647936820984
68 0.5795383453369141
69 0.5474354028701782
70 0.6152715086936951
71 0.6052328944206238
72 0.5528136491775513
73 0.5675387978553772
74 0.5641322731971741
75 0.5545987486839294
76 0.6203752160072327
77 0.5825135111808777
78 0.5413466691970825
79 0.6857684850692749
80 0.5515666604042053
81 0.5268920063972473
82 0.6487966775894165
83 0.5832147002220154
84 0.586475670337677
85 0.5777636766433716
86 0.5997235178947449
87 0.6070337891578674
88 0.5446628332138062
89 0.6049411296844482
90 0.5546631217002869
91 0.5842903852462769
92 0.5696728825569153
93 0.5896398425102234
94 0.5545312166213989
95 0.6599052548408508
96 0.6299816370010376
97 0.5919737815856934
98 0.5287940502166748
99 0.585712194442749
100 0.6352151036262512
101 0.5206210613250732
102 0.7552035450935364
103 0.616212010383606
104 0.5649903416633606
105 0.5164019465446472
106 0.5759157538414001
107 0.7030177712440491
108 0.5630699396133423
109 0.6204832196235657
110 0.6550434231758118
111 0.6443055272102356
112 0.5672774314880371
113 0.6139643788337708
114 0.4946383237838745
115 0.6159030795097351
116 0.726624071598053
117 0.624678373336792
118 0.6173359155654907
119 0.5520045161247253
120 0.5904281735420227
121 0.45622631907463074
122 0.5499591827392578
123 0.5423880815505981
124 0.5283076763153076
125 0.5686683654785156
126 0.5721167922019958
127 0.5585196614265442
128 0.5103611350059509
129 0.6796601414680481
130 0.5845276117324829
131 0.5364965200424194
132 0.6153103709220886
133 0.5758807063102722
134 0.5110602974891663
135 0.5720982551574707
136 0.6038298606872559
137 0.631969690322876
138 0.5404304265975952
139 0.5319015383720398
140 0.5754820108413696
141 0.4858821630477905
142 0.5690178871154785
143 0.6079920530319214
144 0.5225304961204529
145 0.5635696649551392
146 0.5825905799865723
147 0.6107791066169739
148 0.5099068880081177
149 0.6884081363677979
150 0.5522704124450684
151 0.5581957697868347
152 0.5748293995857239
153 0.49630576372146606
154 0.6246702075004578
155 0.6033416986465454
156 0.5615214109420776
157 0.5623746514320374
158 0.6189472079277039
159 0.585457980632782
160 0.6181753277778625
161 0.5967442393302917
162 0.6517302393913269
163 0.5455611944198608
164 0.5315454602241516
165 0.5606681704521179
166 0.5631430745124817
167 0.5682263970375061
168 0.5113115906715393
169 0.6073601841926575
170 0.5252256989479065
171 0.6338597536087036
172 0.5726145505905151
173 0.5479177236557007
174 0.7371840476989746
175 0.5896738171577454
176 0.5234778523445129
177 0.5800443887710571
178 0.5094515085220337
179 0.4878058135509491
180 0.6022640466690063
181 0.5897535085678101
182 0.5340499877929688
183 0.6169794797897339
184 0.5938119292259216
185 0.5448352098464966
186 0.5676769018173218
187 0.585675835609436
188 0.5672386288642883
189 0.5784887075424194
190 0.5139569640159607
191 0.5980161428451538
192 0.5197073817253113
193 0.5883742570877075
194 0.6164121031761169
195 0.5713914632797241
196 0.6049286723136902
197 0.5312924981117249
198 0.5880908966064453
199 0.4967060685157776
200 0.5291507244110107
201 0.6126757264137268
202 0.5160083174705505
203 0.5141170620918274
204 0.50689297914505
205 0.5688783526420593
206 0.5315771102905273
207 0.6473614573478699
208 0.527145504951477
209 0.543046772480011
210 0.5685858130455017
211 0.5151215195655823
212 0.5361743569374084
213 0.6109974384307861
214 0.6557788252830505
215 0.5211064219474792
216 0.6219862699508667
217 0.5541169047355652
218 0.5940585136413574
219 0.5615231990814209
220 0.5478617548942566
221 0.52284175157547
222 0.5380191802978516
223 0.5198861360549927
224 0.5108440518379211
225 0.5207738876342773
226 0.5229213833808899
227 0.5562048554420471
228 0.49499133229255676
229 0.5099183320999146
230 0.5485480427742004
231 0.4743287265300751
232 0.5561977624893188
233 0.6375742554664612
234 0.5261449217796326
235 0.5837904214859009
236 0.47785720229148865
237 0.5600252151489258
238 0.5081427097320557
239 0.49770912528038025
240 0.5320757031440735
241 0.4491405189037323
242 0.5443772077560425
243 0.5100107789039612
244 0.5461841821670532
245 0.44185376167297363
246 0.6087079644203186
247 0.48688167333602905
248 0.5246816277503967
249 0.5650057792663574
250 0.5077933073043823
251 0.5003301501274109
252 0.6086468696594238
253 0.5111827850341797
254 0.5554361939430237
255 0.5150296688079834
256 0.47505077719688416
257 0.5333051681518555
258 0.492266982793808
259 0.5045158267021179
260 0.47591811418533325
261 0.5711190104484558
262 0.49261796474456787
263 0.5003132224082947
264 0.48703837394714355
265 0.4755563735961914
266 0.53851717710495
267 0.5379349589347839
268 0.5055785775184631
269 0.6093674302101135
270 0.5604339838027954
271 0.42534339427948
272 0.5100265741348267
273 0.4570743441581726
274 0.4903854727745056
275 0.659520149230957
276 0.5758921504020691
277 0.49815577268600464
278 0.5491235256195068
279 0.5885449051856995
280 0.4957384169101715
281 0.4675345718860626
282 0.5276045203208923
283 0.5770091414451599
284 0.4505251944065094
285 0.5181779265403748
286 0.5720943808555603
287 0.5259724259376526
288 0.5166127681732178
289 0.5944203734397888
290 0.6079350113868713
291 0.588880181312561
292 0.4983695447444916
293 0.522419273853302
294 0.6093749403953552
295 0.49976876378059387
296 0.5892887711524963
297 0.5158389210700989
298 0.46230122447013855
299 0.553434431552887
300 0.5368970632553101
301 0.45179513096809387
302 0.5541194081306458
303 0.5843702554702759
304 0.4938744902610779
305 0.4738992154598236
306 0.5085602402687073
307 0.5424579381942749
308 0.48885831236839294
309 0.5345181822776794
310 0.5124098658561707
311 0.486245334148407
312 0.7182530760765076
313 0.43447422981262207
314 0.4992974102497101
315 0.5360496044158936
316 0.49482542276382446
317 0.5079299211502075
318 0.5233762860298157
319 0.4918172359466553
320 0.4847150444984436
321 0.430237740278244
322 0.5034403204917908
323 0.4980178773403168
324 0.4931192994117737
325 0.5055343508720398
326 0.5133568048477173
327 0.6412915587425232
328 0.5084643363952637
329 0.6226105093955994
330 0.4997212290763855
331 0.5134459733963013
332 0.4611828625202179
333 0.4897010624408722
334 0.4302937388420105
335 0.4613095819950104
336 0.5601099729537964
337 0.48067617416381836
338 0.49327999353408813
339 0.5377205014228821
340 0.5280724763870239
341 0.43963536620140076
342 0.4191470444202423
343 0.5265853404998779
344 0.5635145306587219
345 0.5117437243461609
346 0.45879536867141724
347 0.5785061120986938
348 0.5120086669921875
349 0.4747966229915619
350 0.39616140723228455
351 0.39670807123184204
352 0.5368388295173645
353 0.5649958252906799
354 0.39506688714027405
355 0.4123362600803375
356 0.4050014913082123
357 0.6166261434555054
358 0.47605156898498535
359 0.5330355167388916
360 0.5160717964172363
361 0.467937707901001
362 0.4787134528160095
363 0.522700309753418
364 0.5742727518081665
365 0.4468458294868469
366 0.5735185146331787
367 0.5110056400299072
368 0.44608598947525024
369 0.5186195373535156
370 0.5558832883834839
371 0.5654962658882141
372 0.4385735094547272
373 0.5106307864189148
374 0.5638058185577393
375 0.4713113009929657
376 0.5650264620780945
377 0.45725125074386597
378 0.54148930311203
379 0.4514206051826477
380 0.463281512260437
381 0.504939079284668
382 0.5416872501373291
383 0.5008656978607178
384 0.4193909764289856
385 0.45736953616142273
386 0.6579456925392151
387 0.4261239767074585
388 0.5383896827697754
389 0.43973153829574585
390 0.5145828723907471
391 0.4155358374118805
392 0.515737771987915
393 0.45486366748809814
394 0.48498716950416565
395 0.43400198221206665
396 0.4613146483898163
397 0.4166811406612396
398 0.4723072052001953
399 0.45082852244377136
400 0.4254302978515625
401 0.5870049595832825
402 0.397804319858551
403 0.42258334159851074
404 0.41747963428497314
405 0.4125535786151886
406 0.45797353982925415
407 0.4190185070037842
408 0.6660637259483337
409 0.46703460812568665
410 0.46518799662590027
411 0.4161696434020996
412 0.5092031955718994
413 0.3782316744327545
414 0.38635778427124023
415 0.473501056432724
416 0.4136146306991577
417 0.47646722197532654
418 0.7317238450050354
419 0.5003775954246521
420 0.4311639964580536
421 0.4613415002822876
422 0.4652036726474762
423 0.49556103348731995
424 0.4793394207954407
425 0.5649496912956238
426 0.4741310179233551
427 0.3763580620288849
428 0.4688464403152466
429 0.5632207989692688
430 0.3779602646827698
431 0.43085384368896484
432 0.4854072034358978
433 0.45187637209892273
434 0.3804807662963867
435 0.5073606967926025
436 0.5828185081481934
437 0.4826359748840332
438 0.45081382989883423
439 0.47444096207618713
440 0.49629393219947815
441 0.396059513092041
442 0.4702513813972473
443 0.3655988276004791
444 0.366687536239624
445 0.6581151485443115
446 0.43135806918144226
447 0.5583586692810059
448 0.45515888929367065
449 0.6196146011352539
450 0.4588063657283783
451 0.5064549446105957
452 0.45314210653305054
453 0.5584827661514282
454 0.3535606265068054
455 0.4485732913017273
456 0.5157445669174194
457 0.55599045753479
458 0.38119807839393616
459 0.5800084471702576
460 0.4974890649318695
461 0.43028780817985535
462 0.46509209275245667
463 0.5470865964889526
464 0.4552225172519684
465 0.4311313033103943
466 0.4144735336303711
467 0.433859258890152
468 0.538279116153717
469 0.4093169569969177
470 0.4234224259853363
471 0.45397916436195374
472 0.4636382758617401
473 0.42407330870628357
474 0.37023863196372986
475 0.40997326374053955
476 0.41006380319595337
477 0.3620416820049286
478 0.5699428915977478
479 0.43391022086143494
480 0.5522501468658447
481 0.46335598826408386
482 0.4197218120098114
483 0.430816650390625
484 0.36628198623657227
485 0.4601016044616699
486 0.5188111662864685
487 0.5091633200645447
488 0.3946065902709961
489 0.608783483505249
490 0.4510670006275177
491 0.43955761194229126
492 0.6607133150100708
493 0.7350497841835022
494 0.45758771896362305
495 0.4433855414390564
496 0.5901393890380859
497 0.603079617023468
498 0.42206400632858276
499 0.446990042924881
500 0.4989366829395294
501 0.5925233960151672
502 0.40751543641090393
503 0.4954806864261627
504 0.430438369512558
505 0.4213949739933014
506 0.35750263929367065
507 0.40072476863861084
508 0.4155781865119934
509 0.3890971541404724
510 0.4252319931983948
511 0.4866351783275604
512 0.3813413679599762
513 0.4351353049278259
514 0.660503625869751
515 0.46303102374076843
516 0.3935648798942566
517 0.39569881558418274
518 0.5167351365089417
519 0.3765759766101837
520 0.491680771112442
521 0.4714672565460205
522 0.40648582577705383
523 0.8138877153396606
524 0.7165194153785706
525 0.3930097222328186
526 0.4633030891418457
527 0.5189896821975708
528 0.47392261028289795
529 0.43459051847457886
530 0.48325052857398987
531 0.3772413432598114
532 0.45471131801605225
533 0.4378853142261505
534 0.4546937048435211
535 0.46460777521133423
536 0.4334813356399536
537 0.45432040095329285
538 0.38270387053489685
539 0.3729364573955536
540 0.4138999581336975
541 0.4288914203643799
542 0.4722987711429596
543 0.4571272134780884
544 0.4298965334892273
545 0.39097389578819275
546 0.4361911416053772
547 0.4180756211280823
548 0.44736266136169434
549 0.5225110650062561
550 0.3485777676105499
551 0.42764824628829956
552 0.3543988764286041
553 0.48196786642074585
554 0.5209563970565796
555 0.35629749298095703
556 0.4777187705039978
557 0.4587327837944031
558 0.3509896993637085
559 0.4858056306838989
560 0.3794805407524109
561 0.39748188853263855
562 0.6927933096885681
563 0.4186154305934906
564 0.4690333604812622
565 0.4100535809993744
566 0.3593638241291046
567 0.4524290859699249
568 0.64443439245224
569 0.5415557622909546
570 0.6453191041946411
571 0.4679185748100281
572 0.6311314105987549
573 0.3971681594848633
574 0.7485525012016296
575 0.4138394296169281
576 0.5004945397377014
577 0.47455689311027527
578 0.5570744872093201
579 0.4244842529296875
580 0.3700627386569977
581 0.3817492723464966
582 0.41721615195274353
583 0.8393515348434448
584 0.5562034249305725
585 0.3743192255496979
586 0.3821432292461395
587 0.46553510427474976
588 0.3131195902824402
589 0.4271530210971832
590 0.33055388927459717
591 0.36497190594673157
592 0.5760279893875122
593 0.38322171568870544
594 0.5928964614868164
595 0.43037039041519165
596 0.3780452609062195
597 0.3169425427913666
598 0.6093519330024719
599 0.4214359521865845
600 0.3481651246547699
601 0.3996380567550659
602 0.6106306314468384
603 0.43714573979377747
604 0.352806031703949
605 0.4947930574417114
606 0.405294269323349
607 0.3970215916633606
608 0.5470783710479736
609 0.4599495232105255
610 0.4012802243232727
611 0.4023178517818451
612 0.4718494415283203
613 0.40453606843948364
614 0.3823038339614868
615 0.41223448514938354
616 0.37223759293556213
617 0.45584890246391296
618 0.36731022596359253
619 0.4594573676586151
620 0.4192638099193573
621 0.8771514296531677
622 0.36562472581863403
623 0.76495361328125
624 0.4471723139286041
625 0.3978109359741211
626 0.4935874044895172
627 0.39956802129745483
628 0.3850182294845581
629 0.7762778997421265
630 0.3402934670448303
631 0.4323313534259796
632 0.42200514674186707
633 0.698634684085846
634 0.5369514226913452
635 0.37105366587638855
636 0.3997172713279724
637 0.4937851130962372
638 0.4694458246231079
639 0.3427162170410156
640 0.4632408618927002
641 0.4103265404701233
642 0.33600589632987976
643 0.4658665657043457
644 0.42071565985679626
645 0.3803940713405609
646 0.4365150034427643
647 0.42030805349349976
648 0.34253066778182983
649 0.6285958290100098
650 0.37312784790992737
651 0.3599228858947754
652 0.46871328353881836
653 0.4065968990325928
654 0.5601440668106079
655 0.3777196705341339
656 0.39958786964416504
657 0.5013930797576904
658 0.41807082295417786
659 0.51766437292099
660 0.388272225856781
661 0.6993446946144104
662 0.428621381521225
663 0.385088711977005
664 0.36867180466651917
665 0.3998997211456299
666 0.6994451284408569
667 0.5121971964836121
668 0.4693892300128937
669 0.3393426537513733
670 0.45151597261428833
671 0.5901679992675781
672 0.340853214263916
673 0.4102154076099396
674 0.5736355781555176
675 0.3739607632160187
676 0.41811731457710266
677 0.5677831172943115
678 0.3850609362125397
679 0.4743398129940033
680 0.3909916579723358
681 0.4072110056877136
682 0.466838538646698
683 0.49817711114883423
684 0.4281332492828369
685 0.5047483444213867
686 0.4186144173145294
687 0.36675411462783813
688 0.421968549489975
689 0.3453753888607025
690 0.48526450991630554
691 0.476334810256958
692 0.511699914932251
693 0.41981804370880127
694 0.46348345279693604
695 0.4107480049133301
696 0.3617711663246155
697 0.5252274870872498
698 0.4136207401752472
699 0.3488338887691498
700 0.41299349069595337
701 0.3874765932559967
702 0.39811980724334717
703 0.48553821444511414
704 0.41454893350601196
705 0.4548592269420624
706 0.3991948366165161
707 0.42952674627304077
708 0.3565719425678253
709 0.5384937524795532
710 0.3729979395866394
711 0.4089462459087372
712 0.3941388428211212
713 0.32040637731552124
714 0.3850070834159851
715 0.5895892977714539
716 0.38420918583869934
717 0.5145535469055176
718 0.3970388174057007
719 0.43689224123954773
720 0.46465209126472473
721 0.38653093576431274
722 0.4726099371910095
723 0.32467615604400635
724 0.34952792525291443
725 0.3490026593208313
726 0.3963647484779358
727 0.4173559248447418
728 0.4992588460445404
729 0.3989907205104828
730 0.3959675133228302
731 0.38557395339012146
732 0.3806103765964508
733 0.34341663122177124
734 0.4157176613807678
735 0.6104163527488708
736 0.33823633193969727
737 0.5067670345306396
738 0.30808335542678833
739 0.4487161338329315
740 0.45076555013656616
741 0.37151840329170227
742 0.4062741994857788
743 0.3715650737285614
744 0.36302733421325684
745 0.36490094661712646
746 0.4338260293006897
747 0.3889070451259613
748 0.37325239181518555
749 0.37958452105522156
750 0.35950058698654175
751 0.4309351146221161
752 0.37585076689720154
753 0.49801862239837646
754 0.4598676860332489
755 0.7419757843017578
756 0.42229366302490234
757 0.4263974130153656
758 0.35397711396217346
759 0.49716708064079285
760 0.3564680814743042
761 0.8780598044395447
762 0.4067414104938507
763 0.34704384207725525
764 0.3670220375061035
765 0.4055347740650177
766 0.47869065403938293
767 0.36008182168006897
768 0.43399766087532043
769 0.40998804569244385
770 0.3759434223175049
771 0.37008196115493774
772 0.4890877902507782
773 0.4111558198928833
774 0.27652987837791443
775 0.47034531831741333
776 0.3847945034503937
777 0.5998029112815857
778 0.5286152958869934
779 0.2863009572029114
780 0.5277976393699646
781 0.40666329860687256
782 0.4074554443359375
783 0.5048305988311768
784 0.5978589653968811
785 0.3628610670566559
786 0.4436347484588623
787 0.40574949979782104
788 0.4045597314834595
789 0.32540374994277954
790 0.3719196319580078
791 0.5432401895523071
792 0.43600764870643616
793 0.3478187620639801
794 0.3964850902557373
795 0.47310036420822144
796 0.30113139748573303
797 0.40513795614242554
798 0.27981671690940857
799 0.38760802149772644
800 0.347568154335022
