1 4.878366947174072
2 2.790513038635254
3 2.714226484298706
4 2.6488444805145264
5 3.2608165740966797
6 3.0973317623138428
7 3.320749044418335
8 2.778019905090332
9 3.022418737411499
10 2.634155035018921
11 2.965944528579712
12 3.2099764347076416
13 2.751704692840576
14 2.9097957611083984
15 2.9263598918914795
16 2.813427686691284
17 2.774362564086914
18 2.795018196105957
19 2.8981411457061768
20 2.9408187866210938
21 2.9035022258758545
22 3.6224420070648193
23 3.048288106918335
24 2.7742602825164795
25 3.0471351146698
26 3.2142741680145264
27 2.934887170791626
28 2.694232940673828
29 2.765995502471924
30 2.563133478164673
31 2.5344579219818115
32 2.474381923675537
33 2.739061117172241
34 3.020256519317627
35 2.7385799884796143
36 2.5157806873321533
37 2.605036973953247
38 2.923304557800293
39 2.630427360534668
40 3.011619806289673
41 3.075294017791748
42 2.794431686401367
43 2.8124163150787354
44 3.3268277645111084
45 2.916632652282715
46 3.1919894218444824
47 2.7819302082061768
48 2.4919936656951904
49 2.7627978324890137
50 2.990833282470703
51 2.9100797176361084
52 2.5204575061798096
53 3.054682493209839
54 2.6709234714508057
55 2.782283067703247
56 2.4660844802856445
57 2.71964955329895
58 3.547403335571289
59 3.1878342628479004
60 2.6348440647125244
61 2.7369706630706787
62 3.460789442062378
63 2.429643392562866
64 2.821901798248291
65 2.8464949131011963
66 2.3802318572998047
67 2.938560724258423
68 3.022521734237671
69 2.4864907264709473
70 2.987301826477051
71 3.1812498569488525
72 2.722606658935547
73 2.912034511566162
74 3.02606463432312
75 2.813849925994873
76 2.79830265045166
77 2.771268606185913
78 2.70245099067688
79 2.595428466796875
80 2.6746826171875
81 2.8654825687408447
82 2.762686252593994
83 3.0387861728668213
84 2.8884758949279785
85 2.942514181137085
86 2.926306962966919
87 2.558321475982666
88 2.990574359893799
89 3.050440549850464
90 2.5586445331573486
91 2.8861653804779053
92 2.622398853302002
93 2.793409585952759
94 3.071690559387207
95 3.032762289047241
96 2.90822696685791
97 3.02677583694458
98 2.8810033798217773
99 3.0455214977264404
100 2.7831077575683594
101 3.140620470046997
102 3.239360809326172
103 2.583719491958618
104 2.8372395038604736
105 2.831904172897339
106 2.609678268432617
107 3.088595390319824
108 3.0924060344696045
109 2.728100061416626
110 3.2842295169830322
111 2.61527156829834
112 2.7111964225769043
113 2.838704824447632
114 2.6964216232299805
115 2.756307601928711
116 2.970625638961792
117 2.777092456817627
118 3.0706827640533447
119 2.92160964012146
120 3.001758337020874
121 2.525928020477295
122 3.169992685317993
123 2.455164909362793
124 2.630711793899536
125 2.730194568634033
126 2.590467929840088
127 2.839986562728882
128 2.818452835083008
129 3.2697949409484863
130 2.5975005626678467
131 2.9026386737823486
132 3.839772939682007
133 3.069202423095703
134 3.4458138942718506
135 2.8020033836364746
136 2.4676921367645264
137 2.748133897781372
138 2.8496341705322266
139 2.7749414443969727
140 2.9532036781311035
141 2.9687721729278564
142 3.0369977951049805
143 2.6156959533691406
144 2.6252167224884033
145 2.851637840270996
146 2.81292986869812
147 2.5129477977752686
148 2.453143358230591
149 2.5176305770874023
150 3.1060938835144043
151 2.7635231018066406
152 3.0268921852111816
153 2.6896636486053467
154 2.912446975708008
155 2.925466775894165
156 2.7251367568969727
157 3.0074946880340576
158 3.245131015777588
159 2.9863839149475098
160 3.037294387817383
161 2.8226239681243896
162 2.666161060333252
163 2.6301329135894775
164 2.961437702178955
165 3.0935914516448975
166 2.8683741092681885
167 4.040279865264893
168 3.0101943016052246
169 2.7334835529327393
170 2.791330099105835
171 2.776041030883789
172 2.936924457550049
173 2.6454806327819824
174 2.7616801261901855
175 2.630587100982666
176 3.2340760231018066
177 3.115788459777832
178 3.0269887447357178
179 3.5202980041503906
180 3.063283681869507
181 2.761042833328247
182 2.704204559326172
183 2.47217059135437
184 2.801621913909912
185 3.2676446437835693
186 3.0334506034851074
187 3.3856964111328125
188 2.4060800075531006
189 2.5742316246032715
190 2.8221006393432617
191 2.9170448780059814
192 2.94164776802063
193 2.5982019901275635
194 2.8689119815826416
195 2.8784587383270264
196 2.696884870529175
197 2.8262717723846436
198 2.755044460296631
199 3.005352735519409
200 3.0889947414398193
