1 1.1885967254638672
2 1.0420883893966675
3 0.8808626532554626
4 0.7596251368522644
5 0.6615567207336426
6 0.5777020454406738
7 0.5134246945381165
8 0.4637199640274048
9 0.4209986627101898
10 0.3782868981361389
11 0.34022656083106995
12 0.30946293473243713
13 0.2857779860496521
14 0.26777830719947815
15 0.24812856316566467
16 0.2321523129940033
17 0.22248996794223785
18 0.21151599287986755
19 0.19948242604732513
20 0.1955278217792511
21 0.18764415383338928
22 0.1811152994632721
23 0.17168404161930084
24 0.1669129729270935
25 0.16165195405483246
26 0.16000887751579285
27 0.15527085959911346
28 0.15128451585769653
29 0.15025891363620758
30 0.14566956460475922
31 0.14477264881134033
32 0.14264234900474548
33 0.13897791504859924
34 0.1358436793088913
35 0.13651816546916962
36 0.13404542207717896
37 0.1293325275182724
38 0.1276932954788208
39 0.12889216840267181
40 0.1264704465866089
41 0.12460337579250336
42 0.12543810904026031
43 0.12248922139406204
44 0.11766796559095383
45 0.11647504568099976
46 0.12142591178417206
47 0.11677081882953644
48 0.11522021144628525
49 0.11468218266963959
50 0.11379333585500717
51 0.11378532648086548
52 0.10941886156797409
53 0.1177997961640358
54 0.10767216980457306
55 0.10676439851522446
56 0.11009509116411209
57 0.10465368628501892
58 0.10937923192977905
59 0.10805739462375641
60 0.10766278207302094
61 0.10113559663295746
62 0.10291057825088501
63 0.10675117373466492
64 0.10507950186729431
65 0.10027497261762619
66 0.10126527398824692
67 0.0969962552189827
68 0.0954720750451088
69 0.09568049758672714
70 0.09529291093349457
71 0.09666279703378677
72 0.09640173614025116
73 0.10081369429826736
74 0.09445083141326904
75 0.09053562581539154
76 0.09213732928037643
77 0.09279788285493851
78 0.09115753322839737
79 0.09248680621385574
80 0.09950010478496552
81 0.09148520231246948
82 0.08975981920957565
83 0.0941184014081955
84 0.0853857770562172
85 0.08631573617458344
86 0.09317439794540405
87 0.0879201665520668
88 0.08804365992546082
89 0.08692558109760284
90 0.08906383067369461
91 0.08664766699075699
92 0.08715653419494629
93 0.08602389693260193
94 0.08331317454576492
95 0.08244086802005768
96 0.08365508913993835
97 0.08645118027925491
98 0.08799653500318527
99 0.08485578000545502
100 0.08628837019205093
101 0.08477330952882767
102 0.08688285946846008
103 0.08179233968257904
104 0.07909969985485077
105 0.08083187788724899
106 0.085992731153965
107 0.07904928922653198
108 0.07898757606744766
109 0.08062927424907684
110 0.0806734710931778
111 0.07986752688884735
112 0.07815433293581009
113 0.07908783107995987
114 0.08066155016422272
115 0.07752830535173416
116 0.08012542128562927
117 0.07949519157409668
118 0.07631761580705643
119 0.07771555334329605
120 0.07588858157396317
121 0.08108673989772797
122 0.07775618135929108
123 0.07617104798555374
124 0.07831475138664246
125 0.07721269130706787
126 0.07574533671140671
127 0.07928501814603806
128 0.07402579486370087
129 0.07602282613515854
130 0.07356014102697372
131 0.07697753608226776
132 0.0739409402012825
133 0.07786397635936737
134 0.07507260143756866
135 0.07856481522321701
136 0.0827852189540863
137 0.0811593309044838
138 0.07735104858875275
139 0.08003968745470047
140 0.07732781767845154
141 0.07193904370069504
142 0.07237907499074936
143 0.07218257337808609
144 0.07098854333162308
145 0.07540760934352875
146 0.07268407195806503
147 0.07282808423042297
148 0.08504031598567963
149 0.07219402492046356
150 0.07352084666490555
151 0.06976451724767685
152 0.0694911926984787
153 0.06679392606019974
154 0.06786056607961655
155 0.06969711929559708
156 0.07035907357931137
157 0.06756749749183655
158 0.07183662056922913
159 0.07264386862516403
160 0.06750272214412689
161 0.07288308441638947
162 0.07139475643634796
163 0.06790193170309067
164 0.06963218003511429
165 0.07353255152702332
166 0.0723782479763031
167 0.06994085013866425
168 0.06811381876468658
169 0.07274508476257324
170 0.06610070914030075
171 0.0653257817029953
172 0.07081224024295807
173 0.0664546936750412
174 0.07065334171056747
175 0.07025131583213806
176 0.06644157320261002
177 0.06947097927331924
178 0.0660579651594162
179 0.06357957422733307
180 0.06879527866840363
181 0.06985808908939362
182 0.069215789437294
183 0.06423330307006836
184 0.06313415616750717
185 0.06466784328222275
186 0.0708916038274765
187 0.06702397763729095
188 0.06982388347387314
189 0.06474940478801727
190 0.0680428221821785
191 0.06706251949071884
192 0.06584887951612473
193 0.06685563176870346
194 0.06756004691123962
195 0.06878124922513962
196 0.06516338139772415
197 0.06502684205770493
198 0.06415002793073654
199 0.062125954777002335
200 0.0718054324388504
201 0.061007075011730194
202 0.06865859031677246
203 0.06654613465070724
204 0.06908567994832993
205 0.05928315967321396
206 0.06023840978741646
207 0.061616282910108566
208 0.06486731767654419
209 0.06599637866020203
210 0.06424254924058914
211 0.06435293704271317
212 0.06468671560287476
213 0.061242930591106415
214 0.06221351400017738
215 0.06337182223796844
216 0.06288088113069534
217 0.06215904653072357
218 0.06769996136426926
219 0.06185651198029518
220 0.06383135914802551
221 0.058450452983379364
222 0.0647183507680893
223 0.061015769839286804
224 0.0632961243391037
225 0.0673293024301529
226 0.05900856852531433
227 0.06183110922574997
228 0.06600277125835419
229 0.06155853718519211
230 0.060938816517591476
231 0.0641065388917923
232 0.05810771510004997
233 0.059232041239738464
234 0.05799268186092377
235 0.06287883967161179
236 0.06325702369213104
237 0.06564269214868546
238 0.06057270988821983
239 0.05829806625843048
240 0.0640888586640358
241 0.061502836644649506
242 0.06091030314564705
243 0.05979107692837715
244 0.06202614679932594
245 0.06153459474444389
246 0.06369516998529434
247 0.05794524773955345
248 0.058064840734004974
249 0.06338740140199661
250 0.05593019723892212
251 0.06297194957733154
252 0.05813424661755562
253 0.06005791574716568
254 0.06240431219339371
255 0.059153541922569275
256 0.056410711258649826
257 0.060984399169683456
258 0.05411643534898758
259 0.059388693422079086
260 0.06061882525682449
261 0.054342735558748245
262 0.05532180517911911
263 0.05668933317065239
264 0.06115901842713356
265 0.054543279111385345
266 0.06262163817882538
267 0.058414459228515625
268 0.06104697287082672
269 0.057156454771757126
270 0.06104559823870659
271 0.059850726276636124
272 0.05969992280006409
273 0.06440857797861099
274 0.05484863743185997
275 0.05609004944562912
276 0.06043872982263565
277 0.05823185667395592
278 0.05279746651649475
279 0.06093165650963783
280 0.057240601629018784
281 0.06132308021187782
282 0.06338798999786377
283 0.05807888135313988
284 0.05272173136472702
285 0.05907343327999115
286 0.05683315545320511
287 0.05691983178257942
288 0.06091858074069023
289 0.06264878809452057
290 0.0574769489467144
291 0.05822163075208664
292 0.058483801782131195
293 0.05911640450358391
294 0.0596054382622242
295 0.052688080817461014
296 0.053992051631212234
297 0.06101517006754875
298 0.05777465179562569
299 0.05399994179606438
300 0.0599423311650753
301 0.05523001775145531
302 0.05736485496163368
303 0.05882060155272484
304 0.0538700707256794
305 0.05417512357234955
306 0.053855251520872116
307 0.05402281880378723
308 0.05770748108625412
309 0.05286945030093193
310 0.061175908893346786
311 0.05685009807348251
312 0.05243771895766258
313 0.06011120229959488
314 0.05323737487196922
315 0.05815257132053375
316 0.05247039347887039
317 0.05884738266468048
318 0.055658500641584396
319 0.053171250969171524
320 0.054153040051460266
321 0.056989505887031555
322 0.053177934139966965
323 0.05183464661240578
324 0.06345781683921814
325 0.0540723018348217
326 0.051006074994802475
327 0.05044995993375778
328 0.05152232199907303
329 0.055976975709199905
330 0.051116619259119034
331 0.053263109177351
332 0.05358366295695305
333 0.05657952278852463
334 0.06020193547010422
335 0.05290713533759117
336 0.051512233912944794
337 0.04862913489341736
338 0.055754490196704865
339 0.053599026054143906
340 0.05325549840927124
341 0.055545344948768616
342 0.058203503489494324
343 0.05904705077409744
344 0.05263395234942436
345 0.049223266541957855
346 0.04965588450431824
347 0.06030959635972977
348 0.05250019580125809
349 0.054986514151096344
350 0.0558035783469677
351 0.05793774127960205
352 0.056489210575819016
353 0.05100598558783531
354 0.05602334812283516
355 0.053142402321100235
356 0.05897482857108116
357 0.04925507307052612
358 0.05778215080499649
359 0.054588254541158676
360 0.05372998118400574
361 0.05491487309336662
362 0.055451735854148865
363 0.05612899363040924
364 0.052854273468256
365 0.05334976688027382
366 0.05693957209587097
367 0.05451560392975807
368 0.056686267256736755
369 0.05262024328112602
370 0.052685633301734924
371 0.051955241709947586
372 0.05439821630716324
373 0.05119076371192932
374 0.05040881037712097
375 0.05306515097618103
376 0.05252989009022713
377 0.05342317000031471
378 0.05213852971792221
379 0.047554925084114075
380 0.05326098948717117
381 0.053599774837493896
382 0.049352262169122696
383 0.05054669827222824
384 0.052194979041814804
385 0.05524454265832901
386 0.048332057893276215
387 0.05311013013124466
388 0.04798281937837601
389 0.054122280329465866
390 0.06173500418663025
391 0.05134167894721031
392 0.0522804893553257
393 0.04984379559755325
394 0.04838099703192711
395 0.04886140301823616
396 0.04593905061483383
397 0.04713491350412369
398 0.04820732772350311
399 0.04774110019207001
400 0.05520166829228401
