1 1.1808006763458252
2 1.1285444498062134
3 1.0615822076797485
4 0.9963988661766052
5 0.9321497082710266
6 0.8705024719238281
7 0.816063404083252
8 0.7643958330154419
9 0.7211288809776306
10 0.6789419054985046
11 0.6527613997459412
12 0.6237842440605164
13 0.597933292388916
14 0.5745152235031128
15 0.5543799996376038
16 0.5325894355773926
17 0.5143685340881348
18 0.4957413375377655
19 0.47907376289367676
20 0.4626736044883728
21 0.44600507616996765
22 0.43281659483909607
23 0.41600286960601807
24 0.4044284224510193
25 0.3895340859889984
26 0.37898945808410645
27 0.3622189462184906
28 0.3540329039096832
29 0.34013834595680237
30 0.3312070369720459
31 0.31896910071372986
32 0.30765610933303833
33 0.29977744817733765
34 0.2906337082386017
35 0.28295400738716125
36 0.27671435475349426
37 0.2661210000514984
38 0.26076552271842957
39 0.252943754196167
40 0.247722789645195
41 0.24397827684879303
42 0.23485368490219116
43 0.23252490162849426
44 0.22529445588588715
45 0.2234741896390915
46 0.21956844627857208
47 0.21532733738422394
48 0.21137644350528717
49 0.2053488940000534
50 0.20471546053886414
51 0.20021820068359375
52 0.1966155618429184
53 0.1951766461133957
54 0.18912260234355927
55 0.18926134705543518
56 0.186666801571846
57 0.18260280787944794
58 0.1803545504808426
59 0.1779547780752182
60 0.17486141622066498
61 0.17333301901817322
62 0.1712930053472519
63 0.17157314717769623
64 0.1677018105983734
65 0.1650574803352356
66 0.16374357044696808
67 0.16181419789791107
68 0.16059724986553192
69 0.1591518074274063
70 0.1573873907327652
71 0.15629178285598755
72 0.15368139743804932
73 0.15398815274238586
74 0.15094512701034546
75 0.14981940388679504
76 0.15013550221920013
77 0.14608581364154816
78 0.1469709426164627
79 0.14561691880226135
80 0.14390747249126434
81 0.14272458851337433
82 0.1426531821489334
83 0.13864804804325104
84 0.141689732670784
85 0.1383933424949646
86 0.13852186501026154
87 0.13677924871444702
88 0.1374247521162033
89 0.13317370414733887
90 0.13399887084960938
91 0.13466547429561615
92 0.13333460688591003
93 0.13118357956409454
94 0.1307561993598938
95 0.13132570683956146
96 0.12993858754634857
97 0.12565936148166656
98 0.12642046809196472
99 0.12725554406642914
100 0.12477502971887589
101 0.1253511905670166
102 0.12166889756917953
103 0.12424811720848083
104 0.12294454872608185
105 0.12223642319440842
106 0.12153135985136032
107 0.12072432786226273
108 0.12102752178907394
109 0.12031380087137222
110 0.1178397610783577
111 0.11820675432682037
112 0.1145668625831604
113 0.1157187670469284
114 0.11807116121053696
115 0.11611701548099518
116 0.11513866484165192
117 0.11405352503061295
118 0.11260788887739182
119 0.11269423365592957
120 0.1131991520524025
121 0.11199843138456345
122 0.11252101510763168
123 0.11101426929235458
124 0.11089757084846497
125 0.11032222211360931
126 0.10714592039585114
127 0.10755817592144012
128 0.10868417471647263
129 0.10751410573720932
130 0.10853435844182968
131 0.10808070749044418
132 0.10588084906339645
133 0.10527393221855164
134 0.10642126947641373
135 0.10542788356542587
136 0.10889440029859543
137 0.10345590859651566
138 0.10604961961507797
139 0.10494345426559448
140 0.10390812158584595
141 0.10132268816232681
142 0.10206354409456253
143 0.10285274684429169
144 0.10189758241176605
145 0.10244245827198029
146 0.1009153202176094
147 0.09874675422906876
148 0.100392647087574
149 0.0998833104968071
150 0.10217156261205673
151 0.09975908696651459
152 0.10062256455421448
153 0.09721127152442932
154 0.09738606214523315
155 0.09942301362752914
156 0.09850805997848511
157 0.09642107039690018
158 0.09699340909719467
159 0.0960191935300827
160 0.09628427028656006
161 0.09737365692853928
162 0.09505688399076462
163 0.09529116749763489
164 0.09642806649208069
165 0.09428506344556808
166 0.09398648142814636
167 0.09507212787866592
168 0.09492813795804977
169 0.09433777630329132
170 0.09507051110267639
171 0.09276053309440613
172 0.09293682128190994
173 0.09404326230287552
174 0.09353504329919815
175 0.093543641269207
176 0.09005574136972427
177 0.0910969004034996
178 0.09037076681852341
179 0.09158089756965637
180 0.09204985201358795
181 0.08988819271326065
182 0.0918455719947815
183 0.09199778735637665
184 0.09242809563875198
185 0.08987797796726227
186 0.08960408717393875
187 0.0900108739733696
188 0.08913660049438477
189 0.09053755551576614
190 0.08561069518327713
191 0.08925525099039078
192 0.08931981027126312
193 0.0861942246556282
194 0.08920815587043762
195 0.08951327949762344
196 0.08810970187187195
197 0.08557738363742828
198 0.08797759562730789
199 0.0859314426779747
200 0.08661481738090515
201 0.08676644414663315
202 0.08708429336547852
203 0.0850110724568367
204 0.08616220951080322
205 0.08671044558286667
206 0.08477884531021118
207 0.08579874038696289
208 0.0843382477760315
209 0.08450383692979813
210 0.08435545861721039
211 0.08317060023546219
212 0.08424580097198486
213 0.0824323445558548
214 0.08342403918504715
215 0.08433203399181366
216 0.0845203623175621
217 0.08284682780504227
218 0.08312849700450897
219 0.08116117864847183
220 0.08171641081571579
221 0.08398085087537766
222 0.0797710120677948
223 0.0836942121386528
224 0.08251026272773743
225 0.08045509457588196
226 0.08053626120090485
227 0.08086729049682617
228 0.0792926698923111
229 0.08076602965593338
230 0.07972601056098938
231 0.08138622343540192
232 0.08058726042509079
233 0.08101462572813034
234 0.07978074252605438
235 0.07929377257823944
236 0.08027517050504684
237 0.08087118715047836
238 0.07970968633890152
239 0.07828886806964874
240 0.08035024255514145
241 0.08001664280891418
242 0.07791116088628769
243 0.08021149039268494
244 0.0796564519405365
245 0.07965260744094849
246 0.07773482799530029
247 0.07718076556921005
248 0.07873112708330154
249 0.07903419435024261
250 0.07648780196905136
251 0.0783676877617836
252 0.07739084959030151
253 0.0781385526061058
254 0.07775408029556274
255 0.0775924101471901
256 0.07663611322641373
257 0.07619033753871918
258 0.07523909956216812
259 0.075111985206604
260 0.07561290264129639
261 0.07642675191164017
262 0.07643149048089981
263 0.07706014066934586
264 0.07448399811983109
265 0.07445109635591507
266 0.0761776864528656
267 0.0764395147562027
268 0.07520508021116257
269 0.07397852092981339
270 0.07310255616903305
271 0.07478659600019455
272 0.07439857721328735
273 0.07401023805141449
274 0.07299775630235672
275 0.07496736198663712
276 0.07550127059221268
277 0.07116322964429855
278 0.0743180587887764
279 0.07395098358392715
280 0.0739901214838028
281 0.07319167256355286
282 0.07424592971801758
283 0.07029691338539124
284 0.07634301483631134
285 0.07217931002378464
286 0.074360191822052
287 0.07254630327224731
288 0.07240835577249527
289 0.07187125086784363
290 0.07268954813480377
291 0.07051806896924973
292 0.07159903645515442
293 0.07159898430109024
294 0.06968100368976593
295 0.07167929410934448
296 0.07193659991025925
297 0.07197298854589462
298 0.07039099931716919
299 0.07291422039270401
300 0.07133801281452179
301 0.07074461132287979
302 0.07039672136306763
303 0.07101311534643173
304 0.07145868986845016
305 0.06949148327112198
306 0.07150898873806
307 0.06939472258090973
308 0.07049862295389175
309 0.06890784949064255
310 0.07066559046506882
311 0.07046235352754593
312 0.07092290371656418
313 0.07311437278985977
314 0.06966423988342285
315 0.06828776001930237
316 0.07029905170202255
317 0.07023235410451889
318 0.07016043365001678
319 0.06915085762739182
320 0.06809955090284348
321 0.06888173520565033
322 0.0703079104423523
323 0.06919471174478531
324 0.06960761547088623
325 0.06904477626085281
326 0.06723471730947495
327 0.07046786695718765
328 0.06878822296857834
329 0.06837374716997147
330 0.06751439720392227
331 0.06670350581407547
332 0.06871781498193741
333 0.0680210143327713
334 0.06608724594116211
335 0.06833001971244812
336 0.06752200424671173
337 0.06905155628919601
338 0.06708382070064545
339 0.06757109612226486
340 0.06647702306509018
341 0.06651408225297928
342 0.0675579309463501
343 0.06896015256643295
344 0.06731855869293213
345 0.06656260043382645
346 0.06618920713663101
347 0.06617645174264908
348 0.0679410845041275
349 0.06749711185693741
350 0.06772460043430328
351 0.06633783131837845
352 0.0668317973613739
353 0.06788536161184311
354 0.06660652905702591
355 0.06521091610193253
356 0.0650935173034668
357 0.06627383083105087
358 0.06708025932312012
359 0.06411278992891312
360 0.06585284322500229
361 0.06478367745876312
362 0.06347483396530151
363 0.06751929223537445
364 0.0637701079249382
365 0.06670787930488586
366 0.06576519459486008
367 0.06580571830272675
368 0.06377487629652023
369 0.06540625542402267
370 0.06470351666212082
371 0.06365324556827545
372 0.06427395343780518
373 0.06604361534118652
374 0.06497280299663544
375 0.06433186680078506
376 0.0653490424156189
377 0.06425422430038452
378 0.06544284522533417
379 0.06396397203207016
380 0.06376384198665619
381 0.0642017051577568
382 0.06597142666578293
383 0.06343790888786316
384 0.06445237994194031
385 0.06183363497257233
386 0.06355970352888107
387 0.06235985457897186
388 0.06348677724599838
389 0.06359615176916122
390 0.06353756040334702
391 0.06289003044366837
392 0.06206042692065239
393 0.06245769187808037
394 0.06375951319932938
395 0.0635300874710083
396 0.06376279145479202
397 0.06352536380290985
398 0.06337528675794601
399 0.06191818788647652
400 0.06319829076528549
401 0.061603739857673645
402 0.06396564841270447
403 0.06339339911937714
404 0.06368326395750046
405 0.06198117509484291
406 0.06284359842538834
407 0.06247015669941902
408 0.05993921309709549
409 0.062382932752370834
410 0.06093306094408035
411 0.062022894620895386
412 0.06331314891576767
413 0.06318365037441254
414 0.06235647574067116
415 0.06110597401857376
416 0.061576008796691895
417 0.06395331770181656
418 0.0628625676035881
419 0.06181997433304787
420 0.05986788868904114
421 0.0610869862139225
422 0.06229396164417267
423 0.06259254366159439
424 0.06030174717307091
425 0.0592833012342453
426 0.061682526022195816
427 0.060446951538324356
428 0.062050919979810715
429 0.06030743569135666
430 0.06285560131072998
431 0.05869609862565994
432 0.06084415316581726
433 0.06130775809288025
434 0.05965617671608925
435 0.06230654940009117
436 0.05794225260615349
437 0.060187529772520065
438 0.06114035099744797
439 0.06111348792910576
440 0.05938907712697983
441 0.060786932706832886
442 0.05840229243040085
443 0.062111251056194305
444 0.05962059274315834
445 0.06039046496152878
446 0.06048896908760071
447 0.06055944412946701
448 0.059721726924180984
449 0.05800485238432884
450 0.06089308485388756
451 0.06021885573863983
452 0.0591459721326828
453 0.060003332793712616
454 0.06064958497881889
455 0.06009276211261749
456 0.05947818607091904
457 0.05944669619202614
458 0.0623386986553669
459 0.05787179246544838
460 0.06001893803477287
461 0.059969399124383926
462 0.06012455001473427
463 0.059908218681812286
464 0.0586356483399868
465 0.05639661103487015
466 0.0579700842499733
467 0.05915973708033562
468 0.058026157319545746
469 0.058560196310281754
470 0.05847299098968506
471 0.058815084397792816
472 0.058628737926483154
473 0.05900018289685249
474 0.05702457204461098
475 0.056614477187395096
476 0.0569809265434742
477 0.05891088768839836
478 0.0583711676299572
479 0.057471878826618195
480 0.05836972966790199
481 0.05856219306588173
482 0.05814804881811142
483 0.05675003305077553
484 0.05638069286942482
485 0.059803761541843414
486 0.05904507264494896
487 0.05533440038561821
488 0.058015622198581696
489 0.0552193783223629
490 0.057246193289756775
491 0.05703199282288551
492 0.05752931162714958
493 0.05835474282503128
494 0.05783570557832718
495 0.05712289735674858
496 0.057084694504737854
497 0.05662086233496666
498 0.058492619544267654
499 0.05771229788661003
500 0.05862719193100929
501 0.05683765187859535
502 0.0585314966738224
503 0.05791228637099266
504 0.0570475310087204
505 0.05577278882265091
506 0.05776633322238922
507 0.05739064887166023
508 0.055648401379585266
509 0.05832798406481743
510 0.056444425135850906
511 0.05516038089990616
512 0.05747229978442192
513 0.05313774198293686
514 0.05651070922613144
515 0.05652402341365814
516 0.056048810482025146
517 0.057020869106054306
518 0.05477862060070038
519 0.05795886740088463
520 0.057965900748968124
521 0.055963389575481415
522 0.05588212236762047
523 0.05833582207560539
524 0.05473059043288231
525 0.056475747376680374
526 0.05539253354072571
527 0.05600319802761078
528 0.05573127046227455
529 0.05681828409433365
530 0.05797918885946274
531 0.05750548839569092
532 0.05696297064423561
533 0.054752010852098465
534 0.05613415315747261
535 0.05387890338897705
536 0.05601810663938522
537 0.05373036488890648
538 0.0555289201438427
539 0.05509675294160843
540 0.05466432496905327
541 0.055446725338697433
542 0.05395381897687912
543 0.053739868104457855
544 0.05578416958451271
545 0.054498109966516495
546 0.05635262653231621
547 0.05355416238307953
548 0.054743845015764236
549 0.056653425097465515
550 0.053911738097667694
551 0.05553776025772095
552 0.05418842285871506
553 0.05358606204390526
554 0.05415579676628113
555 0.05539923533797264
556 0.05663275346159935
557 0.054057542234659195
558 0.05551629513502121
559 0.05632347986102104
560 0.05430089682340622
561 0.054964836686849594
562 0.0537678562104702
563 0.054138027131557465
564 0.055304743349552155
565 0.05618401989340782
566 0.05344264954328537
567 0.055184368044137955
568 0.05254814773797989
569 0.054635435342788696
570 0.05472010374069214
571 0.0531151182949543
572 0.053003959357738495
573 0.053669631481170654
574 0.05412746220827103
575 0.054255884140729904
576 0.05257340148091316
577 0.05357331410050392
578 0.053153105080127716
579 0.05452347919344902
580 0.053450461477041245
581 0.05459039285778999
582 0.054014258086681366
583 0.05302590876817703
584 0.054595399647951126
585 0.05543123558163643
586 0.05543243885040283
587 0.05145207419991493
588 0.0526827909052372
589 0.053710754960775375
590 0.054188694804906845
591 0.05307072773575783
592 0.05221819877624512
593 0.05266811326146126
594 0.05404041334986687
595 0.05404980853199959
596 0.05329117923974991
597 0.053435489535331726
598 0.0519726499915123
599 0.054049052298069
600 0.052670374512672424
601 0.05178552865982056
602 0.05204159766435623
603 0.052638690918684006
604 0.05227150768041611
605 0.053262531757354736
606 0.05298450589179993
607 0.05306480824947357
608 0.052413444966077805
609 0.05261385813355446
610 0.054756831377744675
611 0.05284157767891884
612 0.051056619733572006
613 0.05182982608675957
614 0.05108063295483589
615 0.05171506479382515
616 0.05350964888930321
617 0.052099209278821945
618 0.05160615220665932
619 0.05089825391769409
620 0.05317991226911545
621 0.051329635083675385
622 0.05218265578150749
623 0.05225954204797745
624 0.054651569575071335
625 0.05292282998561859
626 0.052729152143001556
627 0.05260235071182251
628 0.05425361543893814
629 0.05073168873786926
630 0.053176186978816986
631 0.04990364611148834
632 0.05068056657910347
633 0.05109398066997528
634 0.051477205008268356
635 0.052005574107170105
636 0.0512138195335865
637 0.052245836704969406
638 0.0502147376537323
639 0.053263407200574875
640 0.049460746347904205
641 0.05139103904366493
642 0.051707588136196136
643 0.05093648284673691
644 0.05008303374052048
645 0.05009785667061806
646 0.052113018929958344
647 0.05196894705295563
648 0.05215544253587723
649 0.05127507820725441
650 0.05124974623322487
651 0.04944165050983429
652 0.0505836084485054
653 0.04994557425379753
654 0.051084086298942566
655 0.051096364855766296
656 0.051689207553863525
657 0.05088665708899498
658 0.05266542360186577
659 0.05175264552235603
660 0.04977294057607651
661 0.049710843712091446
662 0.051975250244140625
663 0.05050445348024368
664 0.04909123107790947
665 0.0498952716588974
666 0.05113615468144417
667 0.05136340484023094
668 0.04939703270792961
669 0.04934036731719971
670 0.050949133932590485
671 0.05075143277645111
672 0.04944689944386482
673 0.05199502408504486
674 0.05102301388978958
675 0.049971893429756165
676 0.04858091101050377
677 0.05077110603451729
678 0.05014389008283615
679 0.051503751426935196
680 0.05025748908519745
681 0.04997377470135689
682 0.05140317231416702
683 0.052533991634845734
684 0.048874083906412125
685 0.04906060919165611
686 0.052843667566776276
687 0.048722729086875916
688 0.048295002430677414
689 0.04932187870144844
690 0.050514981150627136
691 0.0491919182240963
692 0.0480765663087368
693 0.047307323664426804
694 0.049413684755563736
695 0.04950958862900734
696 0.0473184734582901
697 0.048781272023916245
698 0.04695633053779602
699 0.04974250867962837
700 0.05057940632104874
701 0.05089760944247246
702 0.05014757066965103
703 0.050408147275447845
704 0.04914069548249245
705 0.051748402416706085
706 0.04899638146162033
707 0.04865915700793266
708 0.04930766299366951
709 0.04782308638095856
710 0.05105800926685333
711 0.04939078167080879
712 0.05077248811721802
713 0.048801157623529434
714 0.048994917422533035
715 0.045456089079380035
716 0.04827059805393219
717 0.05101709067821503
718 0.0481518991291523
719 0.048611242324113846
720 0.04891342669725418
721 0.04902448505163193
722 0.047356389462947845
723 0.048768676817417145
724 0.04972267523407936
725 0.05002728849649429
726 0.04934491217136383
727 0.049239080399274826
728 0.05033459514379501
729 0.04742882773280144
730 0.051789842545986176
731 0.04792553186416626
732 0.047992464154958725
733 0.04961644858121872
734 0.046821750700473785
735 0.04925661161541939
736 0.0468379445374012
737 0.04897453263401985
738 0.04891261085867882
739 0.04889601841568947
740 0.04669689014554024
741 0.047108303755521774
742 0.04852822795510292
743 0.0486055389046669
744 0.04676632955670357
745 0.04894879087805748
746 0.04664226993918419
747 0.046737514436244965
748 0.04733648523688316
749 0.04918885603547096
750 0.04498099163174629
751 0.04802476242184639
752 0.04884571209549904
753 0.048998717218637466
754 0.04865988343954086
755 0.04799187183380127
756 0.047707971185445786
757 0.04960380867123604
758 0.049457158893346786
759 0.0492502823472023
760 0.04894956946372986
761 0.04829204082489014
762 0.049314528703689575
763 0.04822723940014839
764 0.04770227149128914
765 0.04472889006137848
766 0.04723730683326721
767 0.04849429056048393
768 0.046870358288288116
769 0.04820691794157028
770 0.04727177321910858
771 0.04737062752246857
772 0.04950603470206261
773 0.04734230041503906
774 0.04902227967977524
775 0.04809386655688286
776 0.0464799739420414
777 0.04504946619272232
778 0.04786228388547897
779 0.04724534973502159
780 0.0465211346745491
781 0.0479329489171505
782 0.04714858531951904
783 0.04934815689921379
784 0.04829663783311844
785 0.04802286624908447
786 0.04758942127227783
787 0.0461723655462265
788 0.04667054861783981
789 0.04791815206408501
790 0.04802830144762993
791 0.048321813344955444
792 0.047638796269893646
793 0.048897892236709595
794 0.047795455902814865
795 0.046587709337472916
796 0.04590431973338127
797 0.047356799244880676
798 0.04817777872085571
799 0.046468958258628845
800 0.05018483102321625
