1 1.7899751663208008
2 1.446867823600769
3 1.4203449487686157
4 1.4727402925491333
5 1.4755867719650269
6 1.419293761253357
7 1.3824695348739624
8 1.4390181303024292
9 1.4394174814224243
10 1.4948722124099731
11 1.428678274154663
12 1.496903419494629
13 1.4842840433120728
14 1.4468914270401
15 1.391613245010376
16 1.4095932245254517
17 1.4387837648391724
18 1.4529731273651123
19 1.421290397644043
20 1.5870895385742188
21 1.476518988609314
22 1.4489842653274536
23 1.4160573482513428
24 1.3700000047683716
25 1.4124507904052734
26 1.4021779298782349
27 1.49209725856781
28 1.5111119747161865
29 1.405141830444336
30 1.438825249671936
31 1.3742347955703735
32 1.4003597497940063
33 1.447563648223877
34 1.4532653093338013
35 1.466963529586792
36 1.4517765045166016
37 1.4504421949386597
38 1.462689757347107
39 1.5035309791564941
40 1.40570867061615
41 1.4021574258804321
42 1.385343074798584
43 1.4356173276901245
44 1.4608412981033325
45 1.4141738414764404
46 1.409101963043213
47 1.4255667924880981
48 1.417259931564331
49 1.442567229270935
50 1.3803682327270508
51 1.4441560506820679
52 1.4105030298233032
53 1.3918920755386353
54 1.4172892570495605
55 1.3958089351654053
56 1.4090840816497803
57 1.4147694110870361
58 1.4966267347335815
59 1.425482153892517
60 1.4246199131011963
61 1.4455794095993042
62 1.4693279266357422
63 1.5318294763565063
64 1.4308208227157593
65 1.420817255973816
66 1.371055245399475
67 1.3968578577041626
68 1.4097799062728882
69 1.5152781009674072
70 1.4109090566635132
71 1.4120205640792847
72 1.4103975296020508
73 1.4060304164886475
74 1.4672304391860962
75 1.4109641313552856
76 1.40438711643219
77 1.441591739654541
78 1.3632675409317017
79 1.4265613555908203
80 1.4571563005447388
81 1.4198603630065918
82 1.392093300819397
83 1.4179657697677612
84 1.4039852619171143
85 1.5327502489089966
86 1.4238710403442383
87 1.433479905128479
88 1.465118408203125
89 1.418109655380249
90 1.4539318084716797
91 1.383345365524292
92 1.4356601238250732
93 1.4808900356292725
94 1.431075096130371
95 1.4745444059371948
96 1.5016975402832031
97 1.4897021055221558
98 1.4265260696411133
99 1.481957197189331
100 1.4745265245437622
101 1.4600640535354614
102 1.4462978839874268
103 1.4311902523040771
104 1.4444618225097656
105 1.4559481143951416
106 1.4918369054794312
107 1.407269835472107
108 1.3937573432922363
109 1.4752906560897827
110 1.4112528562545776
111 1.4456251859664917
112 1.4113332033157349
113 1.4601824283599854
114 1.3642115592956543
115 1.486180305480957
116 1.4263522624969482
117 1.450518012046814
118 1.4395737648010254
119 1.502922773361206
120 1.369612216949463
121 1.4269912242889404
122 1.4613198041915894
123 1.4174468517303467
124 1.4386540651321411
125 1.3999689817428589
126 1.4211080074310303
127 1.4129481315612793
128 1.4597305059432983
129 1.4528274536132812
130 1.4747436046600342
131 1.4742755889892578
132 1.4078502655029297
133 1.4451265335083008
134 1.4868801832199097
135 1.4039982557296753
136 1.4074043035507202
137 1.4375923871994019
138 1.4153507947921753
139 1.4129762649536133
140 1.4433469772338867
141 1.5037962198257446
142 1.4778130054473877
143 1.4440898895263672
144 1.3845802545547485
145 1.4592949151992798
146 1.3941009044647217
147 1.476962685585022
148 1.3638311624526978
149 1.4085742235183716
150 1.4448426961898804
151 1.474625825881958
152 1.4164429903030396
153 1.4352577924728394
154 1.4810670614242554
155 1.4647036790847778
156 1.428039789199829
157 1.3959383964538574
158 1.502335786819458
159 1.4119809865951538
160 1.4399442672729492
161 1.4193881750106812
162 1.4597278833389282
163 1.499495506286621
164 1.4855339527130127
165 1.43912935256958
166 1.4163379669189453
167 1.3906813859939575
168 1.5620684623718262
169 1.4470587968826294
170 1.4282742738723755
171 1.4172662496566772
172 1.4979695081710815
173 1.4194211959838867
174 1.3936952352523804
175 1.489752173423767
176 1.4064714908599854
177 1.4196377992630005
178 1.4605281352996826
179 1.4980329275131226
180 1.4106732606887817
181 1.4157177209854126
182 1.432771921157837
183 1.4168837070465088
184 1.431565523147583
185 1.4500590562820435
186 1.4886916875839233
187 1.4574004411697388
188 1.5005261898040771
189 1.4816395044326782
190 1.4356508255004883
191 1.4777023792266846
192 1.459463119506836
193 1.412550449371338
194 1.4484508037567139
195 1.4470704793930054
196 1.4060657024383545
197 1.4902312755584717
198 1.4401421546936035
199 1.3973137140274048
200 1.38187575340271
