1 1.4649181365966797
2 1.2873786687850952
3 1.0249762535095215
4 0.9095491766929626
5 0.9291637539863586
6 0.857995331287384
7 0.8516866564750671
8 0.855964183807373
9 0.8844993114471436
10 0.8012677431106567
11 0.8254811763763428
12 0.7950292229652405
13 0.9563326239585876
14 0.8549639582633972
15 0.8424610495567322
16 0.8199447989463806
17 0.8925461173057556
18 0.7785887718200684
19 0.7947261929512024
20 0.8284603357315063
21 0.8099884986877441
22 0.7996879816055298
23 0.7668259143829346
24 0.7461659908294678
25 0.8254472017288208
26 0.7832154631614685
27 0.7944673895835876
28 0.8051971197128296
29 0.7725794315338135
30 0.7818831205368042
31 0.7909454107284546
32 0.7954828143119812
33 0.7726155519485474
34 0.7656388878822327
35 0.7413181662559509
36 0.7566463947296143
37 0.7714710235595703
38 0.7815129160881042
39 0.7891109585762024
40 0.773735523223877
41 0.7444535493850708
42 0.7914856672286987
43 0.8209173083305359
44 0.7776488065719604
45 0.7820606827735901
46 0.8147076368331909
47 0.7399592399597168
48 0.7652512192726135
49 0.8044594526290894
50 0.7770920395851135
51 0.7733919620513916
52 0.8824809193611145
53 0.8194789886474609
54 0.7477859258651733
55 0.789668083190918
56 0.7273306846618652
57 0.8581969141960144
58 0.7508281469345093
59 0.7333682179450989
60 0.8267896771430969
61 0.7215986251831055
62 0.8005561828613281
63 0.783958911895752
64 0.7593134045600891
65 0.7634439468383789
66 0.7717724442481995
67 0.7787904739379883
68 0.7495118975639343
69 0.7533730268478394
70 0.7434517741203308
71 0.7960111498832703
72 0.7718326449394226
73 0.7898644804954529
74 0.7692460417747498
75 0.811845600605011
76 0.795103907585144
77 0.766265332698822
78 0.7925413250923157
79 0.7756264805793762
80 0.8256962299346924
81 0.8112306594848633
82 0.7709848284721375
83 0.7136829495429993
84 0.755871057510376
85 0.8826492428779602
86 0.7648572325706482
87 0.7646024823188782
88 0.7917393445968628
89 0.8157414197921753
90 0.7909403443336487
91 0.7747626304626465
92 0.7899234890937805
93 0.7347352504730225
94 0.846207320690155
95 0.7753018736839294
96 0.7641914486885071
97 0.8203030824661255
98 0.824720561504364
99 0.7659234404563904
100 0.8100873827934265
101 0.7827934622764587
102 0.7756191492080688
103 0.7752260565757751
104 0.797814130783081
105 0.8185696005821228
106 0.7292999029159546
107 0.724429190158844
108 0.7837309241294861
109 0.8443260192871094
110 0.764136791229248
111 0.7953537702560425
112 0.8015750050544739
113 0.7769010663032532
114 0.7317445278167725
115 0.7923437356948853
116 0.764614462852478
117 0.7705320119857788
118 0.7918584942817688
119 0.7306694388389587
120 0.6810723543167114
121 0.8134011626243591
122 0.7725276947021484
123 0.7326929569244385
124 0.7839999794960022
125 0.8406867980957031
126 0.8000358939170837
127 0.8007599115371704
128 0.767662763595581
129 0.7532849311828613
130 0.7285093665122986
131 0.7612367272377014
132 0.8063839673995972
133 0.7576640844345093
134 0.791866660118103
135 0.7581434845924377
136 0.8114848136901855
137 0.7612801790237427
138 0.7921217083930969
139 0.757491946220398
140 0.7631933689117432
141 0.7483510971069336
142 0.9839001297950745
143 0.7230880260467529
144 0.7570937871932983
145 0.745464026927948
146 0.7625576257705688
147 0.7633830904960632
148 0.7586411237716675
149 0.749784529209137
150 0.7164560556411743
151 0.7297697067260742
152 0.7596664428710938
153 0.7677683234214783
154 0.7966685891151428
155 0.7740522027015686
156 0.7371585369110107
157 0.7774880528450012
158 0.8211521506309509
159 0.7348388433456421
160 0.7984662055969238
161 0.7493669390678406
162 0.7786954641342163
163 0.7445522546768188
164 0.7803844809532166
165 0.7079685926437378
166 0.8314284086227417
167 0.7067031860351562
168 0.8036252856254578
169 0.7015028595924377
170 0.8078573942184448
171 0.7110176086425781
172 0.7757257223129272
173 0.772454559803009
174 0.7349675297737122
175 0.764948844909668
176 0.790630578994751
177 0.8129452466964722
178 0.6888819932937622
179 0.8067905902862549
180 0.7179937362670898
181 0.7738422155380249
182 0.7771493196487427
183 0.7798173427581787
184 0.7457427978515625
185 0.7099173069000244
186 0.7728639841079712
187 0.7842430472373962
188 0.7040361166000366
189 0.7458271384239197
190 0.7434349060058594
191 0.769977867603302
192 0.7547075152397156
193 0.738389253616333
194 0.9207082390785217
195 0.7494877576828003
196 0.7241734266281128
197 0.8051328659057617
198 0.7804419994354248
199 0.7649891376495361
200 0.908202052116394
201 0.7387809157371521
202 0.749143123626709
203 0.8134137988090515
204 0.7507299780845642
205 0.7078593373298645
206 0.7580358982086182
207 0.7548850774765015
208 0.7729479670524597
209 0.7545047402381897
210 0.7626565098762512
211 0.724660336971283
212 0.7679110765457153
213 0.8259802460670471
214 0.7148904800415039
215 0.7876157164573669
216 0.7344986200332642
217 0.8105295300483704
218 0.705538272857666
219 0.7511869668960571
220 0.8073835372924805
221 0.7436595559120178
222 0.7527661919593811
223 0.818766713142395
224 0.839256227016449
225 0.6763188242912292
226 0.7883740663528442
227 0.747610867023468
228 0.7206969857215881
229 0.7417648434638977
230 0.768333911895752
231 0.7415703535079956
232 0.7383524179458618
233 0.7348151206970215
234 0.7715129852294922
235 0.7225632071495056
236 0.7845926880836487
237 0.7406100630760193
238 0.7553654313087463
239 0.7191965579986572
240 0.7254579067230225
241 0.7720005512237549
242 0.7318246364593506
243 0.7402448058128357
244 0.8808704614639282
245 0.8555863499641418
246 0.7226035594940186
247 0.8340067863464355
248 0.8235677480697632
249 0.8276307582855225
250 0.7154988050460815
251 0.7612242102622986
252 0.7603400945663452
253 0.8172709345817566
254 0.7539340257644653
255 0.7418424487113953
256 0.7878522872924805
257 0.7102848887443542
258 0.7275829911231995
259 0.7435474395751953
260 0.9186295866966248
261 0.8273330926895142
262 0.7401763796806335
263 0.7196197509765625
264 0.7789686322212219
265 0.7479221820831299
266 0.8028688430786133
267 0.7131712436676025
268 0.749009370803833
269 0.7221302390098572
270 0.7269590497016907
271 0.7636001706123352
272 0.7288735508918762
273 0.7877772450447083
274 0.7224646210670471
275 0.7592122554779053
276 0.7506104111671448
277 0.7256726026535034
278 0.804240345954895
279 0.7998197674751282
280 0.7987587451934814
281 0.7342074513435364
282 0.7594855427742004
283 0.8310346603393555
284 0.7257503867149353
285 0.8091020584106445
286 0.7144557237625122
287 0.7371187210083008
288 0.8993434906005859
289 0.7586768865585327
290 0.7186703085899353
291 0.7779739499092102
292 0.7874224185943604
293 0.751658022403717
294 0.7172558903694153
295 0.7578511834144592
296 0.8139615654945374
297 0.7342536449432373
298 0.7288402915000916
299 0.7698560357093811
300 0.7651235461235046
301 0.7643905282020569
302 0.7341488599777222
303 0.7447381019592285
304 0.7806984186172485
305 0.7270482182502747
306 0.7150753736495972
307 0.7484063506126404
308 0.7465800046920776
309 0.867966890335083
310 0.783844530582428
311 0.764991044998169
312 0.7452780604362488
313 0.7712171077728271
314 0.6944385766983032
315 0.7524071335792542
316 0.7318248748779297
317 0.7300889492034912
318 0.7553774118423462
319 0.7179418802261353
320 0.7919307351112366
321 0.7611883282661438
322 0.7123053073883057
323 0.8776093125343323
324 0.7504123449325562
325 0.7324053049087524
326 0.7666365504264832
327 0.7412669658660889
328 0.7854175567626953
329 0.7593100070953369
330 0.7333331108093262
331 0.7201576828956604
332 0.7972425222396851
333 0.7240922451019287
334 0.7335328459739685
335 0.8532687425613403
336 0.7279377579689026
337 0.7559321522712708
338 0.7554680109024048
339 0.7310833930969238
340 0.7232775688171387
341 0.7525899410247803
342 0.7569881081581116
343 0.7257304191589355
344 0.7666152119636536
345 0.7823290228843689
346 0.7199584245681763
347 0.793883204460144
348 0.712030291557312
349 0.7550922632217407
350 0.7364292740821838
351 0.6904319524765015
352 0.8476144075393677
353 0.7202373147010803
354 0.8095240592956543
355 0.8714521527290344
356 0.8301087021827698
357 0.7392733097076416
358 0.8232861161231995
359 0.7739731669425964
360 0.7221496105194092
361 0.7628713846206665
362 0.7486063838005066
363 0.7493935227394104
364 0.7411276698112488
365 0.7542541027069092
366 0.71183180809021
367 0.7530791163444519
368 0.8193357586860657
369 0.785089373588562
370 0.7334879040718079
371 0.7230051159858704
372 0.7411465644836426
373 0.7001344561576843
374 0.7849012613296509
375 0.7148017883300781
376 0.7188170552253723
377 0.7431979775428772
378 0.7195646166801453
379 0.765113353729248
380 0.7395454049110413
381 0.769336462020874
382 0.7193429470062256
383 0.7426042556762695
384 0.8699358105659485
385 0.7242745757102966
386 0.7566976547241211
387 0.732545018196106
388 0.7729766964912415
389 0.7308126091957092
390 0.7673180103302002
391 0.7179348468780518
392 0.7872462868690491
393 0.8111303448677063
394 0.7156163454055786
395 0.6970294713973999
396 0.7461787462234497
397 0.7180939316749573
398 0.7650551795959473
399 0.765722393989563
400 0.8253784775733948
