1 1.0888667106628418
2 0.7684909105300903
3 0.6072885394096375
4 0.5095198154449463
5 0.45655569434165955
6 0.39152824878692627
7 0.37610378861427307
8 0.33662909269332886
9 0.3087533414363861
10 0.29887521266937256
11 0.3057221472263336
12 0.26854172348976135
13 0.2847672402858734
14 0.26198211312294006
15 0.23467446863651276
16 0.2502726912498474
17 0.22321738302707672
18 0.21945761144161224
19 0.22481168806552887
20 0.21676874160766602
21 0.22474297881126404
22 0.2214820832014084
23 0.20151114463806152
24 0.2003067582845688
25 0.2174907624721527
26 0.18771480023860931
27 0.20002958178520203
28 0.1859322339296341
29 0.1970316469669342
30 0.19223682582378387
31 0.1724594384431839
32 0.19989758729934692
33 0.1969601809978485
34 0.18999861180782318
35 0.17453886568546295
36 0.19303525984287262
37 0.1971530020236969
38 0.16565638780593872
39 0.1953931599855423
40 0.17523252964019775
41 0.16626371443271637
42 0.19213823974132538
43 0.16916392743587494
44 0.15752258896827698
45 0.17813129723072052
46 0.1713537573814392
47 0.16436702013015747
48 0.15527015924453735
49 0.16140829026699066
50 0.1665913611650467
51 0.1691850870847702
52 0.15710115432739258
53 0.159371018409729
54 0.1653629094362259
55 0.16000334918498993
56 0.15928444266319275
57 0.14820799231529236
58 0.15125560760498047
59 0.14810965955257416
60 0.157161682844162
61 0.14948837459087372
62 0.15386128425598145
63 0.14666424691677094
64 0.14620450139045715
65 0.14441891014575958
66 0.15034736692905426
67 0.12760145962238312
68 0.14920464158058167
69 0.15032431483268738
70 0.1434623748064041
71 0.13623318076133728
72 0.15542326867580414
73 0.13947974145412445
74 0.1419416218996048
75 0.1420810967683792
76 0.1361376792192459
77 0.14242596924304962
78 0.13676336407661438
79 0.14602209627628326
80 0.1322418749332428
81 0.12677282094955444
82 0.1420915126800537
83 0.1305762380361557
84 0.13612644374370575
85 0.13380029797554016
86 0.13506053388118744
87 0.14689619839191437
88 0.13376326858997345
89 0.14282158017158508
90 0.12918710708618164
91 0.12939323484897614
92 0.14026199281215668
93 0.12929877638816833
94 0.13097968697547913
95 0.12583982944488525
96 0.12805649638175964
97 0.12950339913368225
98 0.1435917466878891
99 0.12630197405815125
100 0.13696035742759705
101 0.1278354674577713
102 0.14169873297214508
103 0.11497106403112411
104 0.12454191595315933
105 0.12053922563791275
106 0.13289198279380798
107 0.12724865972995758
108 0.11822264641523361
109 0.12471949309110641
110 0.1367136687040329
111 0.12213354557752609
112 0.11499761044979095
113 0.133408322930336
114 0.12485605478286743
115 0.11658792197704315
116 0.1311948299407959
117 0.12600727379322052
118 0.12210554629564285
119 0.12151134014129639
120 0.11126118898391724
121 0.12535923719406128
122 0.11199241131544113
123 0.12957057356834412
124 0.12354400008916855
125 0.11574988067150116
126 0.12826766073703766
127 0.1248956024646759
128 0.11445851624011993
129 0.11941339075565338
130 0.11114296317100525
131 0.11120668053627014
132 0.112462617456913
133 0.11777368932962418
134 0.11798219382762909
135 0.12671583890914917
136 0.1236073300242424
137 0.10902806371450424
138 0.1196884885430336
139 0.12240786105394363
140 0.1206875741481781
141 0.11618095636367798
142 0.10618964582681656
143 0.11974255740642548
144 0.10609754920005798
145 0.12204886972904205
146 0.11653806269168854
147 0.10830512642860413
148 0.11773078143596649
149 0.11988446116447449
150 0.12145911902189255
151 0.11380444467067719
152 0.11356759071350098
153 0.11278703063726425
154 0.10500401258468628
155 0.118733249604702
156 0.10673285275697708
157 0.11214365065097809
158 0.10799457877874374
159 0.11081594973802567
160 0.10524045675992966
161 0.1163768321275711
162 0.1092425137758255
163 0.10502712428569794
164 0.12269046902656555
165 0.10992252826690674
166 0.11278943717479706
167 0.11237524449825287
168 0.10699266195297241
169 0.12145370990037918
170 0.10679478943347931
171 0.1177913248538971
172 0.10681142657995224
173 0.11307908594608307
174 0.11023471504449844
175 0.11989592015743256
176 0.09979419410228729
177 0.1172959953546524
178 0.11216031759977341
179 0.11489161103963852
180 0.11423664540052414
181 0.10218201577663422
182 0.1166723370552063
183 0.10251020640134811
184 0.11468000710010529
185 0.11084208637475967
186 0.10637395828962326
187 0.10470549762248993
188 0.1165088638663292
189 0.1093519851565361
190 0.12313971668481827
191 0.10069427639245987
192 0.12014418840408325
193 0.09926247596740723
194 0.11521583050489426
195 0.1088133305311203
196 0.10413730144500732
197 0.11021353304386139
198 0.10796453803777695
199 0.10277239233255386
200 0.11735571175813675
