1 1.1137187480926514
2 0.8519152998924255
3 0.7062689661979675
4 0.6187565922737122
5 0.557475745677948
6 0.5273969173431396
7 0.4814820885658264
8 0.4651573598384857
9 0.4350582957267761
10 0.42644402384757996
11 0.40465715527534485
12 0.3841780126094818
13 0.37882229685783386
14 0.3705543577671051
15 0.3523131310939789
16 0.3548116683959961
17 0.344122976064682
18 0.34057480096817017
19 0.3358669579029083
20 0.3250177800655365
21 0.314335435628891
22 0.31800034642219543
23 0.30714377760887146
24 0.3091028034687042
25 0.3068346083164215
26 0.29656481742858887
27 0.29720622301101685
28 0.29322752356529236
29 0.2809959352016449
30 0.2905421257019043
31 0.27967166900634766
32 0.27653488516807556
33 0.2822832763195038
34 0.2778143584728241
35 0.26533645391464233
36 0.2722637951374054
37 0.26879268884658813
38 0.26536664366722107
39 0.2588864266872406
40 0.26631441712379456
41 0.255983829498291
42 0.25501108169555664
43 0.2581409513950348
44 0.25807058811187744
45 0.2601148784160614
46 0.25938594341278076
47 0.26321008801460266
48 0.25251081585884094
49 0.25405848026275635
50 0.2506977617740631
51 0.25404295325279236
52 0.25382721424102783
53 0.2535017430782318
54 0.23970453441143036
55 0.24830663204193115
56 0.24405483901500702
57 0.2446977198123932
58 0.24680611491203308
59 0.24182361364364624
60 0.2441566437482834
61 0.251270055770874
62 0.24059325456619263
63 0.2444116473197937
64 0.24434463679790497
65 0.24809107184410095
66 0.2404392957687378
67 0.2421131134033203
68 0.24226287007331848
69 0.2435377538204193
70 0.2412678748369217
71 0.2433900088071823
72 0.24467763304710388
73 0.23015691339969635
74 0.23818561434745789
75 0.2504143714904785
76 0.23756486177444458
77 0.23574207723140717
78 0.23966577649116516
79 0.2397405058145523
80 0.24181881546974182
81 0.23583710193634033
82 0.24043039977550507
83 0.23055030405521393
84 0.23824872076511383
85 0.2357770800590515
86 0.23468752205371857
87 0.23733346164226532
88 0.24005873501300812
89 0.23143094778060913
90 0.22965727746486664
91 0.2367730289697647
92 0.23456858098506927
93 0.2417752593755722
94 0.2384861707687378
95 0.24107259511947632
96 0.22560551762580872
97 0.22873274981975555
98 0.2411121279001236
99 0.23247872292995453
100 0.22824542224407196
101 0.24438287317752838
102 0.2286446988582611
103 0.2348061054944992
104 0.23807547986507416
105 0.22433409094810486
106 0.22564852237701416
107 0.22859995067119598
108 0.22729343175888062
109 0.23836581408977509
110 0.23237645626068115
111 0.2293262630701065
112 0.23262706398963928
113 0.22597940266132355
114 0.22788812220096588
115 0.23301856219768524
116 0.22643470764160156
117 0.2246706187725067
118 0.22222690284252167
119 0.23006851971149445
120 0.227361261844635
121 0.22775378823280334
122 0.22830739617347717
123 0.2232101708650589
124 0.2227572351694107
125 0.22374913096427917
126 0.22932246327400208
127 0.23323525488376617
128 0.23762071132659912
129 0.22100801765918732
130 0.2280108779668808
131 0.2346280962228775
132 0.22858338057994843
133 0.22015692293643951
134 0.23453430831432343
135 0.23367933928966522
136 0.22373884916305542
137 0.22465045750141144
138 0.22552615404129028
139 0.23368461430072784
140 0.2183012068271637
141 0.23612749576568604
142 0.2192974090576172
143 0.22929075360298157
144 0.2280096560716629
145 0.22674712538719177
146 0.23397217690944672
147 0.22988858819007874
148 0.22540360689163208
149 0.22652997076511383
150 0.22172927856445312
151 0.2341354936361313
152 0.2248501032590866
153 0.23064447939395905
154 0.22459787130355835
155 0.22187025845050812
156 0.23189349472522736
157 0.22431346774101257
158 0.22530396282672882
159 0.21685561537742615
160 0.23218601942062378
161 0.21999546885490417
162 0.22692249715328217
163 0.2138521820306778
164 0.2239883691072464
165 0.2224302440881729
166 0.22053025662899017
167 0.22048555314540863
168 0.21514205634593964
169 0.21793058514595032
170 0.22807282209396362
171 0.22686831653118134
172 0.23513437807559967
173 0.23299546539783478
174 0.22654244303703308
175 0.22513844072818756
176 0.23814047873020172
177 0.21758779883384705
178 0.22542136907577515
179 0.22022584080696106
180 0.218755841255188
181 0.21887612342834473
182 0.21803680062294006
183 0.22278426587581635
184 0.22151097655296326
185 0.22398075461387634
186 0.21801991760730743
187 0.21300412714481354
188 0.23173527419567108
189 0.21420152485370636
190 0.23180001974105835
191 0.22571277618408203
192 0.22363832592964172
193 0.22710853815078735
194 0.22554469108581543
195 0.2240866720676422
196 0.23166000843048096
197 0.2246752828359604
198 0.22423581779003143
199 0.23430000245571136
200 0.2214810997247696
201 0.2261638194322586
202 0.2092234343290329
203 0.23109354078769684
204 0.2192644625902176
205 0.22621028125286102
206 0.2258039116859436
207 0.20694880187511444
208 0.22332508862018585
209 0.20771673321723938
210 0.2133236974477768
211 0.2299829125404358
212 0.21166443824768066
213 0.21890489757061005
214 0.214556023478508
215 0.2243356555700302
216 0.23125240206718445
217 0.22234585881233215
218 0.2208399623632431
219 0.22255758941173553
220 0.237489715218544
221 0.21673478186130524
222 0.21633876860141754
223 0.2381720244884491
224 0.2241392433643341
225 0.22018790245056152
226 0.22136223316192627
227 0.22201569378376007
228 0.21417129039764404
229 0.21502754092216492
230 0.22742722928524017
231 0.2231205850839615
232 0.2180548459291458
233 0.22319935262203217
234 0.2082287222146988
235 0.22453606128692627
236 0.21747787296772003
237 0.22915330529212952
238 0.21441590785980225
239 0.2202705442905426
240 0.21515819430351257
241 0.22237923741340637
242 0.21216844022274017
243 0.21509189903736115
244 0.217295840382576
245 0.22544442117214203
246 0.21207140386104584
247 0.2199627310037613
248 0.21993497014045715
249 0.21014201641082764
250 0.2198236733675003
251 0.21747365593910217
252 0.21819111704826355
253 0.2271108627319336
254 0.21931394934654236
255 0.23152311146259308
256 0.21684810519218445
257 0.20669518411159515
258 0.22085659205913544
259 0.22283212840557098
260 0.22301185131072998
261 0.22110703587532043
262 0.21482717990875244
263 0.216287761926651
264 0.2162514179944992
265 0.21762192249298096
266 0.22044406831264496
267 0.2238006740808487
268 0.21454189717769623
269 0.23473212122917175
270 0.2009468823671341
271 0.22512511909008026
272 0.21799252927303314
273 0.2290230542421341
274 0.22474980354309082
275 0.21213802695274353
276 0.2207200825214386
277 0.21475788950920105
278 0.2241186499595642
279 0.20648638904094696
280 0.22867678105831146
281 0.23054707050323486
282 0.21860693395137787
283 0.21210724115371704
284 0.2197594940662384
285 0.21262226998806
286 0.21708886325359344
287 0.20745795965194702
288 0.2209961861371994
289 0.21127954125404358
290 0.21320004761219025
291 0.22227729856967926
292 0.21297746896743774
293 0.22488848865032196
294 0.22097079455852509
295 0.21504195034503937
296 0.2275763601064682
297 0.2226935774087906
298 0.2209208607673645
299 0.2125769853591919
300 0.21480654180049896
301 0.21941445767879486
302 0.21643362939357758
303 0.2266119420528412
304 0.21089382469654083
305 0.2199590802192688
306 0.220441073179245
307 0.22862040996551514
308 0.2213352620601654
309 0.21454115211963654
310 0.22321651875972748
311 0.22551728785037994
312 0.21329432725906372
313 0.2177075445652008
314 0.22175003588199615
315 0.20441506803035736
316 0.22201818227767944
317 0.21550936996936798
318 0.21983355283737183
319 0.23190538585186005
320 0.21981894969940186
321 0.22150374948978424
322 0.2111346423625946
323 0.2175796777009964
324 0.2155131846666336
325 0.22962422668933868
326 0.22247911989688873
327 0.21747297048568726
328 0.22718873620033264
329 0.2104472517967224
330 0.2152317464351654
331 0.22997786104679108
332 0.21098043024539948
333 0.21457944810390472
334 0.22361157834529877
335 0.21651361882686615
336 0.21546071767807007
337 0.221051424741745
338 0.21344439685344696
339 0.21637099981307983
340 0.2109481245279312
341 0.22208116948604584
342 0.20979279279708862
343 0.21029019355773926
344 0.21627242863178253
345 0.2251661717891693
346 0.21130138635635376
347 0.21424682438373566
348 0.21038194000720978
349 0.21608436107635498
350 0.22187229990959167
351 0.22157683968544006
352 0.22288794815540314
353 0.21755163371562958
354 0.21998876333236694
355 0.21721157431602478
356 0.21979545056819916
357 0.21363916993141174
358 0.22947679460048676
359 0.21385551989078522
360 0.21230369806289673
361 0.21869730949401855
362 0.21821393072605133
363 0.22126330435276031
364 0.22113405168056488
365 0.2075417935848236
366 0.21913231909275055
367 0.20723068714141846
368 0.21710334718227386
369 0.21170170605182648
370 0.21389324963092804
371 0.20974582433700562
372 0.21995878219604492
373 0.20911939442157745
374 0.23370017111301422
375 0.21489250659942627
376 0.2111024409532547
377 0.21562251448631287
378 0.2144610583782196
379 0.21679098904132843
380 0.22295211255550385
381 0.2116318941116333
382 0.21540483832359314
383 0.21224817633628845
384 0.22147689759731293
385 0.21218153834342957
386 0.21672102808952332
387 0.2218315452337265
388 0.2092164009809494
389 0.2253524512052536
390 0.22700205445289612
391 0.2115013301372528
392 0.21607184410095215
393 0.22155942022800446
394 0.23355287313461304
395 0.20542684197425842
396 0.20580731332302094
397 0.21964861452579498
398 0.2183503359556198
399 0.21929851174354553
400 0.22178232669830322
