1 1.0217680931091309
2 0.634650468826294
3 0.4869162440299988
4 0.3968909680843353
5 0.3561326265335083
6 0.2929477095603943
7 0.27393028140068054
8 0.26875340938568115
9 0.25001734495162964
10 0.22842328250408173
11 0.20693054795265198
12 0.2186175435781479
13 0.209218367934227
14 0.22883480787277222
15 0.2013377994298935
16 0.19385801255702972
17 0.19216829538345337
18 0.1998286098241806
19 0.19430190324783325
20 0.1819172501564026
21 0.17913660407066345
22 0.16572684049606323
23 0.1895807683467865
24 0.1625296026468277
25 0.17338326573371887
26 0.15928767621517181
27 0.17255675792694092
28 0.17165787518024445
29 0.17315207421779633
30 0.1592055708169937
31 0.17145061492919922
32 0.17091454565525055
33 0.16732408106327057
34 0.16127516329288483
35 0.16530382633209229
36 0.16891521215438843
37 0.15773168206214905
38 0.1445685625076294
39 0.1437840461730957
40 0.1410977989435196
41 0.15384924411773682
42 0.15934552252292633
43 0.15074963867664337
44 0.14906445145606995
45 0.14208751916885376
46 0.1597442775964737
47 0.1458667516708374
48 0.14381134510040283
49 0.15612751245498657
50 0.14129969477653503
51 0.129906564950943
52 0.13309580087661743
53 0.1456206887960434
54 0.14285282790660858
55 0.1450514942407608
56 0.13350455462932587
57 0.1471865475177765
58 0.13153913617134094
59 0.14395587146282196
60 0.14167898893356323
61 0.12675553560256958
62 0.13126958906650543
63 0.14267666637897491
64 0.12627750635147095
65 0.1322782337665558
66 0.13823382556438446
67 0.14860418438911438
68 0.12380997091531754
69 0.13321726024150848
70 0.14222830533981323
71 0.1288362443447113
72 0.13159315288066864
73 0.1388237476348877
74 0.1440676897764206
75 0.12079080194234848
76 0.13165010511875153
77 0.13108094036579132
78 0.12134353816509247
79 0.12816555798053741
80 0.12499239295721054
81 0.12844125926494598
82 0.13273343443870544
83 0.11198721826076508
84 0.1256304234266281
85 0.14069300889968872
86 0.12690263986587524
87 0.12125010788440704
88 0.124970443546772
89 0.11533017456531525
90 0.12180713564157486
91 0.11429634690284729
92 0.13609783351421356
93 0.1252237856388092
94 0.12721861898899078
95 0.11328668147325516
96 0.11918021738529205
97 0.12713778018951416
98 0.1142224445939064
99 0.13533519208431244
100 0.1301727592945099
101 0.11232446879148483
102 0.11741529405117035
103 0.12379185855388641
104 0.12120043486356735
105 0.11894353479146957
106 0.11809220910072327
107 0.12550774216651917
108 0.11895345896482468
109 0.11243566870689392
110 0.1184186190366745
111 0.11280985921621323
112 0.11693534255027771
113 0.1162932962179184
114 0.12077364325523376
115 0.11662283539772034
116 0.10995794087648392
117 0.12065358459949493
118 0.11938724666833878
119 0.12090148031711578
120 0.13163065910339355
121 0.1118752583861351
122 0.13069693744182587
123 0.11425206810235977
124 0.12241286784410477
125 0.11518203467130661
126 0.12575362622737885
127 0.12043068557977676
128 0.10308269411325455
129 0.11563585698604584
130 0.11711190640926361
131 0.10585161298513412
132 0.10668595880270004
133 0.10996486246585846
134 0.11639939993619919
135 0.11418678611516953
136 0.11567315459251404
137 0.1011027842760086
138 0.11135032027959824
139 0.11559204757213593
140 0.10708676278591156
141 0.10716774314641953
142 0.10482248663902283
143 0.11105801910161972
144 0.10459190607070923
145 0.11137248575687408
146 0.10254010558128357
147 0.11710187792778015
148 0.09434136748313904
149 0.10249469429254532
150 0.11927241832017899
151 0.10701026767492294
152 0.10388647019863129
153 0.11121568828821182
154 0.1119634136557579
155 0.11549202352762222
156 0.10666994005441666
157 0.1238669753074646
158 0.0980684906244278
159 0.11869464814662933
160 0.10837262868881226
161 0.1055840402841568
162 0.11006183177232742
163 0.11465200781822205
164 0.10619891434907913
165 0.10173995047807693
166 0.10444614291191101
167 0.11293388903141022
168 0.10555731505155563
169 0.10160015523433685
170 0.12795183062553406
171 0.09822380542755127
172 0.09956783801317215
173 0.10967794805765152
174 0.10987037420272827
175 0.09823668748140335
176 0.09940430521965027
177 0.10759738087654114
178 0.10114205628633499
179 0.09407418966293335
180 0.10668159276247025
181 0.10238467156887054
182 0.11640817672014236
183 0.09910190105438232
184 0.11959326267242432
185 0.10560362786054611
186 0.10486480593681335
187 0.09235785156488419
188 0.1020084097981453
189 0.10201630741357803
190 0.10615319013595581
191 0.11435386538505554
192 0.09768666326999664
193 0.09391794353723526
194 0.09126456826925278
195 0.11265889555215836
196 0.10696602612733841
197 0.09629256278276443
198 0.11198227852582932
199 0.10689389705657959
200 0.10769496113061905
201 0.10129149258136749
202 0.11118707060813904
203 0.09932113438844681
204 0.09292265772819519
205 0.10518718510866165
206 0.10213211178779602
207 0.11564952880144119
208 0.08669216930866241
209 0.1052972599864006
210 0.10723522305488586
211 0.1009838730096817
212 0.10720830410718918
213 0.08975469321012497
214 0.10088410973548889
215 0.10378870368003845
216 0.10529384762048721
217 0.09009432792663574
218 0.09707507491111755
219 0.09542103111743927
220 0.10429799556732178
221 0.08879110962152481
222 0.10722149163484573
223 0.1102089211344719
224 0.08386137336492538
225 0.09788721799850464
226 0.09519142657518387
227 0.10071863979101181
228 0.09558119624853134
229 0.11041141301393509
230 0.09208795428276062
231 0.10132215917110443
232 0.09673042595386505
233 0.10331501066684723
234 0.0884336307644844
235 0.10296426713466644
236 0.08352486044168472
237 0.10943246632814407
238 0.09235122054815292
239 0.09636865556240082
240 0.09772758930921555
241 0.09484025090932846
242 0.09626449644565582
243 0.09257589280605316
244 0.0913969948887825
245 0.09568463265895844
246 0.09566939622163773
247 0.09465378522872925
248 0.09386657923460007
249 0.10043540596961975
250 0.0924750342965126
251 0.10135439038276672
252 0.10341239720582962
253 0.0965249165892601
254 0.09298379719257355
255 0.10023295134305954
256 0.09718648344278336
257 0.08907993137836456
258 0.09457458555698395
259 0.09999354928731918
260 0.10114025324583054
261 0.09801638871431351
262 0.0857149288058281
263 0.091798335313797
264 0.09380874037742615
265 0.09777112305164337
266 0.08460243791341782
267 0.10451091825962067
268 0.09807318449020386
269 0.09575126320123672
270 0.08800078183412552
271 0.08803289383649826
272 0.09128399938344955
273 0.10012075304985046
274 0.1006501317024231
275 0.09132512658834457
276 0.08144589513540268
277 0.09352980554103851
278 0.09530039131641388
279 0.09202038496732712
280 0.07895274460315704
281 0.08949749171733856
282 0.08364655077457428
283 0.1133602112531662
284 0.09593959152698517
285 0.09186217933893204
286 0.08440519869327545
287 0.08291763812303543
288 0.09481752663850784
289 0.09351468086242676
290 0.0970851257443428
291 0.08329283446073532
292 0.10076648741960526
293 0.09979766607284546
294 0.0984962210059166
295 0.10283499956130981
296 0.08817137777805328
297 0.09717587381601334
298 0.09467107802629471
299 0.09210735559463501
300 0.08556504547595978
301 0.08299259096384048
302 0.0956108346581459
303 0.08828265219926834
304 0.08245614171028137
305 0.09285467863082886
306 0.09067301452159882
307 0.08938319236040115
308 0.09319543838500977
309 0.09817016124725342
310 0.08998400717973709
311 0.09587458521127701
312 0.09232553094625473
313 0.08519188314676285
314 0.08210276067256927
315 0.09594419598579407
316 0.09410741180181503
317 0.09083765745162964
318 0.08945529907941818
319 0.07754495739936829
320 0.09408464282751083
321 0.09143940359354019
322 0.08762959390878677
323 0.09160089492797852
324 0.08717247098684311
325 0.08868949115276337
326 0.10018214583396912
327 0.08388994634151459
328 0.09035379439592361
329 0.08747364580631256
330 0.09338440001010895
331 0.08315347135066986
332 0.10145976394414902
333 0.0821167528629303
334 0.07803064584732056
335 0.08798189461231232
336 0.08650487661361694
337 0.07786825299263
338 0.086815245449543
339 0.08077003806829453
340 0.08682920038700104
341 0.10382583737373352
342 0.08392349630594254
343 0.09910394251346588
344 0.08799644559621811
345 0.08718385547399521
346 0.09264989197254181
347 0.09102130681276321
348 0.08485386520624161
349 0.0934981107711792
350 0.07126060873270035
351 0.09660735726356506
352 0.08476337045431137
353 0.08470775187015533
354 0.08995458483695984
355 0.0790545642375946
356 0.09936539828777313
357 0.0786212682723999
358 0.08426082134246826
359 0.089128278195858
360 0.0774637758731842
361 0.09059447795152664
362 0.08968009799718857
363 0.08866647630929947
364 0.09537023305892944
365 0.09288748353719711
366 0.09573359042406082
367 0.07708520442247391
368 0.089846670627594
369 0.09127470850944519
370 0.09048517793416977
371 0.07619403302669525
372 0.08357492089271545
373 0.07973969727754593
374 0.08390191942453384
375 0.08040452003479004
376 0.09337562322616577
377 0.07913056015968323
378 0.09179727733135223
379 0.09859199821949005
380 0.08256062865257263
381 0.09069352596998215
382 0.07775235176086426
383 0.07810433208942413
384 0.0814427062869072
385 0.09205321967601776
386 0.08716559410095215
387 0.08883139491081238
388 0.07964713871479034
389 0.07267838716506958
390 0.08073291182518005
391 0.0835464596748352
392 0.08931596577167511
393 0.08505739271640778
394 0.0875919833779335
395 0.07923654466867447
396 0.08003483712673187
397 0.09808021038770676
398 0.08808278292417526
399 0.09674029052257538
400 0.08141765743494034
401 0.07966367155313492
402 0.10518952459096909
403 0.07617319375276566
404 0.08190765976905823
405 0.0961993932723999
406 0.0802343487739563
407 0.08144165575504303
408 0.08402512222528458
409 0.08435569703578949
410 0.09304782003164291
411 0.06797260046005249
412 0.0746336579322815
413 0.08549170941114426
414 0.08502591401338577
415 0.08276232331991196
416 0.08767689764499664
417 0.0768178254365921
418 0.09311284124851227
419 0.08794207125902176
420 0.08114020526409149
421 0.08723195642232895
422 0.07961562275886536
423 0.09070153534412384
424 0.06965991854667664
425 0.09536796808242798
426 0.07581248879432678
427 0.08475096523761749
428 0.09039124101400375
429 0.11094840615987778
430 0.07006257027387619
431 0.0769580826163292
432 0.09977572411298752
433 0.0719553753733635
434 0.08937522768974304
435 0.08766692131757736
436 0.08495461940765381
437 0.08047480881214142
438 0.07964473217725754
439 0.07922568917274475
440 0.08645262569189072
441 0.08491363376379013
442 0.09437772631645203
443 0.08623925596475601
444 0.0752321407198906
445 0.08586638420820236
446 0.08162427693605423
447 0.08289443701505661
448 0.07393404096364975
449 0.08548653870820999
450 0.07919738441705704
451 0.07328309863805771
452 0.08783183991909027
453 0.08532310277223587
454 0.07632867991924286
455 0.07873889058828354
456 0.0810275599360466
457 0.08271613717079163
458 0.07692749053239822
459 0.08453062921762466
460 0.08983294665813446
461 0.0822308138012886
462 0.08474785834550858
463 0.0845027044415474
464 0.08000338077545166
465 0.08681004494428635
466 0.07597243785858154
467 0.09292042255401611
468 0.08555441349744797
469 0.08843887597322464
470 0.09175363928079605
471 0.08290983736515045
472 0.07234908640384674
473 0.07800085097551346
474 0.08898410201072693
475 0.08564142137765884
476 0.07246529310941696
477 0.08684324473142624
478 0.07193605601787567
479 0.07919981330633163
480 0.07692031562328339
481 0.07849665731191635
482 0.07750188559293747
483 0.07782885432243347
484 0.07798299938440323
485 0.0801113098859787
486 0.07032100856304169
487 0.07266920059919357
488 0.07749787718057632
489 0.07088365405797958
490 0.07794344425201416
491 0.08533939719200134
492 0.07201197743415833
493 0.07564843446016312
494 0.08069947361946106
495 0.08174273371696472
496 0.07218925654888153
497 0.07494784891605377
498 0.08443062007427216
499 0.0868428498506546
500 0.07510512322187424
501 0.08370146155357361
502 0.07537204772233963
503 0.0868440568447113
504 0.07332997024059296
505 0.08447977900505066
506 0.07960783690214157
507 0.0765257477760315
508 0.06923288106918335
509 0.07417216897010803
510 0.06814339756965637
511 0.07731511443853378
512 0.08567927777767181
513 0.08196356147527695
514 0.07496010512113571
515 0.07743549346923828
516 0.07032586634159088
517 0.08304610103368759
518 0.07446160167455673
519 0.07419756054878235
520 0.08223233371973038
521 0.08463861793279648
522 0.06983719766139984
523 0.08061196655035019
524 0.07060141116380692
525 0.0849393755197525
526 0.07871408015489578
527 0.081233911216259
528 0.07531613856554031
529 0.07945854961872101
530 0.07846571505069733
531 0.07585414499044418
532 0.08147542923688889
533 0.08231862634420395
534 0.07991217076778412
535 0.08224931359291077
536 0.08137229084968567
537 0.08078325539827347
538 0.07469478994607925
539 0.08245587348937988
540 0.08081093430519104
541 0.0715450868010521
542 0.06929934024810791
543 0.08045192062854767
544 0.075712189078331
545 0.10474825650453568
546 0.07372256368398666
547 0.06942737102508545
548 0.08556976169347763
549 0.07452191412448883
550 0.08788157254457474
551 0.07620076835155487
552 0.07328416407108307
553 0.0844089537858963
554 0.07600098103284836
555 0.0746912881731987
556 0.08592143654823303
557 0.07588572055101395
558 0.0714554637670517
559 0.0734671801328659
560 0.09679710119962692
561 0.06734442710876465
562 0.09300927072763443
563 0.0772329568862915
564 0.07558568567037582
565 0.07053602486848831
566 0.08970794826745987
567 0.08276690542697906
568 0.07589619606733322
569 0.08885299414396286
570 0.08332572132349014
571 0.08199265599250793
572 0.07361125200986862
573 0.08019775152206421
574 0.0693722814321518
575 0.08706499636173248
576 0.08264970034360886
577 0.08039310574531555
578 0.0880143791437149
579 0.07534441351890564
580 0.07518630474805832
581 0.08681805431842804
582 0.07570131123065948
583 0.06583725661039352
584 0.06445548683404922
585 0.0837322473526001
586 0.0805266723036766
587 0.07678302377462387
588 0.08462037891149521
589 0.07443154603242874
590 0.07406286895275116
591 0.07693135738372803
592 0.08342615514993668
593 0.07377229630947113
594 0.07422512024641037
595 0.07771722227334976
596 0.07420092821121216
597 0.07707889378070831
598 0.0656571090221405
599 0.08253045380115509
600 0.08132924884557724
601 0.0699266865849495
602 0.08104374259710312
603 0.07328751683235168
604 0.0833003893494606
605 0.08072609454393387
606 0.08252743631601334
607 0.0678190365433693
608 0.07822968065738678
609 0.06953635066747665
610 0.08219306915998459
611 0.07798753678798676
612 0.07108527421951294
613 0.07898911088705063
614 0.08104730397462845
615 0.07857952266931534
616 0.07310716807842255
617 0.06843703240156174
618 0.07149464637041092
619 0.07068546116352081
620 0.07593680173158646
621 0.07864628732204437
622 0.07987608760595322
623 0.06661669909954071
624 0.07518208771944046
625 0.07000542432069778
626 0.06301572918891907
627 0.07846267521381378
628 0.07200369983911514
629 0.07352074980735779
630 0.07006122916936874
631 0.07670489698648453
632 0.0688311830163002
633 0.07237466424703598
634 0.08364150673151016
635 0.07480736821889877
636 0.07557719200849533
637 0.06919202208518982
638 0.07860878854990005
639 0.07859276980161667
640 0.07202484458684921
641 0.08950180560350418
642 0.07440140843391418
643 0.08252672106027603
644 0.07775905728340149
645 0.08073180913925171
646 0.07537393271923065
647 0.06820323318243027
648 0.07041385769844055
649 0.06395366787910461
650 0.07630767673254013
651 0.08727576583623886
652 0.07592206448316574
653 0.07877152413129807
654 0.0758417472243309
655 0.06902307271957397
656 0.07057511061429977
657 0.07058817893266678
658 0.07292693853378296
659 0.07472779601812363
660 0.07390320301055908
661 0.08250072598457336
662 0.06343001127243042
663 0.0811699777841568
664 0.06191955879330635
665 0.08290968835353851
666 0.06755737215280533
667 0.07292293012142181
668 0.07704745978116989
669 0.07304538786411285
670 0.0747896358370781
671 0.06652025133371353
672 0.07415539771318436
673 0.08478929102420807
674 0.08396709710359573
675 0.07385462522506714
676 0.06589335203170776
677 0.07932991534471512
678 0.08061406761407852
679 0.06957049667835236
680 0.07657439261674881
681 0.07481836527585983
682 0.07544896006584167
683 0.08581680059432983
684 0.0711144357919693
685 0.07249307632446289
686 0.07666631042957306
687 0.07158422470092773
688 0.07496834546327591
689 0.07633768022060394
690 0.06813151389360428
691 0.08389776945114136
692 0.05841436609625816
693 0.07190589606761932
694 0.06943871080875397
695 0.07193413376808167
696 0.08425769954919815
697 0.07740619033575058
698 0.0763150006532669
699 0.07496626675128937
700 0.07580512762069702
701 0.0837322399020195
702 0.07414691895246506
703 0.07116051018238068
704 0.07439643889665604
705 0.06804949045181274
706 0.07435503602027893
707 0.07768809795379639
708 0.08196830749511719
709 0.06618504971265793
710 0.06762836873531342
711 0.07975291460752487
712 0.06611872464418411
713 0.08830487728118896
714 0.06716877222061157
715 0.0724654495716095
716 0.074599489569664
717 0.06293489784002304
718 0.07696521282196045
719 0.07579690217971802
720 0.06081056222319603
721 0.07090387493371964
722 0.06910525262355804
723 0.0711553618311882
724 0.08500733971595764
725 0.08113231509923935
726 0.0754653587937355
727 0.07100987434387207
728 0.08309711515903473
729 0.07627488672733307
730 0.07236944884061813
731 0.07832427322864532
732 0.06586073338985443
733 0.07456452399492264
734 0.06730567663908005
735 0.07151450216770172
736 0.084117092192173
737 0.07584220916032791
738 0.07115137577056885
739 0.0673077404499054
740 0.07475622743368149
741 0.07112960517406464
742 0.07758181542158127
743 0.06207689642906189
744 0.0681406632065773
745 0.07228735834360123
746 0.06338799744844437
747 0.07249391078948975
748 0.06397536396980286
749 0.07395879179239273
750 0.07018499821424484
751 0.07974801957607269
752 0.0669582337141037
753 0.07176379859447479
754 0.07979907095432281
755 0.07967845350503922
756 0.08015971630811691
757 0.0782538577914238
758 0.07098757475614548
759 0.07435417920351028
760 0.06506258249282837
761 0.07541323453187943
762 0.06809260696172714
763 0.06554493308067322
764 0.07253890484571457
765 0.07817602157592773
766 0.08292590081691742
767 0.07216407358646393
768 0.07076004892587662
769 0.06769389659166336
770 0.06819283962249756
771 0.07189371436834335
772 0.083150714635849
773 0.06944631785154343
774 0.06765218824148178
775 0.07429610192775726
776 0.08171246200799942
777 0.06941058486700058
778 0.07236582785844803
779 0.07427871972322464
780 0.07057340443134308
781 0.07158606499433517
782 0.07321061939001083
783 0.06426643580198288
784 0.07379608601331711
785 0.07251393795013428
786 0.07377564907073975
787 0.06632452458143234
788 0.07202621549367905
789 0.07417500764131546
790 0.058217309415340424
791 0.06828662753105164
792 0.07220210880041122
793 0.07188204675912857
794 0.06859621405601501
795 0.0710764080286026
796 0.07200869917869568
797 0.08332312107086182
798 0.07141894847154617
799 0.06375106424093246
800 0.06798971444368362
