1 1.4894465208053589
2 1.223731279373169
3 1.0972565412521362
4 0.9985953569412231
5 0.993512749671936
6 0.9867532253265381
7 0.9058469533920288
8 0.8909333944320679
9 0.8840227723121643
10 0.8537155985832214
11 0.8923447728157043
12 0.7949753999710083
13 0.8125925064086914
14 0.8892518281936646
15 0.7985339760780334
16 0.7988324165344238
17 0.8224421739578247
18 0.8142762780189514
19 0.7814528346061707
20 0.8126263618469238
21 0.9501520395278931
22 0.7237868309020996
23 0.7544305324554443
24 0.8276700377464294
25 0.7477880120277405
26 0.6962772607803345
27 0.7180827260017395
28 0.5979998707771301
29 0.7590519785881042
30 0.7132735252380371
31 0.9611049294471741
32 0.7544550895690918
33 0.6989433765411377
34 0.7223973870277405
35 0.6202808618545532
36 0.6364409327507019
37 0.6260010004043579
38 0.5253893136978149
39 0.5673624873161316
40 0.7877824902534485
41 0.529545783996582
42 0.6457118391990662
43 0.5448781847953796
44 0.5544825792312622
45 0.5303264260292053
46 0.6332720518112183
47 0.4468945860862732
48 0.5164581537246704
49 0.9278032183647156
50 0.45934194326400757
51 0.5107536315917969
52 0.532191812992096
53 0.6031054258346558
54 0.49534109234809875
55 0.528817355632782
56 0.48624393343925476
57 0.495287150144577
58 0.5255902409553528
59 0.5694315433502197
60 0.5092023611068726
61 0.5006135106086731
62 0.4952485263347626
63 0.43138864636421204
64 0.6396350860595703
65 0.4368884563446045
66 0.7231686115264893
67 0.6025327444076538
68 0.5170494318008423
69 0.5054552555084229
70 0.6470736861228943
71 0.472589910030365
72 0.5589624047279358
73 0.42190879583358765
74 0.5499898195266724
75 0.5240848660469055
76 0.4884852170944214
77 0.48741504549980164
78 0.492355614900589
79 0.5545370578765869
80 0.49598628282546997
81 0.5494962334632874
82 0.46191203594207764
83 0.5189506411552429
84 0.5170820355415344
85 0.5208820700645447
86 0.50104820728302
87 0.48721256852149963
88 0.5894335508346558
89 0.48344650864601135
90 0.5016908049583435
91 0.4943752884864807
92 0.46448254585266113
93 0.4094249904155731
94 0.5403627157211304
95 0.46288466453552246
96 0.412994384765625
97 0.4855892062187195
98 0.5292642116546631
99 0.523850679397583
100 0.43310147523880005
101 0.5549851059913635
102 0.4567103385925293
103 0.5440033078193665
104 0.4690330922603607
105 0.4595608413219452
106 0.4655728042125702
107 0.45511186122894287
108 0.43222638964653015
109 0.462748259305954
110 0.42912212014198303
111 0.5286373496055603
112 0.37010228633880615
113 0.5320901870727539
114 0.4485459625720978
115 0.4449780583381653
116 0.4673166573047638
117 0.44179272651672363
118 0.4385620057582855
119 0.4743075370788574
120 0.4706387519836426
121 0.4546351432800293
122 0.5364242792129517
123 0.6944240927696228
124 0.5233079791069031
125 0.4510042071342468
126 0.49007606506347656
127 0.48644328117370605
128 0.4615550935268402
129 0.4733307659626007
130 0.47434669733047485
131 0.688823938369751
132 0.43013250827789307
133 0.5059300065040588
134 0.4177914261817932
135 0.4695349633693695
136 0.5095293521881104
137 0.4359546899795532
138 0.4749395549297333
139 0.4079829454421997
140 0.5606240034103394
141 0.5014435648918152
142 0.668329656124115
143 0.6136912703514099
144 0.5168746709823608
145 0.6685994267463684
146 0.6076200604438782
147 0.46362096071243286
148 0.4373685121536255
149 0.5835697054862976
150 0.5180562138557434
151 0.5070170164108276
152 0.44806039333343506
153 0.4634073078632355
154 0.4982609152793884
155 0.42562204599380493
156 0.38881561160087585
157 0.4013034999370575
158 0.5636321306228638
159 0.4533572494983673
160 0.5375279188156128
161 0.4071965515613556
162 0.45972368121147156
163 0.4391474723815918
164 0.4349002540111542
165 0.7612834572792053
166 0.5305306911468506
167 0.635077178478241
168 0.5981042385101318
169 0.47682368755340576
170 0.5834090709686279
171 0.4441215693950653
172 0.38848763704299927
173 0.49975788593292236
174 0.5092352032661438
175 0.43937790393829346
176 0.4695991575717926
177 0.4480290710926056
178 0.470866858959198
179 0.442030131816864
180 0.3887638449668884
181 0.4916614294052124
182 0.4978271424770355
183 0.4407927691936493
184 0.8042641282081604
185 0.42635709047317505
186 0.4473170042037964
187 0.4330331087112427
188 0.44623690843582153
189 0.48099321126937866
190 0.5137122869491577
191 0.5288885831832886
192 0.6722466945648193
193 0.43768084049224854
194 0.49542105197906494
195 0.48302221298217773
196 0.43528056144714355
197 0.5116681456565857
198 0.4843498468399048
199 0.5267767906188965
200 0.4276021718978882
