1 1.1465520858764648
2 0.9570068717002869
3 0.8028481602668762
4 0.6836100816726685
5 0.5993539690971375
6 0.5445720553398132
7 0.48743948340415955
8 0.4404596984386444
9 0.3972526490688324
10 0.3659513294696808
11 0.34087875485420227
12 0.31418168544769287
13 0.2929937541484833
14 0.28035393357276917
15 0.26873430609703064
16 0.2500770390033722
17 0.24057208001613617
18 0.22874337434768677
19 0.2222357839345932
20 0.21197761595249176
21 0.20905733108520508
22 0.2099444568157196
23 0.20001815259456635
24 0.19198419153690338
25 0.18546536564826965
26 0.1846553534269333
27 0.17551109194755554
28 0.174593985080719
29 0.17255498468875885
30 0.16302792727947235
31 0.15773935616016388
32 0.15712223947048187
33 0.15801431238651276
34 0.15694236755371094
35 0.15171794593334198
36 0.14956922829151154
37 0.14305409789085388
38 0.14074192941188812
39 0.1426592916250229
40 0.140999436378479
41 0.13415782153606415
42 0.14093831181526184
43 0.12877504527568817
44 0.13201558589935303
45 0.13309268653392792
46 0.12719647586345673
47 0.12202788889408112
48 0.12264242023229599
49 0.11679543554782867
50 0.11765645444393158
51 0.11976516246795654
52 0.1150268018245697
53 0.11625909060239792
54 0.11854436993598938
55 0.11397536098957062
56 0.11134228855371475
57 0.11813659220933914
58 0.1126781702041626
59 0.11300544440746307
60 0.10601463913917542
61 0.10458630323410034
62 0.10772635787725449
63 0.11007332801818848
64 0.10723306238651276
65 0.10405214130878448
66 0.10386728495359421
67 0.10340233147144318
68 0.10795299708843231
69 0.10570192337036133
70 0.10571756213903427
71 0.10106715559959412
72 0.10761191695928574
73 0.09913161396980286
74 0.10273870825767517
75 0.11071387678384781
76 0.09773650765419006
77 0.1007378026843071
78 0.0956018716096878
79 0.09566560387611389
80 0.09622001647949219
81 0.09281034022569656
82 0.09641307592391968
83 0.09761917591094971
84 0.09567540138959885
85 0.0916091576218605
86 0.09602680802345276
87 0.09815292060375214
88 0.09048999845981598
89 0.09174365550279617
90 0.09179256856441498
91 0.08721908181905746
92 0.08790642768144608
93 0.09107599407434464
94 0.08810795098543167
95 0.0905696377158165
96 0.08987085521221161
97 0.0912311002612114
98 0.08571047335863113
99 0.08817418664693832
100 0.092135488986969
101 0.08832338452339172
102 0.0856715515255928
103 0.08493909984827042
104 0.08810646086931229
105 0.08769752085208893
106 0.08398143202066422
107 0.0837252214550972
108 0.08230603486299515
109 0.08141762018203735
110 0.08455879986286163
111 0.08128568530082703
112 0.08367136865854263
113 0.08446405082941055
114 0.08081018924713135
115 0.08232986181974411
116 0.08438444882631302
117 0.08594406396150589
118 0.08038268983364105
119 0.087326779961586
120 0.07837560027837753
121 0.0825808048248291
122 0.08306145668029785
123 0.08152931183576584
124 0.08471717685461044
125 0.07525094598531723
126 0.07793892920017242
127 0.08277616649866104
128 0.07367139309644699
129 0.08036249130964279
130 0.07842149585485458
131 0.07930433005094528
132 0.07698263972997665
133 0.07702276855707169
134 0.0729508250951767
135 0.07665476948022842
136 0.07919976115226746
137 0.08157604932785034
138 0.07254817336797714
139 0.08025258034467697
140 0.07674460858106613
141 0.07370271533727646
142 0.07581724226474762
143 0.08276824653148651
144 0.08127135038375854
145 0.07988481223583221
146 0.07534529268741608
147 0.07598812878131866
148 0.08232280611991882
149 0.08027059584856033
150 0.07550577074289322
151 0.07459048926830292
152 0.07613979279994965
153 0.07272737473249435
154 0.07586304843425751
155 0.08036354929208755
156 0.07756080478429794
157 0.06943757086992264
158 0.0694132074713707
159 0.07439760118722916
160 0.08049102127552032
161 0.07488980144262314
162 0.07120084762573242
163 0.06828518211841583
164 0.06917036324739456
165 0.0773438885807991
166 0.07081735134124756
167 0.07408487796783447
168 0.07430894672870636
169 0.07577206939458847
170 0.0690784677863121
171 0.06860511749982834
172 0.07386498153209686
173 0.07038067281246185
174 0.07979241758584976
175 0.07676103711128235
176 0.07368040829896927
177 0.07012838870286942
178 0.06698708236217499
179 0.06725204735994339
180 0.07171382755041122
181 0.07188206911087036
182 0.08644736558198929
183 0.06597495824098587
184 0.07388142496347427
185 0.06812823563814163
186 0.06974180042743683
187 0.07016249001026154
188 0.0637625902891159
189 0.06368021667003632
190 0.0691971704363823
191 0.0674453154206276
192 0.07304474711418152
193 0.06935659795999527
194 0.07498039305210114
195 0.06676464527845383
196 0.06926725059747696
197 0.07160116732120514
198 0.06443627178668976
199 0.06158825010061264
200 0.06343180686235428
201 0.0705053061246872
202 0.06835044920444489
203 0.07186169922351837
204 0.06538186967372894
205 0.07394383102655411
206 0.07233022153377533
207 0.0667690634727478
208 0.06680216640233994
209 0.06452348828315735
210 0.06689104437828064
211 0.06469752639532089
212 0.06274982541799545
213 0.07175587117671967
214 0.06496142596006393
215 0.06736229360103607
216 0.0663704127073288
217 0.06845284253358841
218 0.06139097735285759
219 0.06918756663799286
220 0.0679255947470665
221 0.06298696249723434
222 0.06478552520275116
223 0.06507330387830734
224 0.06377962231636047
225 0.06635373085737228
226 0.06259611248970032
227 0.06027073785662651
228 0.06957496702671051
229 0.06430858373641968
230 0.0637253150343895
231 0.06863617151975632
232 0.06036438047885895
233 0.06972363591194153
234 0.06733644008636475
235 0.06456170231103897
236 0.062047671526670456
237 0.06469704955816269
238 0.06493312865495682
239 0.06445778161287308
240 0.06246693804860115
241 0.05646447837352753
242 0.0676579400897026
243 0.06143634766340256
244 0.06054328382015228
245 0.06868752092123032
246 0.0657898411154747
247 0.05879298597574234
248 0.06316032260656357
249 0.06816527992486954
250 0.06435713917016983
251 0.06760582327842712
252 0.06900494545698166
253 0.058805759996175766
254 0.0666094422340393
255 0.06271999329328537
256 0.05559026449918747
257 0.05842502415180206
258 0.06173255667090416
259 0.06080244481563568
260 0.06319620460271835
261 0.06436518579721451
262 0.06549213826656342
263 0.05799511447548866
264 0.058080945163965225
265 0.0656137615442276
266 0.06300151348114014
267 0.0648360401391983
268 0.06516007333993912
269 0.06899169832468033
270 0.06587613373994827
271 0.06245331093668938
272 0.06358007341623306
273 0.05985715240240097
274 0.06353311240673065
275 0.060878898948431015
276 0.05945560708642006
277 0.055123087018728256
278 0.061361126601696014
279 0.06195324286818504
280 0.06733047217130661
281 0.060809824615716934
282 0.06205910071730614
283 0.06361297518014908
284 0.0681343600153923
285 0.0621953047811985
286 0.05807093530893326
287 0.05913044512271881
288 0.06544554233551025
289 0.057067956775426865
290 0.054514531046152115
291 0.06148686632514
292 0.06073404476046562
293 0.05904359370470047
294 0.05557812377810478
295 0.059309881180524826
296 0.06364582479000092
297 0.062064722180366516
298 0.059882912784814835
299 0.0583365336060524
300 0.058009106665849686
301 0.06301866471767426
302 0.05816735699772835
303 0.05716085433959961
304 0.06367512047290802
305 0.05769402161240578
306 0.06509288400411606
307 0.057273928076028824
308 0.05470260977745056
309 0.0632827952504158
310 0.053515754640102386
311 0.061863288283348083
312 0.05475068837404251
313 0.058877285569906235
314 0.06166762113571167
315 0.05977453291416168
316 0.05754399672150612
317 0.06418243795633316
318 0.05527380108833313
319 0.0565507709980011
320 0.05971674621105194
321 0.05272846668958664
322 0.053142815828323364
323 0.05471460521221161
324 0.0616752915084362
325 0.05542709678411484
326 0.05586102604866028
327 0.05277770757675171
328 0.056163180619478226
329 0.05904900282621384
330 0.04944560304284096
331 0.05151614919304848
332 0.0647527351975441
333 0.05945076048374176
334 0.060645267367362976
335 0.056369855999946594
336 0.0568242110311985
337 0.06077226623892784
338 0.05976857617497444
339 0.05775044858455658
340 0.05658522993326187
341 0.061483003199100494
342 0.056524600833654404
343 0.05681262165307999
344 0.05991694703698158
345 0.058265428990125656
346 0.06038651987910271
347 0.057787712663412094
348 0.056651849299669266
349 0.05697900429368019
350 0.05417013168334961
351 0.060367465019226074
352 0.06640919297933578
353 0.057121433317661285
354 0.05594147741794586
355 0.050577860325574875
356 0.06549032777547836
357 0.057967253029346466
358 0.05694941058754921
359 0.05925936996936798
360 0.05718201398849487
361 0.05492199957370758
362 0.055083226412534714
363 0.05451709404587746
364 0.05500468239188194
365 0.05874171480536461
366 0.05392392724752426
367 0.05697194114327431
368 0.053122878074645996
369 0.05736023932695389
370 0.06198536977171898
371 0.057280175387859344
372 0.053159791976213455
373 0.05243895202875137
374 0.053836528211832047
375 0.05402449145913124
376 0.05390121787786484
377 0.058714233338832855
378 0.058253899216651917
379 0.0638979822397232
380 0.05590585246682167
381 0.057757727801799774
382 0.059854455292224884
383 0.05465720593929291
384 0.05489696189761162
385 0.05399776250123978
386 0.05396229401230812
387 0.05373409390449524
388 0.054010942578315735
389 0.058747824281454086
390 0.052495840936899185
391 0.049773044884204865
392 0.054752130061388016
393 0.06006745994091034
394 0.04901275783777237
395 0.050005581229925156
396 0.05654173344373703
397 0.04890095815062523
398 0.053625255823135376
399 0.062498386949300766
400 0.056748587638139725
