1 1.1047372817993164
2 0.46629852056503296
3 0.3103698492050171
4 0.27814310789108276
5 0.27858954668045044
6 0.21520453691482544
7 0.1924697905778885
8 0.23447415232658386
9 0.1898501217365265
10 0.21615637838840485
11 0.2037409394979477
12 0.2006419599056244
13 0.21508949995040894
14 0.18044447898864746
15 0.16710896790027618
16 0.2238427996635437
17 0.19945664703845978
18 0.23853228986263275
19 0.17171092331409454
20 0.17109304666519165
21 0.16211502254009247
22 0.15607225894927979
23 0.17284120619297028
24 0.22538694739341736
25 0.15422116219997406
26 0.18404242396354675
27 0.1703982651233673
28 0.19116847217082977
29 0.18578150868415833
30 0.13915205001831055
31 0.1693143993616104
32 0.18438820540905
33 0.1355123221874237
34 0.18364214897155762
35 0.14891187846660614
36 0.14162787795066833
37 0.16236168146133423
38 0.17438288033008575
39 0.15644942224025726
40 0.16648422181606293
41 0.14781522750854492
42 0.13791127502918243
43 0.13604478538036346
44 0.17671936750411987
45 0.19389690458774567
46 0.18683862686157227
47 0.13977812230587006
48 0.16045187413692474
49 0.14897628128528595
50 0.1655554324388504
51 0.1360926777124405
52 0.17855389416217804
53 0.14018623530864716
54 0.1711617410182953
55 0.11994556337594986
56 0.17678818106651306
57 0.15119707584381104
58 0.16793876886367798
59 0.16605953872203827
60 0.12883146107196808
61 0.1631651520729065
62 0.14874546229839325
63 0.14545804262161255
64 0.1396222561597824
65 0.1876652091741562
66 0.12912099063396454
67 0.15052320063114166
68 0.1656533181667328
69 0.14542976021766663
70 0.15307922661304474
71 0.14910557866096497
72 0.13644471764564514
73 0.12706151604652405
74 0.13065668940544128
75 0.1353682428598404
76 0.12266915291547775
77 0.13838334381580353
78 0.1676016002893448
79 0.14247095584869385
80 0.1415718048810959
81 0.1809881180524826
82 0.15075235068798065
83 0.15730167925357819
84 0.13925650715827942
85 0.11721756309270859
86 0.15588895976543427
87 0.19326186180114746
88 0.1355305314064026
89 0.13723838329315186
90 0.12677618861198425
91 0.13490694761276245
92 0.10696376115083694
93 0.14616219699382782
94 0.14501866698265076
95 0.13172860443592072
96 0.13468371331691742
97 0.1201704666018486
98 0.1383485496044159
99 0.11421997100114822
100 0.12324824184179306
101 0.1297985166311264
102 0.14618270099163055
103 0.14080865681171417
104 0.16079895198345184
105 0.12814633548259735
106 0.13111497461795807
107 0.14130441844463348
108 0.1139792650938034
109 0.14652231335639954
110 0.1124979704618454
111 0.1252148151397705
112 0.1394384801387787
113 0.13812905550003052
114 0.12082017213106155
115 0.13786593079566956
116 0.1264878213405609
117 0.14177097380161285
118 0.14632874727249146
119 0.12461879104375839
120 0.12569935619831085
121 0.15099219977855682
122 0.13850992918014526
123 0.11412593722343445
124 0.1385674625635147
125 0.1294575184583664
126 0.11728857457637787
127 0.10960259288549423
128 0.1575869619846344
129 0.1352238953113556
130 0.15515004098415375
131 0.11133545637130737
132 0.12273077666759491
133 0.1495824158191681
134 0.1339700073003769
135 0.12795330584049225
136 0.163877472281456
137 0.11504852771759033
138 0.13895486295223236
139 0.12663701176643372
140 0.1395883858203888
141 0.14026184380054474
142 0.12900036573410034
143 0.09607791155576706
144 0.11688225716352463
145 0.11892035603523254
146 0.13403622806072235
147 0.16166196763515472
148 0.14163805544376373
149 0.1335599571466446
150 0.09661949425935745
151 0.12578529119491577
152 0.13654915988445282
153 0.14784429967403412
154 0.132249116897583
155 0.12174219638109207
156 0.12960992753505707
157 0.13184091448783875
158 0.12875914573669434
159 0.1383732259273529
160 0.1407371461391449
161 0.1390846222639084
162 0.12687580287456512
163 0.11071677505970001
164 0.11778724938631058
165 0.13870811462402344
166 0.13966922461986542
167 0.11676977574825287
168 0.11602086573839188
169 0.13865016400814056
170 0.15687473118305206
171 0.13718298077583313
172 0.13044847548007965
173 0.1518787443637848
174 0.11584430187940598
175 0.14916196465492249
176 0.12149284780025482
177 0.12542107701301575
178 0.12462163716554642
179 0.12062127888202667
180 0.11195971071720123
181 0.12100613862276077
182 0.11451980471611023
183 0.17014971375465393
184 0.10922602564096451
185 0.14055372774600983
186 0.12305233627557755
187 0.11650333553552628
188 0.13223041594028473
189 0.15676742792129517
190 0.13334006071090698
191 0.13256122171878815
192 0.09951945394277573
193 0.14443594217300415
194 0.12147042900323868
195 0.1325085610151291
196 0.14312750101089478
197 0.12351048737764359
198 0.09938199818134308
199 0.12687669694423676
200 0.11415577679872513
201 0.14572365581989288
202 0.10345077514648438
203 0.12270702421665192
204 0.13021299242973328
205 0.12750405073165894
206 0.12252350896596909
207 0.11968687921762466
208 0.09787819534540176
209 0.14415735006332397
210 0.1130809485912323
211 0.12211819738149643
212 0.11211863905191422
213 0.1559629589319229
214 0.12058692425489426
215 0.11235535889863968
216 0.1175212636590004
217 0.15632697939872742
218 0.1503850221633911
219 0.1482134461402893
220 0.1070326492190361
221 0.1331930160522461
222 0.1259741485118866
223 0.09496369957923889
224 0.11638616770505905
225 0.11819253861904144
226 0.1378433257341385
227 0.12258945405483246
228 0.17534402012825012
229 0.13237826526165009
230 0.13898299634456635
231 0.1014554426074028
232 0.1265283077955246
233 0.14797599613666534
234 0.1101994439959526
235 0.12028120458126068
236 0.12362099438905716
237 0.11746559292078018
238 0.12994767725467682
239 0.10329412668943405
240 0.13616065680980682
241 0.10111220180988312
242 0.11251115798950195
243 0.15132975578308105
244 0.10813166946172714
245 0.16534936428070068
246 0.09715381264686584
247 0.10013435781002045
248 0.10948686301708221
249 0.1191750317811966
250 0.11957757920026779
251 0.1316528618335724
252 0.13274729251861572
253 0.1245359256863594
254 0.10909004509449005
255 0.137288898229599
256 0.11216657608747482
257 0.10324916243553162
258 0.12365881353616714
259 0.10215379297733307
260 0.11908110976219177
261 0.11285752058029175
262 0.13252052664756775
263 0.15581201016902924
264 0.1775488257408142
265 0.0905572921037674
266 0.13819150626659393
267 0.13314437866210938
268 0.12056645005941391
269 0.13867200911045074
270 0.11084888130426407
271 0.13492919504642487
272 0.11152032017707825
273 0.08780217915773392
274 0.16511386632919312
275 0.1499355286359787
276 0.10613870620727539
277 0.11631221324205399
278 0.11772630363702774
279 0.16273047029972076
280 0.14644329249858856
281 0.09232617914676666
282 0.11479198187589645
283 0.16707868874073029
284 0.12236043810844421
285 0.12367415428161621
286 0.15262717008590698
287 0.1407051831483841
288 0.10816743969917297
289 0.10094325989484787
290 0.10177572816610336
291 0.11292528361082077
292 0.17694395780563354
293 0.12538208067417145
294 0.10365591198205948
295 0.11995595693588257
296 0.12468279898166656
297 0.1051243469119072
298 0.0957963690161705
299 0.16044844686985016
300 0.13985338807106018
301 0.12009302526712418
302 0.1221344918012619
303 0.1509910672903061
304 0.10481491684913635
305 0.11271118372678757
306 0.10900863260030746
307 0.09681049734354019
308 0.15335088968276978
309 0.11095497012138367
310 0.13248294591903687
311 0.1326083242893219
312 0.10802231729030609
313 0.11649195104837418
314 0.11834263801574707
315 0.09698884934186935
316 0.12613968551158905
317 0.11019152402877808
318 0.1462622582912445
319 0.11373994499444962
320 0.1367320567369461
321 0.10555574297904968
322 0.09920356422662735
323 0.11256935447454453
324 0.12483789026737213
325 0.1142037957906723
326 0.1090516522526741
327 0.09358098357915878
328 0.1237068846821785
329 0.09405659139156342
330 0.117655910551548
331 0.15130050480365753
332 0.13746410608291626
333 0.0982341468334198
334 0.1407248079776764
335 0.13507196307182312
336 0.10084600746631622
337 0.1053636372089386
338 0.11107102781534195
339 0.10616377741098404
340 0.13321533799171448
341 0.11811792105436325
342 0.09145327657461166
343 0.11364399641752243
344 0.1201048269867897
345 0.10825946927070618
346 0.13514001667499542
347 0.10411076992750168
348 0.10636520385742188
349 0.12576788663864136
350 0.10364247113466263
351 0.12421298772096634
352 0.10483252257108688
353 0.10632970929145813
354 0.07943394035100937
355 0.1272585541009903
356 0.1162734404206276
357 0.0863071158528328
358 0.13941767811775208
359 0.12358202785253525
360 0.09860443323850632
361 0.12800994515419006
362 0.13318543136119843
363 0.12737970054149628
364 0.12013767659664154
365 0.10616346448659897
366 0.14655853807926178
367 0.09654324501752853
368 0.09797840565443039
369 0.13471797108650208
370 0.12654834985733032
371 0.11427610367536545
372 0.092848040163517
373 0.09748328477144241
374 0.09567087888717651
375 0.12093234062194824
376 0.09929939359426498
377 0.10745919495820999
378 0.11264681816101074
379 0.10903305560350418
380 0.10772272944450378
381 0.13027282059192657
382 0.11723502725362778
383 0.11333082616329193
384 0.11743868887424469
385 0.12228232622146606
386 0.16594697535037994
387 0.12008032947778702
388 0.10120056569576263
389 0.10270342230796814
390 0.1628320813179016
391 0.10575834661722183
392 0.09664611518383026
393 0.09368579089641571
394 0.12486575543880463
395 0.10252019017934799
396 0.13139019906520844
397 0.08354025334119797
398 0.11613930016756058
399 0.1093999594449997
400 0.1065402552485466
401 0.11248253285884857
402 0.1273399442434311
403 0.11071842908859253
404 0.11485059559345245
405 0.15114958584308624
406 0.11301034688949585
407 0.10485440492630005
408 0.10463494807481766
409 0.15388940274715424
410 0.10490904003381729
411 0.11574560403823853
412 0.1552480310201645
413 0.10963928699493408
414 0.11967138946056366
415 0.09965658187866211
416 0.09995341300964355
417 0.10213425755500793
418 0.10014113038778305
419 0.1087905690073967
420 0.10665702074766159
421 0.11592894047498703
422 0.10218881815671921
423 0.10734779387712479
424 0.1172122061252594
425 0.09716064482927322
426 0.1439836323261261
427 0.10145743936300278
428 0.10866224765777588
429 0.12727795541286469
430 0.1157088428735733
431 0.11963941901922226
432 0.10337186604738235
433 0.16209670901298523
434 0.10489674657583237
435 0.08015234023332596
436 0.10649945586919785
437 0.09597553312778473
438 0.11856453120708466
439 0.1306282877922058
440 0.10014074295759201
441 0.0960678979754448
442 0.10192974656820297
443 0.1397908329963684
444 0.1341368854045868
445 0.11401605606079102
446 0.09701597690582275
447 0.11568117886781693
448 0.10029080510139465
449 0.09928405284881592
450 0.12092594802379608
451 0.11823263764381409
452 0.09254790842533112
453 0.10784706473350525
454 0.14635847508907318
455 0.08369305729866028
456 0.09360478818416595
457 0.1152268648147583
458 0.10297707468271255
459 0.09603803604841232
460 0.09983394294977188
461 0.1303645819425583
462 0.08092350512742996
463 0.0997876301407814
464 0.09930605441331863
465 0.11248939484357834
466 0.10017010569572449
467 0.142724871635437
468 0.10436613112688065
469 0.11180555075407028
470 0.06382109969854355
471 0.10521016269922256
472 0.08386967331171036
473 0.13551399111747742
474 0.10209087282419205
475 0.09857437014579773
476 0.09414136409759521
477 0.1217351108789444
478 0.11070813983678818
479 0.12557639181613922
480 0.12945400178432465
481 0.09545301645994186
482 0.09448322653770447
483 0.10214991122484207
484 0.09263332933187485
485 0.09371291846036911
486 0.09837009757757187
487 0.0752561092376709
488 0.10729005932807922
489 0.0959935188293457
490 0.11316191405057907
491 0.09366343170404434
492 0.10865325480699539
493 0.07827800512313843
494 0.10524608194828033
495 0.07136068493127823
496 0.11023318767547607
497 0.13730493187904358
498 0.12360665947198868
499 0.12363717705011368
500 0.09566483646631241
501 0.11747264117002487
502 0.12818767130374908
503 0.106561578810215
504 0.09470692276954651
505 0.07085572928190231
506 0.10439007729291916
507 0.0771053284406662
508 0.14848364889621735
509 0.06763195991516113
510 0.11084600538015366
511 0.12625907361507416
512 0.08921674638986588
513 0.09867440164089203
514 0.13080930709838867
515 0.10608404874801636
516 0.11444538086652756
517 0.11072967946529388
518 0.12894397974014282
519 0.16162444651126862
520 0.12963758409023285
521 0.10713211447000504
522 0.11924857646226883
523 0.11525150388479233
524 0.10500802844762802
525 0.08745245635509491
526 0.08393001556396484
527 0.09273626655340195
528 0.12354595959186554
529 0.11553876847028732
530 0.09963862597942352
531 0.12550435960292816
532 0.11622749269008636
533 0.08563368022441864
534 0.10114936530590057
535 0.12539590895175934
536 0.1272168755531311
537 0.1045307144522667
538 0.11771723628044128
539 0.09629087895154953
540 0.07695294916629791
541 0.13774698972702026
542 0.14532294869422913
543 0.11651744693517685
544 0.08914221078157425
545 0.0942915678024292
546 0.08670777082443237
547 0.10788996517658234
548 0.10052470862865448
549 0.12109648436307907
550 0.10710776597261429
551 0.10604193806648254
552 0.10760003328323364
553 0.06392250955104828
554 0.10613995045423508
555 0.07423137873411179
556 0.09948804974555969
557 0.09655720740556717
558 0.11171438544988632
559 0.1527000069618225
560 0.11026114225387573
561 0.1369510293006897
562 0.10984418541193008
563 0.0968896672129631
564 0.09656351804733276
565 0.10901709645986557
566 0.13506628572940826
567 0.08903483301401138
568 0.12750814855098724
569 0.1027163565158844
570 0.0951339453458786
571 0.1170659214258194
572 0.1675083488225937
573 0.1170046329498291
574 0.14918915927410126
575 0.11142333596944809
576 0.13859285414218903
577 0.08292964100837708
578 0.10780349373817444
579 0.07980281114578247
580 0.0836285650730133
581 0.09698034077882767
582 0.09272221475839615
583 0.09316238760948181
584 0.1066393181681633
585 0.10051082074642181
586 0.11063388735055923
587 0.10304398834705353
588 0.08911798149347305
589 0.09863784164190292
590 0.1096997931599617
591 0.12826475501060486
592 0.0798768699169159
593 0.08109751343727112
594 0.1249597817659378
595 0.08670255541801453
596 0.1381181925535202
597 0.11519710719585419
598 0.09475211054086685
599 0.10064031183719635
600 0.10341882705688477
601 0.06142352521419525
602 0.09157126396894455
603 0.14397507905960083
604 0.11073053628206253
605 0.09208597987890244
606 0.1191461831331253
607 0.07141074538230896
608 0.12409177422523499
609 0.09506052732467651
610 0.08462386578321457
611 0.11251896619796753
612 0.09803251177072525
613 0.11665526032447815
614 0.10594674199819565
615 0.09964956343173981
616 0.09250553697347641
617 0.12215709686279297
618 0.09135390818119049
619 0.10750897973775864
620 0.10169533640146255
621 0.09534250944852829
622 0.12286443263292313
623 0.11805400997400284
624 0.12371741235256195
625 0.1047462597489357
626 0.13206011056900024
627 0.10140014439821243
628 0.09846106916666031
629 0.08880992233753204
630 0.13215886056423187
631 0.11076383292675018
632 0.09718122333288193
633 0.12258896231651306
634 0.10270699113607407
635 0.12606655061244965
636 0.12537474930286407
637 0.06677506119012833
638 0.10235502570867538
639 0.09152314066886902
640 0.08444254845380783
641 0.11105851829051971
642 0.11071468144655228
643 0.1318150907754898
644 0.08577516674995422
645 0.1260526180267334
646 0.1042385920882225
647 0.10338354110717773
648 0.11976068466901779
649 0.099571093916893
650 0.11769649386405945
651 0.12209917604923248
652 0.07644078880548477
653 0.11621775478124619
654 0.11974503844976425
655 0.08739209175109863
656 0.09494895488023758
657 0.08827610313892365
658 0.0930333361029625
659 0.11364170908927917
660 0.0903506651520729
661 0.08257580548524857
662 0.09321493655443192
663 0.09761033207178116
664 0.06832917034626007
665 0.1246216669678688
666 0.11401201784610748
667 0.08786671608686447
668 0.09697462618350983
669 0.10013801604509354
670 0.10783369094133377
671 0.10521017014980316
672 0.09222543239593506
673 0.10109822452068329
674 0.11732607334852219
675 0.10764749348163605
676 0.07448557019233704
677 0.09891689568758011
678 0.07775187492370605
679 0.13899745047092438
680 0.11890820413827896
681 0.08092030137777328
682 0.11456082761287689
683 0.10740284621715546
684 0.10022067278623581
685 0.07528664916753769
686 0.13347522914409637
687 0.09823662787675858
688 0.11308299750089645
689 0.13267403841018677
690 0.13405679166316986
691 0.10496895760297775
692 0.11347717046737671
693 0.10509911924600601
694 0.15943260490894318
695 0.1221979632973671
696 0.11199554055929184
697 0.08550973236560822
698 0.10525184869766235
699 0.0911010354757309
700 0.08118442445993423
701 0.1005241870880127
702 0.09995336830615997
703 0.11848161369562149
704 0.11666148155927658
705 0.08252749592065811
706 0.08637656271457672
707 0.07279061526060104
708 0.14769044518470764
709 0.09703068435192108
710 0.10706756263971329
711 0.09232351928949356
712 0.09670502692461014
713 0.08046558499336243
714 0.1280330866575241
715 0.07986411452293396
716 0.12027286738157272
717 0.13316096365451813
718 0.08653043955564499
719 0.09842875599861145
720 0.10704980045557022
721 0.08757637441158295
722 0.09408240765333176
723 0.09433715790510178
724 0.10660270601511002
725 0.07286791503429413
726 0.08582835644483566
727 0.1061624139547348
728 0.09371864795684814
729 0.09849855303764343
730 0.1390877068042755
731 0.11312940716743469
732 0.1160600557923317
733 0.13832074403762817
734 0.10240203142166138
735 0.07970384508371353
736 0.16097627580165863
737 0.14917469024658203
738 0.10840348899364471
739 0.11178647726774216
740 0.09659630060195923
741 0.1141674593091011
742 0.08977966755628586
743 0.10660621523857117
744 0.11069946736097336
745 0.1265278458595276
746 0.09062779694795609
747 0.1308707892894745
748 0.06406639516353607
749 0.11208727955818176
750 0.11418348550796509
751 0.086272694170475
752 0.12446697801351547
753 0.07934653013944626
754 0.11066480726003647
755 0.08465208858251572
756 0.09537391364574432
757 0.109220489859581
758 0.08798830956220627
759 0.13193432986736298
760 0.07247316837310791
761 0.11907130479812622
762 0.09736498445272446
763 0.08214223384857178
764 0.0908142551779747
765 0.10180783271789551
766 0.12276873737573624
767 0.08952173590660095
768 0.10283216834068298
769 0.09775382280349731
770 0.10277557373046875
771 0.07250446081161499
772 0.14385150372982025
773 0.09179949760437012
774 0.11412616819143295
775 0.08045417815446854
776 0.12197982519865036
777 0.10271519422531128
778 0.09999299794435501
779 0.11136336624622345
780 0.08980367332696915
781 0.09768524020910263
782 0.06291758269071579
783 0.1097053661942482
784 0.08413280546665192
785 0.12256196141242981
786 0.0849015861749649
787 0.10224565863609314
788 0.07289779931306839
789 0.08600785583257675
790 0.1329185515642166
791 0.1033129021525383
792 0.14601826667785645
793 0.07355239242315292
794 0.1336519867181778
795 0.10077573359012604
796 0.10143721848726273
797 0.07157339155673981
798 0.12875624001026154
799 0.10361405462026596
800 0.10532461106777191
