1 1.1687493324279785
2 1.1122127771377563
3 1.0458869934082031
4 0.9811192154884338
5 0.9103389978408813
6 0.8464186787605286
7 0.7880218029022217
8 0.7342126965522766
9 0.6916295289993286
10 0.6531379818916321
11 0.6184269785881042
12 0.5875879526138306
13 0.5625792741775513
14 0.5357970595359802
15 0.5117055773735046
16 0.48872971534729004
17 0.4672366678714752
18 0.4429832398891449
19 0.42598485946655273
20 0.4113195240497589
21 0.39343446493148804
22 0.37810587882995605
23 0.3645482063293457
24 0.3503095805644989
25 0.3376840054988861
26 0.3253019452095032
27 0.31368792057037354
28 0.30292144417762756
29 0.29281821846961975
30 0.28434357047080994
31 0.2756103277206421
32 0.26839208602905273
33 0.2614037096500397
34 0.25665560364723206
35 0.2474249005317688
36 0.2435697317123413
37 0.23776866495609283
38 0.2339637130498886
39 0.22780363261699677
40 0.22572502493858337
41 0.2210911214351654
42 0.21412985026836395
43 0.21211859583854675
44 0.20611105859279633
45 0.20346464216709137
46 0.201359361410141
47 0.19705888628959656
48 0.19309858977794647
49 0.18978340923786163
50 0.18761351704597473
51 0.1873805671930313
52 0.18218658864498138
53 0.1781083047389984
54 0.17884427309036255
55 0.17544414103031158
56 0.17344066500663757
57 0.17222872376441956
58 0.169322207570076
59 0.16656650602817535
60 0.16521212458610535
61 0.16463999450206757
62 0.1627858281135559
63 0.1598876565694809
64 0.1573805958032608
65 0.15797068178653717
66 0.1571957916021347
67 0.1558658927679062
68 0.15137751400470734
69 0.14956574141979218
70 0.15097342431545258
71 0.14785468578338623
72 0.1454971432685852
73 0.14681211113929749
74 0.14553973078727722
75 0.1443016231060028
76 0.14113743603229523
77 0.1394290328025818
78 0.1397511065006256
79 0.13901187479496002
80 0.13706021010875702
81 0.13748452067375183
82 0.13437649607658386
83 0.13499298691749573
84 0.13352163136005402
85 0.13212674856185913
86 0.1297776848077774
87 0.13194042444229126
88 0.1291951686143875
89 0.12939020991325378
90 0.12806370854377747
91 0.12730464339256287
92 0.12681256234645844
93 0.12435316294431686
94 0.12409022450447083
95 0.12358593195676804
96 0.12287934124469757
97 0.12477751821279526
98 0.12267006188631058
99 0.12213822454214096
100 0.12183160334825516
101 0.12106426060199738
102 0.1204911544919014
103 0.11774733662605286
104 0.1175270676612854
105 0.11736839264631271
106 0.11833968013525009
107 0.11892902851104736
108 0.1164693832397461
109 0.1170150488615036
110 0.11704977601766586
111 0.11662545055150986
112 0.11510046571493149
113 0.11402897536754608
114 0.11306382715702057
115 0.11187306046485901
116 0.11370988190174103
117 0.11238310486078262
118 0.11172608286142349
119 0.10964879393577576
120 0.108588807284832
121 0.10935893654823303
122 0.10832510888576508
123 0.1095600500702858
124 0.10827135294675827
125 0.10864657908678055
126 0.10791879892349243
127 0.10687881708145142
128 0.10589136928319931
129 0.10550753027200699
130 0.10592418164014816
131 0.104512058198452
132 0.10728445649147034
133 0.10494520515203476
134 0.10425712168216705
135 0.10471862554550171
136 0.1035270169377327
137 0.10561748594045639
138 0.10288105905056
139 0.10266588628292084
140 0.10185998678207397
141 0.10159138590097427
142 0.1015682965517044
143 0.10181853175163269
144 0.10069585591554642
145 0.10210258513689041
146 0.10031768679618835
147 0.09871712327003479
148 0.10123110562562943
149 0.098264180123806
150 0.09948115795850754
151 0.09964810311794281
152 0.09671403467655182
153 0.09878846257925034
154 0.09780623018741608
155 0.09759526699781418
156 0.09565100818872452
157 0.09648246318101883
158 0.0953684076666832
159 0.09851108491420746
160 0.09629277884960175
161 0.09573908150196075
162 0.09621480107307434
163 0.09411836415529251
164 0.09712787717580795
165 0.09240738302469254
166 0.09481398016214371
167 0.09301348775625229
168 0.09297218173742294
169 0.0933641791343689
170 0.09457794576883316
171 0.0928344652056694
172 0.09280889481306076
173 0.09063015878200531
174 0.09248220920562744
175 0.09117025136947632
176 0.09191633015871048
177 0.08988053351640701
178 0.09322968870401382
179 0.09228448569774628
180 0.09070989489555359
181 0.09129907935857773
182 0.08951438963413239
183 0.09208376705646515
184 0.08937116712331772
185 0.09117693454027176
186 0.0895584225654602
187 0.08967272937297821
188 0.08871281892061234
189 0.08806741237640381
190 0.08868373930454254
191 0.08924057334661484
192 0.08943408727645874
193 0.08868461847305298
194 0.0891379863023758
195 0.0851096510887146
196 0.08803027868270874
197 0.08768176287412643
198 0.08487720042467117
199 0.08644485473632812
200 0.08658593893051147
201 0.08501310646533966
202 0.08664370328187943
203 0.08559741824865341
204 0.085889533162117
205 0.08596885949373245
206 0.0859602838754654
207 0.08666229248046875
208 0.08453688770532608
209 0.08494329452514648
210 0.08682113885879517
211 0.08315178006887436
212 0.08285252749919891
213 0.08390388637781143
214 0.08294449001550674
215 0.0850873589515686
216 0.08295078575611115
217 0.08459010720252991
218 0.08380527049303055
219 0.08487536758184433
220 0.08455029129981995
221 0.08404658734798431
222 0.08185283094644547
223 0.08272277563810349
224 0.08388310670852661
225 0.08277235180139542
226 0.08354856818914413
227 0.08201535046100616
228 0.08048032969236374
229 0.08204756677150726
230 0.08299064636230469
231 0.08155745267868042
232 0.08224082738161087
233 0.08225671201944351
234 0.07974686473608017
235 0.07826369255781174
236 0.08115965127944946
237 0.08177720755338669
238 0.08109503239393234
239 0.08052263408899307
240 0.08011608570814133
241 0.07776680588722229
242 0.08173476904630661
243 0.08079643547534943
244 0.07879363000392914
245 0.07877293974161148
246 0.07969710230827332
247 0.07770044356584549
248 0.08012327551841736
249 0.08085403591394424
250 0.07619885355234146
251 0.0775165781378746
252 0.07662269473075867
253 0.07846185564994812
254 0.07867671549320221
255 0.07831137627363205
256 0.07755852490663528
257 0.07857200503349304
258 0.07801075279712677
259 0.07608438283205032
260 0.07721059024333954
261 0.07653792202472687
262 0.07603751122951508
263 0.07770434021949768
264 0.07834763824939728
265 0.07727301865816116
266 0.07550208270549774
267 0.07638522982597351
268 0.07491850852966309
269 0.07566743344068527
270 0.07670100033283234
271 0.07629178464412689
272 0.07543189823627472
273 0.07642888277769089
274 0.07670590281486511
275 0.07394485920667648
276 0.07462652027606964
277 0.07403745502233505
278 0.07528766989707947
279 0.07490479946136475
280 0.07437528669834137
281 0.07462586462497711
282 0.07354483753442764
283 0.07333206385374069
284 0.07553045451641083
285 0.07385067641735077
286 0.07235024124383926
287 0.07596058398485184
288 0.07451899349689484
289 0.07477472722530365
290 0.07495854794979095
291 0.07512461394071579
292 0.07108604907989502
293 0.07191590219736099
294 0.07264438271522522
295 0.07253898680210114
296 0.07229673862457275
297 0.07453734427690506
298 0.07308845967054367
299 0.0739099457859993
300 0.07377034425735474
301 0.07173001766204834
302 0.07348208874464035
303 0.07227030396461487
304 0.07295966148376465
305 0.07196028530597687
306 0.07137637585401535
307 0.07461437582969666
308 0.07188607007265091
309 0.0715322494506836
310 0.07073470205068588
311 0.07116526365280151
312 0.07289716601371765
313 0.06940730661153793
314 0.0726599395275116
315 0.07184185087680817
316 0.07181388139724731
317 0.06882436573505402
318 0.07014200091362
319 0.07257673889398575
320 0.0727238580584526
321 0.07071781158447266
322 0.07051883637905121
323 0.07082722336053848
324 0.07005614042282104
325 0.07080872356891632
326 0.07034523040056229
327 0.07003875076770782
328 0.06982484459877014
329 0.07032788544893265
330 0.06944170594215393
331 0.07118696719408035
332 0.06955651193857193
333 0.06939524412155151
334 0.06902207434177399
335 0.06968827545642853
336 0.07105742394924164
337 0.07048686593770981
338 0.06857386976480484
339 0.07040508091449738
340 0.06743236631155014
341 0.06920716166496277
342 0.06895031034946442
343 0.06889721006155014
344 0.06794582307338715
345 0.06806016713380814
346 0.06982538104057312
347 0.06599228829145432
348 0.06704340130090714
349 0.06704338639974594
350 0.06824598461389542
351 0.06940529495477676
352 0.0668482631444931
353 0.06952153146266937
354 0.06752561032772064
355 0.06721393764019012
356 0.06720488518476486
357 0.06716610491275787
358 0.06866244971752167
359 0.06643736362457275
360 0.06887725740671158
361 0.06806579977273941
362 0.06592214107513428
363 0.0661468505859375
364 0.06755585968494415
365 0.06643778085708618
366 0.06624304503202438
367 0.06812378764152527
368 0.0656476765871048
369 0.06629861891269684
370 0.06673967838287354
371 0.06659191846847534
372 0.06594443321228027
373 0.06513012200593948
374 0.06480573862791061
375 0.06688160449266434
376 0.06410806626081467
377 0.06754079461097717
378 0.06620911508798599
379 0.06490808725357056
380 0.06522229313850403
381 0.06503672897815704
382 0.06554055213928223
383 0.0652434378862381
384 0.06626677513122559
385 0.06526996940374374
386 0.06508474051952362
387 0.06279121339321136
388 0.06360889971256256
389 0.0649893507361412
390 0.06526528298854828
391 0.06494718044996262
392 0.06349315494298935
393 0.06365898996591568
394 0.06488881260156631
395 0.06568004190921783
396 0.06305538862943649
397 0.06588909029960632
398 0.06374407559633255
399 0.06447051465511322
400 0.06329274922609329
