1 1.0644886493682861
2 0.725540280342102
3 0.5903207659721375
4 0.5264214277267456
5 0.47201547026634216
6 0.43709129095077515
7 0.40464839339256287
8 0.38139772415161133
9 0.3621453642845154
10 0.340406209230423
11 0.3240549564361572
12 0.31644290685653687
13 0.29637303948402405
14 0.295160174369812
15 0.28514230251312256
16 0.2812938392162323
17 0.2830391824245453
18 0.27263304591178894
19 0.27470630407333374
20 0.2658177614212036
21 0.2602556645870209
22 0.25862085819244385
23 0.2635825574398041
24 0.25748366117477417
25 0.256850928068161
26 0.25948667526245117
27 0.24909275770187378
28 0.25780269503593445
29 0.24123504757881165
30 0.25467419624328613
31 0.24118749797344208
32 0.2443990707397461
33 0.2480301409959793
34 0.2470725178718567
35 0.2334742546081543
36 0.2488766759634018
37 0.24862264096736908
38 0.24416737258434296
39 0.23627865314483643
40 0.2456422597169876
41 0.24350331723690033
42 0.23567980527877808
43 0.2488832175731659
44 0.22857192158699036
45 0.23567837476730347
46 0.24045898020267487
47 0.24172620475292206
48 0.23772495985031128
49 0.2505786418914795
50 0.24000142514705658
51 0.2422294020652771
52 0.2289552390575409
53 0.23618417978286743
54 0.2452043890953064
55 0.22615326941013336
56 0.23660796880722046
57 0.2293597310781479
58 0.2253604680299759
59 0.22458598017692566
60 0.2442988157272339
61 0.232927605509758
62 0.2268565446138382
63 0.22864997386932373
64 0.23970043659210205
65 0.22992129623889923
66 0.22723625600337982
67 0.2319173365831375
68 0.2289988398551941
69 0.2301209419965744
70 0.23311766982078552
71 0.24501357972621918
72 0.23442129790782928
73 0.22189044952392578
74 0.2298945039510727
75 0.21860337257385254
76 0.23003730177879333
77 0.21577826142311096
78 0.2386622428894043
79 0.21672093868255615
80 0.22849297523498535
81 0.22904478013515472
82 0.23723341524600983
83 0.21861311793327332
84 0.2258591502904892
85 0.2270222008228302
86 0.23039273917675018
87 0.2256074696779251
88 0.21469055116176605
89 0.2226124405860901
90 0.2113747000694275
91 0.22804449498653412
92 0.20946712791919708
93 0.21332094073295593
94 0.2185823917388916
95 0.22077234089374542
96 0.21953457593917847
97 0.21703755855560303
98 0.20591598749160767
99 0.2326347976922989
100 0.21494123339653015
101 0.20753857493400574
102 0.21521104872226715
103 0.2015419453382492
104 0.20975185930728912
105 0.2103496789932251
106 0.2133786529302597
107 0.20433007180690765
108 0.21538473665714264
109 0.20077237486839294
110 0.2075522541999817
111 0.2177957147359848
112 0.2063239961862564
113 0.21504700183868408
114 0.19730083644390106
115 0.20655281841754913
116 0.1997707635164261
117 0.20415818691253662
118 0.22429649531841278
119 0.20610365271568298
120 0.19846010208129883
121 0.20026537775993347
122 0.20914140343666077
123 0.19713816046714783
124 0.19775518774986267
125 0.20575639605522156
126 0.19411003589630127
127 0.19654540717601776
128 0.2086823582649231
129 0.19820407032966614
130 0.2039089798927307
131 0.20468096435070038
132 0.20742326974868774
133 0.19859683513641357
134 0.1978268027305603
135 0.19631272554397583
136 0.19048602879047394
137 0.20070943236351013
138 0.18575312197208405
139 0.1954965442419052
140 0.19767919182777405
141 0.19372184574604034
142 0.19563567638397217
143 0.19444671273231506
144 0.20269832015037537
145 0.19754762947559357
146 0.2082386314868927
147 0.1896202117204666
148 0.19539551436901093
149 0.18923667073249817
150 0.1800549179315567
151 0.19526489078998566
152 0.18894973397254944
153 0.20105743408203125
154 0.2034645527601242
155 0.1943432092666626
156 0.19553950428962708
157 0.188243567943573
158 0.194911926984787
159 0.19686003029346466
160 0.19320757687091827
161 0.19678956270217896
162 0.19705194234848022
163 0.19524499773979187
164 0.19149869680404663
165 0.1982446014881134
166 0.19176563620567322
167 0.19339342415332794
168 0.18438507616519928
169 0.1948200911283493
170 0.18703389167785645
171 0.1882060468196869
172 0.18574678897857666
173 0.1829719990491867
174 0.20592229068279266
175 0.19606609642505646
176 0.19010639190673828
177 0.19415077567100525
178 0.19545674324035645
179 0.2026672214269638
180 0.18447625637054443
181 0.18810909986495972
182 0.1878080666065216
183 0.19885465502738953
184 0.19016845524311066
185 0.18916906416416168
186 0.19993837177753448
187 0.17357058823108673
188 0.18887612223625183
189 0.1889328509569168
190 0.19662337005138397
191 0.20245882868766785
192 0.19042234122753143
193 0.18710437417030334
194 0.211290180683136
195 0.1911269873380661
196 0.1829538196325302
197 0.18352261185646057
198 0.19727253913879395
199 0.1834145039319992
200 0.18471479415893555
201 0.1941390484571457
202 0.19480837881565094
203 0.17722667753696442
204 0.18989676237106323
205 0.1855597347021103
206 0.1940898895263672
207 0.190153107047081
208 0.19252094626426697
209 0.19908076524734497
210 0.19216977059841156
211 0.18591296672821045
212 0.19858182966709137
213 0.1960006058216095
214 0.18353576958179474
215 0.1962597817182541
216 0.18330878019332886
217 0.19817838072776794
218 0.1982143074274063
219 0.1952562928199768
220 0.1915317177772522
221 0.1940440982580185
222 0.18102923035621643
223 0.1839563399553299
224 0.18296901881694794
225 0.18349196016788483
226 0.19572502374649048
227 0.19285498559474945
228 0.1921178698539734
229 0.19781872630119324
230 0.18490952253341675
231 0.19190162420272827
232 0.1812599152326584
233 0.20795336365699768
234 0.18320077657699585
235 0.19197258353233337
236 0.19088254868984222
237 0.19007550179958344
238 0.18720535933971405
239 0.2056841403245926
240 0.1904740035533905
241 0.19148942828178406
242 0.19896754622459412
243 0.19072000682353973
244 0.19452343881130219
245 0.1840478628873825
246 0.18100258708000183
247 0.18570858240127563
248 0.20027077198028564
249 0.1845349222421646
250 0.20845745503902435
251 0.19034124910831451
252 0.1927461475133896
253 0.19869579374790192
254 0.1952807605266571
255 0.19464386999607086
256 0.18121837079524994
257 0.19675008952617645
258 0.1759699136018753
259 0.18763472139835358
260 0.18798226118087769
261 0.18431279063224792
262 0.17617163062095642
263 0.20011983811855316
264 0.19559575617313385
265 0.19002665579319
266 0.19542545080184937
267 0.1698998361825943
268 0.17787522077560425
269 0.19066499173641205
270 0.18458732962608337
271 0.18777446448802948
272 0.18505865335464478
273 0.19462749361991882
274 0.19011713564395905
275 0.19159775972366333
276 0.19061419367790222
277 0.18517914414405823
278 0.19138747453689575
279 0.17811456322669983
280 0.1888652741909027
281 0.18317881226539612
282 0.181271493434906
283 0.187180757522583
284 0.1825038492679596
285 0.18909332156181335
286 0.190058633685112
287 0.18415136635303497
288 0.18064051866531372
289 0.1877882331609726
290 0.18988582491874695
291 0.19531358778476715
292 0.18811427056789398
293 0.18526917695999146
294 0.18443934619426727
295 0.19888782501220703
296 0.19043591618537903
297 0.17662125825881958
298 0.19242991507053375
299 0.19115698337554932
300 0.18395592272281647
301 0.18274031579494476
302 0.17946499586105347
303 0.1895914077758789
304 0.1770561933517456
305 0.19195280969142914
306 0.1947971135377884
307 0.2020789235830307
308 0.1844116449356079
309 0.19671601057052612
310 0.20463119447231293
311 0.18543924391269684
312 0.18479731678962708
313 0.19703686237335205
314 0.1945638209581375
315 0.17825941741466522
316 0.1828898936510086
317 0.19398893415927887
318 0.18456460535526276
319 0.19704489409923553
320 0.18907389044761658
321 0.1834602952003479
322 0.18604671955108643
323 0.17788836359977722
324 0.18047085404396057
325 0.19026987254619598
326 0.18146423995494843
327 0.1727694869041443
328 0.19224943220615387
329 0.18521752953529358
330 0.1775783896446228
331 0.1798105239868164
332 0.2036566436290741
333 0.1927897036075592
334 0.1877366006374359
335 0.20307262241840363
336 0.18780948221683502
337 0.19835646450519562
338 0.18799404799938202
339 0.20447386801242828
340 0.19351467490196228
341 0.18546724319458008
342 0.1974002569913864
343 0.19075238704681396
344 0.1883731186389923
345 0.17868876457214355
346 0.19110582768917084
347 0.20023468136787415
348 0.18840810656547546
349 0.1984708309173584
350 0.19136826694011688
351 0.18492406606674194
352 0.1825210154056549
353 0.19486118853092194
354 0.18877238035202026
355 0.19862370193004608
356 0.18627232313156128
357 0.19177113473415375
358 0.18412145972251892
359 0.18937687575817108
360 0.19301851093769073
361 0.1976327747106552
362 0.19413933157920837
363 0.1943923383951187
364 0.20027853548526764
365 0.1859549731016159
366 0.18307466804981232
367 0.1942732036113739
368 0.18373975157737732
369 0.18519409000873566
370 0.20130664110183716
371 0.183524489402771
372 0.1768510937690735
373 0.17809097468852997
374 0.1832813173532486
375 0.2004668116569519
376 0.17668893933296204
377 0.1954422891139984
378 0.1960672289133072
379 0.1982356160879135
380 0.19535940885543823
381 0.1848641186952591
382 0.18426449596881866
383 0.1881905198097229
384 0.19140690565109253
385 0.18191735446453094
386 0.18370985984802246
387 0.18251192569732666
388 0.20576027035713196
389 0.18800164759159088
390 0.18467362225055695
391 0.19023635983467102
392 0.1824372559785843
393 0.18496020138263702
394 0.20425045490264893
395 0.18642625212669373
396 0.18733857572078705
397 0.1887526661157608
398 0.18460305035114288
399 0.1745513379573822
400 0.18729326128959656
401 0.18983249366283417
402 0.1888148933649063
403 0.19467100501060486
404 0.19177576899528503
405 0.19777807593345642
406 0.18629567325115204
407 0.18123261630535126
408 0.1903424710035324
409 0.18413373827934265
410 0.1978701502084732
411 0.1950536072254181
412 0.17971393465995789
413 0.18981601297855377
414 0.17249901592731476
415 0.17863944172859192
416 0.19728966057300568
417 0.18644066154956818
418 0.19542710483074188
419 0.18764632940292358
420 0.1984148472547531
421 0.17871308326721191
422 0.18946035206317902
423 0.18635345995426178
424 0.1915978342294693
425 0.18301023542881012
426 0.1841384470462799
427 0.1941782683134079
428 0.19116586446762085
429 0.17937278747558594
430 0.1825323849916458
431 0.17905935645103455
432 0.19154497981071472
433 0.1758590191602707
434 0.1970156878232956
435 0.20254163444042206
436 0.1806253343820572
437 0.19213157892227173
438 0.19233478605747223
439 0.19323495030403137
440 0.17766211926937103
441 0.20042678713798523
442 0.18051423132419586
443 0.19856512546539307
444 0.1927100419998169
445 0.2013286054134369
446 0.18317756056785583
447 0.18629078567028046
448 0.19417624175548553
449 0.1869981586933136
450 0.18432579934597015
451 0.18873344361782074
452 0.18758103251457214
453 0.1810152679681778
454 0.19108732044696808
455 0.1920405477285385
456 0.17571111023426056
457 0.18522904813289642
458 0.18216203153133392
459 0.1937500536441803
460 0.2002503126859665
461 0.19278058409690857
462 0.19648946821689606
463 0.18526111543178558
464 0.189566507935524
465 0.18354324996471405
466 0.19617219269275665
467 0.1929188072681427
468 0.18709520995616913
469 0.18319301307201385
470 0.174249529838562
471 0.18048036098480225
472 0.19788195192813873
473 0.20465722680091858
474 0.17636550962924957
475 0.1800984889268875
476 0.1844172477722168
477 0.20818032324314117
478 0.18664556741714478
479 0.18630290031433105
480 0.17476361989974976
481 0.1927657574415207
482 0.18716731667518616
483 0.20375601947307587
484 0.19242694973945618
485 0.18215061724185944
486 0.18861857056617737
487 0.1813175529241562
488 0.18081746995449066
489 0.19523826241493225
490 0.18364840745925903
491 0.1854780614376068
492 0.1839001178741455
493 0.17650306224822998
494 0.18405719101428986
495 0.19865435361862183
496 0.16631697118282318
497 0.1772814244031906
498 0.1872807890176773
499 0.18959248065948486
500 0.17335724830627441
501 0.18064166605472565
502 0.2015496790409088
503 0.17268531024456024
504 0.17249442636966705
505 0.1850908100605011
506 0.1816508173942566
507 0.19381116330623627
508 0.18563686311244965
509 0.1808840036392212
510 0.1755172610282898
511 0.18956433236598969
512 0.18841984868049622
513 0.18285386264324188
514 0.19163839519023895
515 0.17317913472652435
516 0.18929196894168854
517 0.18808011710643768
518 0.1772073656320572
519 0.1913800984621048
520 0.19020333886146545
521 0.18232524394989014
522 0.1967162787914276
523 0.19280973076820374
524 0.18232093751430511
525 0.18178167939186096
526 0.19459936022758484
527 0.17072296142578125
528 0.18569748103618622
529 0.17323847115039825
530 0.1817891001701355
531 0.17411449551582336
532 0.21466673910617828
533 0.18458987772464752
534 0.19478876888751984
535 0.19663672149181366
536 0.19307184219360352
537 0.2051057070493698
538 0.18440879881381989
539 0.1892469972372055
540 0.1827191859483719
541 0.18455347418785095
542 0.18599361181259155
543 0.1862352192401886
544 0.1864527463912964
545 0.18704059720039368
546 0.18325690925121307
547 0.1852063536643982
548 0.18683476746082306
549 0.19987650215625763
550 0.18096041679382324
551 0.17632590234279633
552 0.19167964160442352
553 0.18667572736740112
554 0.18510545790195465
555 0.18337054550647736
556 0.19072793424129486
557 0.18592144548892975
558 0.1847577542066574
559 0.18554051220417023
560 0.19800253212451935
561 0.17504730820655823
562 0.178995281457901
563 0.2007899135351181
564 0.19280175864696503
565 0.1801864057779312
566 0.18772774934768677
567 0.18515340983867645
568 0.19375453889369965
569 0.19352088868618011
570 0.1805916577577591
571 0.17935621738433838
572 0.19003722071647644
573 0.19288021326065063
574 0.17987509071826935
575 0.20267857611179352
576 0.18542487919330597
577 0.19666734337806702
578 0.18268106877803802
579 0.18293972313404083
580 0.17837747931480408
581 0.19270578026771545
582 0.1797294169664383
583 0.20454005897045135
584 0.17435356974601746
585 0.19275020062923431
586 0.1896733045578003
587 0.1945028156042099
588 0.18216612935066223
589 0.18834954500198364
590 0.18796564638614655
591 0.17692312598228455
592 0.20270363986492157
593 0.18413901329040527
594 0.1852971911430359
595 0.18902304768562317
596 0.18108898401260376
597 0.19057968258857727
598 0.1902756541967392
599 0.1880437284708023
600 0.19217301905155182
601 0.19608183205127716
602 0.19472335278987885
603 0.18394233286380768
604 0.19203124940395355
605 0.1997935026884079
606 0.1811693012714386
607 0.18110445141792297
608 0.1850184202194214
609 0.1823974996805191
610 0.18640008568763733
611 0.18820294737815857
612 0.19626538455486298
613 0.18198885023593903
614 0.16939541697502136
615 0.191023051738739
616 0.19135339558124542
617 0.18831659853458405
618 0.18117764592170715
619 0.17747412621974945
620 0.17194683849811554
621 0.18691156804561615
622 0.1771763116121292
623 0.17736081779003143
624 0.18745779991149902
625 0.1880769580602646
626 0.18980348110198975
627 0.20392782986164093
628 0.18698590993881226
629 0.18559667468070984
630 0.18654321134090424
631 0.1922668218612671
632 0.17909695208072662
633 0.19424030184745789
634 0.17632432281970978
635 0.19151219725608826
636 0.19234518706798553
637 0.17839853465557098
638 0.19013483822345734
639 0.1847476363182068
640 0.166246697306633
641 0.18472102284431458
642 0.20187628269195557
643 0.1793239265680313
644 0.19058582186698914
645 0.17605642974376678
646 0.1749323010444641
647 0.18341010808944702
648 0.17832711338996887
649 0.18373271822929382
650 0.18259616196155548
651 0.19482913613319397
652 0.1807474046945572
653 0.17211779952049255
654 0.19304244220256805
655 0.1826721429824829
656 0.19525964558124542
657 0.18217530846595764
658 0.17961615324020386
659 0.18753808736801147
660 0.17721906304359436
661 0.17834793031215668
662 0.19121578335762024
663 0.17377087473869324
664 0.17541326582431793
665 0.19145116209983826
666 0.18687480688095093
667 0.19252894818782806
668 0.18447892367839813
669 0.1730136275291443
670 0.18180817365646362
671 0.1852113902568817
672 0.19370000064373016
673 0.18625524640083313
674 0.16375167667865753
675 0.18662497401237488
676 0.20351199805736542
677 0.1761668622493744
678 0.1933419555425644
679 0.20064283907413483
680 0.1883917897939682
681 0.1989142894744873
682 0.19138465821743011
683 0.19099394977092743
684 0.19029872119426727
685 0.18666794896125793
686 0.1900860220193863
687 0.2027432769536972
688 0.1751435399055481
689 0.1781061887741089
690 0.18276387453079224
691 0.190170556306839
692 0.19188964366912842
693 0.19671224057674408
694 0.18890145421028137
695 0.16966113448143005
696 0.17700375616550446
697 0.17206545174121857
698 0.19443100690841675
699 0.17238564789295197
700 0.19187073409557343
701 0.17752733826637268
702 0.19800126552581787
703 0.18811574578285217
704 0.18477164208889008
705 0.201655775308609
706 0.18517039716243744
707 0.1671629548072815
708 0.18596923351287842
709 0.18709243834018707
710 0.17919154465198517
711 0.1844138354063034
712 0.17215536534786224
713 0.19431975483894348
714 0.1965683400630951
715 0.16796886920928955
716 0.19187285006046295
717 0.18878476321697235
718 0.1847512274980545
719 0.1948423683643341
720 0.17937132716178894
721 0.20649217069149017
722 0.18741582334041595
723 0.18522298336029053
724 0.18734069168567657
725 0.175958514213562
726 0.17443904280662537
727 0.1818421334028244
728 0.1795809268951416
729 0.17626525461673737
730 0.18303658068180084
731 0.18532611429691315
732 0.19265177845954895
733 0.18798553943634033
734 0.17292244732379913
735 0.18841616809368134
736 0.1976526826620102
737 0.1891135573387146
738 0.1847514659166336
739 0.18503338098526
740 0.17354993522167206
741 0.18256638944149017
742 0.17726030945777893
743 0.18601201474666595
744 0.19797298312187195
745 0.1935751885175705
746 0.20002448558807373
747 0.18533632159233093
748 0.18693026900291443
749 0.19710266590118408
750 0.1865389347076416
751 0.19628044962882996
752 0.18315687775611877
753 0.18462370336055756
754 0.18684165179729462
755 0.17807261645793915
756 0.19124579429626465
757 0.18470999598503113
758 0.1738496571779251
759 0.1942533701658249
760 0.1759861260652542
761 0.2028672844171524
762 0.1814359873533249
763 0.20309720933437347
764 0.2013203203678131
765 0.17756719887256622
766 0.1853567212820053
767 0.1938239485025406
768 0.19026795029640198
769 0.18315817415714264
770 0.19037598371505737
771 0.18480564653873444
772 0.1770745813846588
773 0.2027803212404251
774 0.17511509358882904
775 0.18047335743904114
776 0.1831764131784439
777 0.18234559893608093
778 0.18691246211528778
779 0.17038321495056152
780 0.19874756038188934
781 0.1748219132423401
782 0.18105395138263702
783 0.19732506573200226
784 0.18076801300048828
785 0.1798246204853058
786 0.18465393781661987
787 0.1793975830078125
788 0.19747652113437653
789 0.18906988203525543
790 0.18497830629348755
791 0.1806790977716446
792 0.1759434938430786
793 0.17382580041885376
794 0.17867150902748108
795 0.18011142313480377
796 0.16875724494457245
797 0.1966913789510727
798 0.18287554383277893
799 0.20021262764930725
800 0.185305655002594
