1 1.19816255569458
2 1.1640690565109253
3 1.1420410871505737
4 1.113925576210022
5 1.0813246965408325
6 1.0434329509735107
7 1.0086321830749512
8 0.9716681838035583
9 0.9361222386360168
10 0.9072283506393433
11 0.8800990581512451
12 0.8537949919700623
13 0.8292070031166077
14 0.8070052862167358
15 0.784701406955719
16 0.7636916637420654
17 0.7458568811416626
18 0.7284688353538513
19 0.7133942246437073
20 0.7008460760116577
21 0.6872045993804932
22 0.6746642589569092
23 0.6622137427330017
24 0.6494683027267456
25 0.6395736932754517
26 0.6312116980552673
27 0.6216658353805542
28 0.6131795048713684
29 0.60463947057724
30 0.5975031852722168
31 0.589550256729126
32 0.5829364061355591
33 0.5750575065612793
34 0.5688542127609253
35 0.5615814328193665
36 0.5562564730644226
37 0.5506247878074646
38 0.5449500679969788
39 0.5391939282417297
40 0.5346534848213196
41 0.528671383857727
42 0.5240885019302368
43 0.5210458040237427
44 0.5150141716003418
45 0.51053386926651
46 0.5076441168785095
47 0.5030429363250732
48 0.4988645911216736
49 0.4949103593826294
50 0.4910927712917328
51 0.4872342050075531
52 0.4832633137702942
53 0.47922369837760925
54 0.4762283265590668
55 0.4732498228549957
56 0.46943211555480957
57 0.46593955159187317
58 0.46183446049690247
59 0.4587412476539612
60 0.4551403522491455
61 0.4512472152709961
62 0.4488076865673065
63 0.4461681842803955
64 0.44233790040016174
65 0.44014373421669006
66 0.4364658296108246
67 0.43386924266815186
68 0.4308169186115265
69 0.42672473192214966
70 0.42461398243904114
71 0.4218955636024475
72 0.4192443788051605
73 0.41704997420310974
74 0.4142889678478241
75 0.41136664152145386
76 0.40869107842445374
77 0.4073445498943329
78 0.4051031172275543
79 0.40215927362442017
80 0.4003068804740906
81 0.39786529541015625
82 0.3954305648803711
83 0.3927523195743561
84 0.3910181224346161
85 0.3883858025074005
86 0.38632732629776
87 0.3837251365184784
88 0.3817780315876007
89 0.3799457848072052
90 0.3775826692581177
91 0.37535813450813293
92 0.37474530935287476
93 0.3713456690311432
94 0.3703667223453522
95 0.3681550621986389
96 0.36636653542518616
97 0.36476656794548035
98 0.36283132433891296
99 0.36040201783180237
100 0.3599584996700287
101 0.3582795262336731
102 0.3562439978122711
103 0.35463768243789673
104 0.3525218069553375
105 0.351712167263031
106 0.349728524684906
107 0.34773769974708557
108 0.3467586040496826
109 0.3454158306121826
110 0.3434711694717407
111 0.341932088136673
112 0.3410390317440033
113 0.3392097055912018
114 0.3371804356575012
115 0.3365604877471924
116 0.3324436843395233
117 0.3346165716648102
118 0.33207234740257263
119 0.3311068117618561
120 0.32982105016708374
121 0.32908913493156433
122 0.326386958360672
123 0.32630646228790283
124 0.32505208253860474
125 0.32377296686172485
126 0.3225465714931488
127 0.32132667303085327
128 0.3195399045944214
129 0.3179122805595398
130 0.3168583810329437
131 0.31799378991127014
132 0.3151562809944153
133 0.3154798150062561
134 0.313505083322525
135 0.31221917271614075
136 0.311549574136734
137 0.31097811460494995
138 0.30905967950820923
139 0.3086477220058441
140 0.30597755312919617
141 0.30581843852996826
142 0.30540916323661804
143 0.3044683039188385
144 0.30316513776779175
145 0.30205708742141724
146 0.3013198673725128
147 0.30018341541290283
148 0.299154669046402
149 0.29885613918304443
150 0.2979792356491089
151 0.2971763610839844
152 0.29498928785324097
153 0.29571643471717834
154 0.29387903213500977
155 0.293525367975235
156 0.2930443584918976
157 0.29149723052978516
158 0.2905106544494629
159 0.29013964533805847
160 0.28911715745925903
161 0.288533478975296
162 0.2871128022670746
163 0.2868427634239197
164 0.2854841947555542
165 0.28430575132369995
166 0.2839166522026062
167 0.28386127948760986
168 0.28200897574424744
169 0.2812805473804474
170 0.2817500829696655
171 0.28024888038635254
172 0.27925655245780945
173 0.2785055935382843
174 0.27828481793403625
175 0.27661803364753723
176 0.2760692536830902
177 0.2738640010356903
178 0.27387672662734985
179 0.2737407684326172
180 0.273622989654541
181 0.2728150486946106
182 0.2723815143108368
183 0.27012142539024353
184 0.2696421444416046
185 0.2690850496292114
186 0.2685648202896118
187 0.2665310204029083
188 0.266935795545578
189 0.26688307523727417
190 0.26550355553627014
191 0.26471301913261414
192 0.2636220455169678
193 0.26184362173080444
194 0.2626534104347229
195 0.26014935970306396
196 0.2621713876724243
197 0.2607044577598572
198 0.25933629274368286
199 0.2582601308822632
200 0.25846415758132935
201 0.2570030689239502
202 0.25823497772216797
203 0.25603240728378296
204 0.2553486227989197
205 0.2546018064022064
206 0.25423896312713623
207 0.25305357575416565
208 0.2527516782283783
209 0.2529178857803345
210 0.2507361173629761
211 0.2504118084907532
212 0.2505705952644348
213 0.24971045553684235
214 0.24936452507972717
215 0.24838891625404358
216 0.2482644021511078
217 0.24692927300930023
218 0.2462846338748932
219 0.24645383656024933
220 0.24527306854724884
221 0.24549591541290283
222 0.2440604865550995
223 0.24300970137119293
224 0.2423025369644165
225 0.2426425814628601
226 0.24255062639713287
227 0.24156351387500763
228 0.24140027165412903
229 0.23944135010242462
230 0.23985619843006134
231 0.23941656947135925
232 0.23874694108963013
233 0.2388753741979599
234 0.23728716373443604
235 0.23682735860347748
236 0.23660601675510406
237 0.23595213890075684
238 0.23607681691646576
239 0.23570992052555084
240 0.23536837100982666
241 0.23309269547462463
242 0.2328663319349289
243 0.234312042593956
244 0.2332250028848648
245 0.23281411826610565
246 0.23102881014347076
247 0.23175451159477234
248 0.2326234132051468
249 0.23112599551677704
250 0.22983157634735107
251 0.23023095726966858
252 0.23060059547424316
253 0.22858941555023193
254 0.22909033298492432
255 0.22813980281352997
256 0.22822198271751404
257 0.22717995941638947
258 0.22716139256954193
259 0.22679832577705383
260 0.22694770991802216
261 0.2275180220603943
262 0.22583001852035522
263 0.22620362043380737
264 0.22533594071865082
265 0.22443652153015137
266 0.22378747165203094
267 0.22373875975608826
268 0.22444435954093933
269 0.22432060539722443
270 0.22243307530879974
271 0.22287805378437042
272 0.22345340251922607
273 0.22180762887001038
274 0.2206873595714569
275 0.22239400446414948
276 0.22178108990192413
277 0.22093480825424194
278 0.2204970419406891
279 0.22172683477401733
280 0.21951748430728912
281 0.22107122838497162
282 0.22025378048419952
283 0.22001758217811584
284 0.2190137654542923
285 0.21933819353580475
286 0.21786722540855408
287 0.2175055742263794
288 0.21864202618598938
289 0.21760275959968567
290 0.2183745950460434
291 0.21674881875514984
292 0.2173513025045395
293 0.21751892566680908
294 0.21608330309391022
295 0.21477653086185455
296 0.21691204607486725
297 0.21476618945598602
298 0.21603134274482727
299 0.2154422551393509
300 0.21561871469020844
301 0.21368896961212158
302 0.21396015584468842
303 0.21470630168914795
304 0.21404929459095
305 0.2138732522726059
306 0.21352747082710266
307 0.21423663198947906
308 0.21299155056476593
309 0.21248681843280792
310 0.2127954661846161
311 0.2119160294532776
312 0.21248231828212738
313 0.21268145740032196
314 0.21139872074127197
315 0.2117794007062912
316 0.21093636751174927
317 0.21160781383514404
318 0.210410937666893
319 0.21141816675662994
320 0.2105882316827774
321 0.2105407416820526
322 0.21042588353157043
323 0.20915549993515015
324 0.20922549068927765
325 0.20900101959705353
326 0.2094830721616745
327 0.20876283943653107
328 0.21029098331928253
329 0.2093740552663803
330 0.20834441483020782
331 0.208353191614151
332 0.20761127769947052
333 0.20836038887500763
334 0.20847895741462708
335 0.20793884992599487
336 0.20781053602695465
337 0.20736543834209442
338 0.2064836323261261
339 0.2065635323524475
340 0.20693808794021606
341 0.20622976124286652
342 0.20720219612121582
343 0.20583942532539368
344 0.2064695954322815
345 0.2041630893945694
346 0.20622332394123077
347 0.20538988709449768
348 0.20613446831703186
349 0.20513567328453064
350 0.20470759272575378
351 0.2051490694284439
352 0.20497018098831177
353 0.204281285405159
354 0.20520952343940735
355 0.2039814293384552
356 0.20320303738117218
357 0.20333535969257355
358 0.20246638357639313
359 0.20354188978672028
360 0.20313385128974915
361 0.2033182978630066
362 0.20239140093326569
363 0.20307356119155884
364 0.2025439590215683
365 0.20258688926696777
366 0.2018572837114334
367 0.203050434589386
368 0.2016005516052246
369 0.20181399583816528
370 0.20279358327388763
371 0.20214489102363586
372 0.2010115385055542
373 0.2023596167564392
374 0.20199616253376007
375 0.20074689388275146
376 0.20061439275741577
377 0.20017801225185394
378 0.2014242559671402
379 0.20031431317329407
380 0.19957831501960754
381 0.20103058218955994
382 0.19975526630878448
383 0.1992775946855545
384 0.19934684038162231
385 0.19885480403900146
386 0.19915761053562164
387 0.19838154315948486
388 0.19901563227176666
389 0.1998424530029297
390 0.19855588674545288
391 0.19764068722724915
392 0.19799545407295227
393 0.19840335845947266
394 0.19763152301311493
395 0.19803325831890106
396 0.19735528528690338
397 0.19779528677463531
398 0.19753846526145935
399 0.19691872596740723
400 0.197975754737854
401 0.19611571729183197
402 0.1956818401813507
403 0.1973230540752411
404 0.1974160075187683
405 0.19699062407016754
406 0.19630566239356995
407 0.1967007964849472
408 0.19595466554164886
409 0.19706851243972778
410 0.19563494622707367
411 0.1957324743270874
412 0.19437377154827118
413 0.19591744244098663
414 0.19496820867061615
415 0.19717861711978912
416 0.19528406858444214
417 0.195551797747612
418 0.1948002129793167
419 0.19466738402843475
420 0.19313502311706543
421 0.19412516057491302
422 0.1952734887599945
423 0.19524239003658295
424 0.19456040859222412
425 0.1941101998090744
426 0.19315260648727417
427 0.19243374466896057
428 0.19335462152957916
429 0.19181984663009644
430 0.19400791823863983
431 0.19255280494689941
432 0.19285039603710175
433 0.19287697970867157
434 0.19319574534893036
435 0.19267219305038452
436 0.1931857466697693
437 0.19171762466430664
438 0.1914178729057312
439 0.1924401968717575
440 0.19257816672325134
441 0.19256611168384552
442 0.19177290797233582
443 0.19193366169929504
444 0.19226031005382538
445 0.19217218458652496
446 0.19099445641040802
447 0.19168925285339355
448 0.19143934547901154
449 0.19204531610012054
450 0.1908736377954483
451 0.1903122067451477
452 0.1907108873128891
453 0.19017739593982697
454 0.1904986947774887
455 0.19009067118167877
456 0.19044813513755798
457 0.18938098847866058
458 0.1910957247018814
459 0.19048172235488892
460 0.1899600625038147
461 0.1901031732559204
462 0.19014039635658264
463 0.18999697268009186
464 0.19058698415756226
465 0.18901054561138153
466 0.18879376351833344
467 0.18877288699150085
468 0.1886269450187683
469 0.1886604130268097
470 0.18940411508083344
471 0.1878442019224167
472 0.18806514143943787
473 0.1891004890203476
474 0.18841513991355896
475 0.18752412497997284
476 0.1879657506942749
477 0.18833106756210327
478 0.18772479891777039
479 0.18713296949863434
480 0.1869148313999176
481 0.18671642243862152
482 0.18785597383975983
483 0.1875716745853424
484 0.18717403709888458
485 0.1874372363090515
486 0.18823906779289246
487 0.18716581165790558
488 0.18780775368213654
489 0.1868322193622589
490 0.18753065168857574
491 0.18628016114234924
492 0.18667472898960114
493 0.1860235035419464
494 0.1858527511358261
495 0.18595737218856812
496 0.187475323677063
497 0.1854538917541504
498 0.18676602840423584
499 0.18529841303825378
500 0.18669754266738892
501 0.18542852997779846
502 0.18516474962234497
503 0.1861480325460434
504 0.18607912957668304
505 0.18470755219459534
506 0.18485687673091888
507 0.18558117747306824
508 0.18579722940921783
509 0.18464791774749756
510 0.18509827554225922
511 0.18503648042678833
512 0.18508176505565643
513 0.18486377596855164
514 0.18502256274223328
515 0.18410570919513702
516 0.18395839631557465
517 0.18375444412231445
518 0.1839003562927246
519 0.18388494849205017
520 0.18353989720344543
521 0.1847316026687622
522 0.18302200734615326
523 0.18344853818416595
524 0.18292991816997528
525 0.1838476061820984
526 0.1827419251203537
527 0.18303236365318298
528 0.18254545331001282
529 0.1828254759311676
530 0.18260833621025085
531 0.18141832947731018
532 0.1831623911857605
533 0.18284401297569275
534 0.18283547461032867
535 0.18129636347293854
536 0.18213756382465363
537 0.18336457014083862
538 0.18243050575256348
539 0.18163780868053436
540 0.18172170221805573
541 0.18188847601413727
542 0.1813143640756607
543 0.18149657547473907
544 0.1815473735332489
545 0.18107379972934723
546 0.18055953085422516
547 0.18012937903404236
548 0.1803136020898819
549 0.18064656853675842
550 0.18062713742256165
551 0.18135526776313782
552 0.18144936859607697
553 0.1820124238729477
554 0.18105177581310272
555 0.18102730810642242
556 0.18027597665786743
557 0.18060928583145142
558 0.1803610771894455
559 0.17984482645988464
560 0.18078655004501343
561 0.1804703027009964
562 0.1793607920408249
563 0.18033528327941895
564 0.1800481081008911
565 0.1791834831237793
566 0.18036997318267822
567 0.1781941056251526
568 0.18010269105434418
569 0.17940981686115265
570 0.17855660617351532
571 0.1799296736717224
572 0.17824187874794006
573 0.1785186231136322
574 0.17686738073825836
575 0.17912723124027252
576 0.1787603199481964
577 0.1792888194322586
578 0.1784447580575943
579 0.17832693457603455
580 0.1768876612186432
581 0.17897279560565948
582 0.17922049760818481
583 0.17907820641994476
584 0.1783621907234192
585 0.17724409699440002
586 0.1778923124074936
587 0.17841169238090515
588 0.17704732716083527
589 0.17716625332832336
590 0.17709088325500488
591 0.17736400663852692
592 0.17610137164592743
593 0.17647413909435272
594 0.17604956030845642
595 0.178020179271698
596 0.17710967361927032
597 0.17748497426509857
598 0.17604579031467438
599 0.17747661471366882
600 0.1756485402584076
601 0.17693263292312622
602 0.17633436620235443
603 0.17579707503318787
604 0.1766565889120102
605 0.1761896163225174
606 0.17689377069473267
607 0.1753285676240921
608 0.17577414214611053
609 0.17615200579166412
610 0.1761365383863449
611 0.17536170780658722
612 0.17508773505687714
613 0.17583723366260529
614 0.17603158950805664
615 0.17414039373397827
616 0.17427711188793182
617 0.1748458743095398
618 0.17470379173755646
619 0.17484544217586517
620 0.17485888302326202
621 0.17489178478717804
622 0.17425505816936493
623 0.17449942231178284
624 0.1747189313173294
625 0.17479562759399414
626 0.17421963810920715
627 0.17323940992355347
628 0.17446139454841614
629 0.17347538471221924
630 0.1747421771287918
631 0.17405709624290466
632 0.1743168979883194
633 0.17399954795837402
634 0.17437925934791565
635 0.17393922805786133
636 0.174205482006073
637 0.17533883452415466
638 0.1734829545021057
639 0.17307379841804504
640 0.17267680168151855
641 0.17443422973155975
642 0.17376483976840973
643 0.17353206872940063
644 0.17353186011314392
645 0.17306804656982422
646 0.17246195673942566
647 0.17321473360061646
648 0.17345957458019257
649 0.17330428957939148
650 0.1729527860879898
651 0.17288482189178467
652 0.17243854701519012
653 0.17085964977741241
654 0.17241251468658447
655 0.1729222536087036
656 0.17207494378089905
657 0.17154346406459808
658 0.17184792459011078
659 0.17272821068763733
660 0.17141078412532806
661 0.17176811397075653
662 0.17215651273727417
663 0.17158690094947815
664 0.17276252806186676
665 0.17257507145404816
666 0.17156870663166046
667 0.171573668718338
668 0.17114049196243286
669 0.1706257313489914
670 0.1723773181438446
671 0.17059476673603058
672 0.1708248108625412
673 0.1722804605960846
674 0.17074663937091827
675 0.17107610404491425
676 0.1707688719034195
677 0.1706702709197998
678 0.1706201583147049
679 0.17002668976783752
680 0.1712142378091812
681 0.17147882282733917
682 0.169823557138443
683 0.1704181283712387
684 0.17009904980659485
685 0.16968053579330444
686 0.1700080931186676
687 0.16941621899604797
688 0.16954638063907623
689 0.17033950984477997
690 0.1689308136701584
691 0.16975334286689758
692 0.1691809892654419
693 0.16971735656261444
694 0.1695600152015686
695 0.17009279131889343
696 0.1712789684534073
697 0.16859424114227295
698 0.1694696992635727
699 0.17047525942325592
700 0.16952256858348846
701 0.16862209141254425
702 0.17041432857513428
703 0.16873878240585327
704 0.1704658716917038
705 0.1694883555173874
706 0.16821399331092834
707 0.16946281492710114
708 0.16879470646381378
709 0.16845282912254333
710 0.16791783273220062
711 0.16935166716575623
712 0.1678280234336853
713 0.16965575516223907
714 0.16908691823482513
715 0.1683066487312317
716 0.16874423623085022
717 0.16708721220493317
718 0.1686849594116211
719 0.16883163154125214
720 0.16801348328590393
721 0.16865481436252594
722 0.16695348918437958
723 0.16789858043193817
724 0.16820888221263885
725 0.1684613674879074
726 0.1670369952917099
727 0.16699659824371338
728 0.1683071404695511
729 0.16686153411865234
730 0.1681733876466751
731 0.1671512871980667
732 0.16677500307559967
733 0.16576753556728363
734 0.16808485984802246
735 0.1668536216020584
736 0.16493086516857147
737 0.16713209450244904
738 0.16742007434368134
739 0.16640350222587585
740 0.16697730123996735
741 0.16563114523887634
742 0.16593177616596222
743 0.16616445779800415
744 0.16522732377052307
745 0.16758589446544647
746 0.16682513058185577
747 0.16629594564437866
748 0.16692014038562775
749 0.16476964950561523
750 0.1670001596212387
751 0.16592545807361603
752 0.16485756635665894
753 0.16500268876552582
754 0.16660232841968536
755 0.1662512868642807
756 0.16512855887413025
757 0.16581714153289795
758 0.16563664376735687
759 0.16556890308856964
760 0.16614896059036255
761 0.16564258933067322
762 0.16532130539417267
763 0.16502900421619415
764 0.16421128809452057
765 0.16493715345859528
766 0.16617190837860107
767 0.16479097306728363
768 0.16537488996982574
769 0.16644267737865448
770 0.1647404581308365
771 0.1660720258951187
772 0.16513124108314514
773 0.16388563811779022
774 0.16437514126300812
775 0.16402462124824524
776 0.16459190845489502
777 0.1643114686012268
778 0.1639026552438736
779 0.16324736177921295
780 0.1648351550102234
781 0.16577720642089844
782 0.16353917121887207
783 0.16521111130714417
784 0.16349968314170837
785 0.16435153782367706
786 0.1617315262556076
787 0.16482746601104736
788 0.16439631581306458
789 0.16481323540210724
790 0.16209948062896729
791 0.1634531468153
792 0.16373062133789062
793 0.16336745023727417
794 0.16398683190345764
795 0.16369381546974182
796 0.1626894176006317
797 0.1631636768579483
798 0.16332437098026276
799 0.16180649399757385
800 0.16363368928432465
