1 1.2409520149230957
2 1.1788305044174194
3 1.1700061559677124
4 1.154794454574585
5 1.1316874027252197
6 1.1021623611450195
7 1.0649359226226807
8 1.0248128175735474
9 0.9863572120666504
10 0.9505975842475891
11 0.9176982641220093
12 0.8868098258972168
13 0.8577297329902649
14 0.8330098390579224
15 0.8096575140953064
16 0.7859250903129578
17 0.7647956013679504
18 0.7475977540016174
19 0.7288745641708374
20 0.7120546698570251
21 0.696674644947052
22 0.6817900538444519
23 0.6679515838623047
24 0.6566671133041382
25 0.6452217102050781
26 0.635543942451477
27 0.6252179145812988
28 0.6168875098228455
29 0.6068519353866577
30 0.5993109345436096
31 0.5924745202064514
32 0.585103452205658
33 0.5787184238433838
34 0.5727440714836121
35 0.5663354992866516
36 0.5617728233337402
37 0.5558708906173706
38 0.5503557920455933
39 0.5441532135009766
40 0.5400106906890869
41 0.535523533821106
42 0.5307129621505737
43 0.5257129669189453
44 0.5216338038444519
45 0.5176284313201904
46 0.513271152973175
47 0.5105875730514526
48 0.5052868127822876
49 0.5013256072998047
50 0.4970327615737915
51 0.49342551827430725
52 0.4887823760509491
53 0.48611676692962646
54 0.4828602969646454
55 0.4784826338291168
56 0.4755081534385681
57 0.4713138937950134
58 0.4681491255760193
59 0.46411457657814026
60 0.46147096157073975
61 0.45667898654937744
62 0.4543192684650421
63 0.4509004056453705
64 0.44757333397865295
65 0.44315844774246216
66 0.43971019983291626
67 0.43818381428718567
68 0.43480628728866577
69 0.42998799681663513
70 0.4280875027179718
71 0.4254155457019806
72 0.42289113998413086
73 0.41917362809181213
74 0.41620519757270813
75 0.41333651542663574
76 0.4096319377422333
77 0.4069044291973114
78 0.4040827751159668
79 0.40149545669555664
80 0.39832282066345215
81 0.39470720291137695
82 0.39087381958961487
83 0.3899790942668915
84 0.38665565848350525
85 0.38286107778549194
86 0.38026267290115356
87 0.37693703174591064
88 0.3747192919254303
89 0.3714110255241394
90 0.3687756061553955
91 0.36518532037734985
92 0.3628171682357788
93 0.35984909534454346
94 0.3574484884738922
95 0.3547818660736084
96 0.35200998187065125
97 0.3473435938358307
98 0.34554243087768555
99 0.34238067269325256
100 0.34076371788978577
101 0.3375200927257538
102 0.33540865778923035
103 0.3324218690395355
104 0.33000099658966064
105 0.32789644598960876
106 0.3253859281539917
107 0.32322028279304504
108 0.3193657398223877
109 0.31713005900382996
110 0.31555235385894775
111 0.31293290853500366
112 0.31016045808792114
113 0.3090091645717621
114 0.3066166341304779
115 0.3039267659187317
116 0.30195698142051697
117 0.30002284049987793
118 0.2981669008731842
119 0.29614925384521484
120 0.29372838139533997
121 0.29145681858062744
122 0.2902425229549408
123 0.2880098223686218
124 0.28667691349983215
125 0.2847016453742981
126 0.2828483283519745
127 0.28169479966163635
128 0.2798037827014923
129 0.2784747779369354
130 0.2764567732810974
131 0.2752295434474945
132 0.2730944752693176
133 0.27158817648887634
134 0.2711566984653473
135 0.2686718702316284
136 0.2665947377681732
137 0.2662450075149536
138 0.26480188965797424
139 0.2633957862854004
140 0.262458860874176
141 0.26114311814308167
142 0.25956133008003235
143 0.25836247205734253
144 0.25831830501556396
145 0.256911039352417
146 0.2554568350315094
147 0.2542608678340912
148 0.25263017416000366
149 0.25273749232292175
150 0.2505154609680176
151 0.2512577474117279
152 0.2503776550292969
153 0.24802324175834656
154 0.24821388721466064
155 0.2470155656337738
156 0.24606670439243317
157 0.24535486102104187
158 0.24444809556007385
159 0.24328139424324036
160 0.2427007108926773
161 0.2410731464624405
162 0.24151915311813354
163 0.23997624218463898
164 0.23961752653121948
165 0.2400449514389038
166 0.23866598308086395
167 0.23883134126663208
168 0.23687699437141418
169 0.2367926687002182
170 0.2364269345998764
171 0.23502187430858612
172 0.2354104369878769
173 0.23472264409065247
174 0.23479612171649933
175 0.23329946398735046
176 0.23307178914546967
177 0.23242998123168945
178 0.23167088627815247
179 0.23163177073001862
180 0.23036152124404907
181 0.23000389337539673
182 0.22939467430114746
183 0.229731023311615
184 0.22826772928237915
185 0.22693683207035065
186 0.2273048609495163
187 0.22790391743183136
188 0.22576485574245453
189 0.22604882717132568
190 0.22517038881778717
191 0.22605863213539124
192 0.2245233803987503
193 0.2241799682378769
194 0.2228059619665146
195 0.22368593513965607
196 0.22286836802959442
197 0.2225521355867386
198 0.22281615436077118
199 0.2214278280735016
200 0.22253286838531494
