1 1.1910053491592407
2 1.051609754562378
3 0.8675870895385742
4 0.747780442237854
5 0.6663892865180969
6 0.6058327555656433
7 0.5610536336898804
8 0.5284574627876282
9 0.5064389109611511
10 0.4834573566913605
11 0.4630650579929352
12 0.4499419927597046
13 0.43591395020484924
14 0.4179682433605194
15 0.4075634479522705
16 0.39653652906417847
17 0.38588786125183105
18 0.37291544675827026
19 0.36656254529953003
20 0.35645923018455505
21 0.35136592388153076
22 0.34562811255455017
23 0.3368415832519531
24 0.3313835859298706
25 0.33060431480407715
26 0.3231540024280548
27 0.31766802072525024
28 0.3105936050415039
29 0.30748283863067627
30 0.3081558644771576
31 0.29946276545524597
32 0.2942312955856323
33 0.2891845703125
34 0.28680619597435
35 0.28215447068214417
36 0.2805847227573395
37 0.2794479727745056
38 0.2716677784919739
39 0.2721026837825775
40 0.2684529423713684
41 0.26444992423057556
42 0.2603971064090729
43 0.2582775950431824
44 0.2545282244682312
45 0.25318771600723267
46 0.25356525182724
47 0.24732564389705658
48 0.24720391631126404
49 0.24209678173065186
50 0.24329279363155365
51 0.24055662751197815
52 0.23980781435966492
53 0.23575134575366974
54 0.23429134488105774
55 0.23667939007282257
56 0.23374511301517487
57 0.23399262130260468
58 0.230503648519516
59 0.2343938946723938
60 0.23013845086097717
61 0.23201988637447357
62 0.22354093194007874
63 0.2316044121980667
64 0.22627376019954681
65 0.22620931267738342
66 0.22454237937927246
67 0.22171801328659058
68 0.22081804275512695
69 0.220236137509346
70 0.21708698570728302
71 0.22804002463817596
72 0.21475759148597717
73 0.22331391274929047
74 0.2161572277545929
75 0.2158692479133606
76 0.21833562850952148
77 0.2139901965856552
78 0.21461525559425354
79 0.21312914788722992
80 0.2155744731426239
81 0.21203354001045227
82 0.2139929085969925
83 0.21447107195854187
84 0.20844127237796783
85 0.2116575837135315
86 0.20753276348114014
87 0.21334734559059143
88 0.2061622142791748
89 0.20811954140663147
90 0.20449936389923096
91 0.2074282169342041
92 0.20491236448287964
93 0.20611819624900818
94 0.20456266403198242
95 0.20227715373039246
96 0.20144258439540863
97 0.20769836008548737
98 0.19981242716312408
99 0.2032497227191925
100 0.2013358622789383
101 0.20616936683654785
102 0.19987060129642487
103 0.20232370495796204
104 0.20141476392745972
105 0.2009231299161911
106 0.19867055118083954
107 0.19984744489192963
108 0.20124885439872742
109 0.19500598311424255
110 0.19556961953639984
111 0.1971142292022705
112 0.19811271131038666
113 0.19644397497177124
114 0.19824065268039703
115 0.19628891348838806
116 0.19759230315685272
117 0.1914966106414795
118 0.20061470568180084
119 0.1947682648897171
120 0.19511495530605316
121 0.19640430808067322
122 0.19818821549415588
123 0.1899322122335434
124 0.1947999894618988
125 0.19125019013881683
126 0.1936492919921875
127 0.19082319736480713
128 0.1889859437942505
129 0.1922909915447235
130 0.1895628124475479
131 0.18740114569664001
132 0.18953076004981995
133 0.19057691097259521
134 0.18652386963367462
135 0.18640005588531494
136 0.19103245437145233
137 0.18713796138763428
138 0.1849823296070099
139 0.18627430498600006
140 0.19451245665550232
141 0.1910717785358429
142 0.18432317674160004
143 0.18596096336841583
144 0.18375727534294128
145 0.18591339886188507
146 0.18492639064788818
147 0.18429434299468994
148 0.18481500446796417
149 0.18962077796459198
150 0.17983882129192352
151 0.18499988317489624
152 0.186162069439888
153 0.18802456557750702
154 0.18445396423339844
155 0.18393264710903168
156 0.1805594116449356
157 0.1857730746269226
158 0.1792222559452057
159 0.17973363399505615
160 0.18761849403381348
161 0.1828434020280838
162 0.18921326100826263
163 0.1791142225265503
164 0.18629898130893707
165 0.18259546160697937
166 0.18322505056858063
167 0.1785474717617035
168 0.18078503012657166
169 0.17978918552398682
170 0.18073418736457825
171 0.1785423457622528
172 0.18059609830379486
173 0.181327685713768
174 0.18041005730628967
175 0.1794077306985855
176 0.177631214261055
177 0.17469719052314758
178 0.18089507520198822
179 0.1787649542093277
180 0.17485831677913666
181 0.17928557097911835
182 0.18432137370109558
183 0.1761472374200821
184 0.1789013296365738
185 0.1739794909954071
186 0.17566964030265808
187 0.1734749674797058
188 0.16813945770263672
189 0.17474190890789032
190 0.17425845563411713
191 0.1742817610502243
192 0.1716124564409256
193 0.1748233288526535
194 0.17671534419059753
195 0.17382986843585968
196 0.1700965315103531
197 0.1687474399805069
198 0.17429780960083008
199 0.17215046286582947
200 0.16975349187850952
