1 1.2724409103393555
2 1.156666874885559
3 1.1289221048355103
4 1.0949995517730713
5 1.052425503730774
6 1.0102851390838623
7 0.9674592018127441
8 0.9276740550994873
9 0.8937985301017761
10 0.8595814108848572
11 0.8297748565673828
12 0.7978269457817078
13 0.7668865323066711
14 0.7382411956787109
15 0.7143788933753967
16 0.6903780102729797
17 0.6671174764633179
18 0.6469683647155762
19 0.62605220079422
20 0.6076454520225525
21 0.5902273654937744
22 0.5743280649185181
23 0.5610951781272888
24 0.5468993782997131
25 0.5340023636817932
26 0.5210009217262268
27 0.5098968148231506
28 0.49932289123535156
29 0.48627009987831116
30 0.4770078957080841
31 0.4653469920158386
32 0.45615679025650024
33 0.44675391912460327
34 0.43621039390563965
35 0.4262748062610626
36 0.418077677488327
37 0.4089778661727905
38 0.39768072962760925
39 0.39048895239830017
40 0.3807489275932312
41 0.37305736541748047
42 0.36513540148735046
43 0.35855165123939514
44 0.3501322567462921
45 0.343858003616333
46 0.33530786633491516
47 0.32914066314697266
48 0.3225926160812378
49 0.31568285822868347
50 0.3106650114059448
51 0.30493563413619995
52 0.29868125915527344
53 0.2952151894569397
54 0.289017915725708
55 0.28541770577430725
56 0.280762255191803
57 0.27660247683525085
58 0.2721085250377655
59 0.2684429883956909
60 0.2639677822589874
61 0.2605874240398407
62 0.25729379057884216
63 0.2541624903678894
64 0.2517111301422119
65 0.24775870144367218
66 0.2457466870546341
67 0.2411128133535385
68 0.23873159289360046
69 0.2369188666343689
70 0.23405396938323975
71 0.2322733998298645
72 0.2295822948217392
73 0.22644658386707306
74 0.2228645533323288
75 0.22085972130298615
76 0.2197643518447876
77 0.21769124269485474
78 0.21557696163654327
79 0.21412654221057892
80 0.21193711459636688
81 0.21016672253608704
82 0.2087433636188507
83 0.20723310112953186
84 0.2055671662092209
85 0.20371796190738678
86 0.20079323649406433
87 0.19973012804985046
88 0.19888809323310852
89 0.19744275510311127
90 0.19530493021011353
91 0.1937945932149887
92 0.1926412731409073
93 0.19151297211647034
94 0.18908697366714478
95 0.18695567548274994
96 0.1862805187702179
97 0.1856866180896759
98 0.18385207653045654
99 0.18222609162330627
100 0.18129318952560425
101 0.17936114966869354
102 0.1787811815738678
103 0.1790180206298828
104 0.17670604586601257
105 0.1756315976381302
106 0.1748889535665512
107 0.17327621579170227
108 0.17238910496234894
109 0.17118680477142334
110 0.169374480843544
111 0.16811929643154144
112 0.16812655329704285
113 0.1656358242034912
114 0.16590391099452972
115 0.164407879114151
116 0.16408400237560272
117 0.16233961284160614
118 0.16170379519462585
119 0.16164693236351013
120 0.1602834314107895
121 0.1605280488729477
122 0.1585535705089569
123 0.15736237168312073
124 0.1577790379524231
125 0.15593221783638
126 0.15488912165164948
127 0.15499354898929596
128 0.1547781229019165
129 0.15380457043647766
130 0.15123893320560455
131 0.15243692696094513
132 0.15037530660629272
133 0.14970405399799347
134 0.14941300451755524
135 0.15058471262454987
136 0.14745451509952545
137 0.14711929857730865
138 0.1468002200126648
139 0.14728182554244995
140 0.14566749334335327
141 0.14520302414894104
142 0.14435634016990662
143 0.14477017521858215
144 0.14265605807304382
145 0.14236488938331604
146 0.14297902584075928
147 0.1429072916507721
148 0.13967275619506836
149 0.13932716846466064
150 0.1399969458580017
151 0.13909724354743958
152 0.13906365633010864
153 0.1385613977909088
154 0.13807743787765503
155 0.13747434318065643
156 0.13718436658382416
157 0.1361357867717743
158 0.135952889919281
159 0.1350966840982437
160 0.13426825404167175
161 0.1336921602487564
162 0.13308922946453094
163 0.13303203880786896
164 0.13259612023830414
165 0.13141854107379913
166 0.13155367970466614
167 0.13034413754940033
168 0.1290811002254486
169 0.1315261870622635
170 0.1298067569732666
171 0.12893544137477875
172 0.1288878470659256
173 0.12841059267520905
174 0.1278778463602066
175 0.12776441872119904
176 0.1272328943014145
177 0.1264972984790802
178 0.12458045035600662
179 0.1256897747516632
180 0.12639616429805756
181 0.12586060166358948
182 0.12597160041332245
183 0.12497318536043167
184 0.1243899017572403
185 0.12376512587070465
186 0.12315220385789871
187 0.12338531017303467
188 0.12283556908369064
189 0.12230522185564041
190 0.12132370471954346
191 0.121701180934906
192 0.12096921354532242
193 0.1201091781258583
194 0.12037862837314606
195 0.1198197677731514
196 0.1195012554526329
197 0.11861786991357803
198 0.1191234290599823
199 0.11949837952852249
200 0.11821902543306351
