1 0.9446529746055603
2 0.47528207302093506
3 0.34985971450805664
4 0.23714281618595123
5 0.24802018702030182
6 0.24976129829883575
7 0.2381792664527893
8 0.19297240674495697
9 0.22923590242862701
10 0.18677377700805664
11 0.20492006838321686
12 0.16174104809761047
13 0.19638751447200775
14 0.17528656125068665
15 0.15108777582645416
16 0.1708008050918579
17 0.1704801619052887
18 0.20232844352722168
19 0.17859560251235962
20 0.14960718154907227
21 0.17242974042892456
22 0.1892596334218979
23 0.15412060916423798
24 0.1557615101337433
25 0.17958076298236847
26 0.1962525099515915
27 0.17211653292179108
28 0.1347167193889618
29 0.15187887847423553
30 0.15006603300571442
31 0.18487155437469482
32 0.17500728368759155
33 0.15159964561462402
34 0.15885096788406372
35 0.16941110789775848
36 0.12921454012393951
37 0.17470338940620422
38 0.1467343121767044
39 0.14716720581054688
40 0.1789202243089676
41 0.14610914885997772
42 0.17832544445991516
43 0.1447266787290573
44 0.1673743724822998
45 0.14510348439216614
46 0.14158593118190765
47 0.15390661358833313
48 0.12111928313970566
49 0.15848088264465332
50 0.1357642412185669
51 0.15377134084701538
52 0.20904651284217834
53 0.1327708661556244
54 0.16921858489513397
55 0.1613173484802246
56 0.14899896085262299
57 0.1348920464515686
58 0.15103363990783691
59 0.12688226997852325
60 0.1269344687461853
61 0.11766570061445236
62 0.11890630424022675
63 0.1334526538848877
64 0.1576017290353775
65 0.14725355803966522
66 0.1326938271522522
67 0.13530898094177246
68 0.1476588249206543
69 0.14688052237033844
70 0.12601666152477264
71 0.12491734325885773
72 0.14034773409366608
73 0.1457337588071823
74 0.12085617333650589
75 0.1416519582271576
76 0.14402015507221222
77 0.11595369130373001
78 0.1162729561328888
79 0.11440157145261765
80 0.13533088564872742
81 0.12686316668987274
82 0.14293664693832397
83 0.12654875218868256
84 0.1277204155921936
85 0.10985168069601059
86 0.16809684038162231
87 0.1155690848827362
88 0.1463180035352707
89 0.13486053049564362
90 0.13909177482128143
91 0.14535552263259888
92 0.10248572379350662
93 0.14529956877231598
94 0.15636321902275085
95 0.1384647935628891
96 0.11741221696138382
97 0.13859061896800995
98 0.1097288653254509
99 0.12088882178068161
100 0.12969103455543518
101 0.11705954372882843
102 0.15014788508415222
103 0.13943715393543243
104 0.11213076114654541
105 0.16160504519939423
106 0.12127237766981125
107 0.1116887778043747
108 0.14384520053863525
109 0.11436503380537033
110 0.11554284393787384
111 0.12693122029304504
112 0.11883776634931564
113 0.11835188418626785
114 0.12468492984771729
115 0.11920159310102463
116 0.12763333320617676
117 0.10759105533361435
118 0.1406790018081665
119 0.1327812373638153
120 0.11387015879154205
121 0.12587791681289673
122 0.12145230174064636
123 0.111752949655056
124 0.14824284613132477
125 0.12632018327713013
126 0.13700419664382935
127 0.11220265179872513
128 0.11737722903490067
129 0.1551811397075653
130 0.12218230962753296
131 0.11410995572805405
132 0.11891591548919678
133 0.13781656324863434
134 0.11039014160633087
135 0.13927406072616577
136 0.12510298192501068
137 0.13302311301231384
138 0.09979534149169922
139 0.13637495040893555
140 0.12306946516036987
141 0.12427827715873718
142 0.12138841301202774
143 0.10139937698841095
144 0.10820119827985764
145 0.10978223383426666
146 0.13760578632354736
147 0.1307067573070526
148 0.13788729906082153
149 0.12145279347896576
150 0.14707928895950317
151 0.14729996025562286
152 0.12600062787532806
153 0.10926281660795212
154 0.14495304226875305
155 0.13017450273036957
156 0.10279963165521622
157 0.1554504632949829
158 0.12304772436618805
159 0.1108899787068367
160 0.1093265563249588
161 0.17121845483779907
162 0.12039855867624283
163 0.12821784615516663
164 0.13229523599147797
165 0.1546998918056488
166 0.12828879058361053
167 0.11881866306066513
168 0.14186643064022064
169 0.12440792471170425
170 0.11851443350315094
171 0.10999832302331924
172 0.13832351565361023
173 0.12494642287492752
174 0.11162562668323517
175 0.12693069875240326
176 0.12749068439006805
177 0.12015991657972336
178 0.11091836541891098
179 0.12676866352558136
180 0.1256360411643982
181 0.10283616930246353
182 0.12635688483715057
183 0.11759083718061447
184 0.10649985074996948
185 0.11924629658460617
186 0.11561022698879242
187 0.12428908795118332
188 0.11811866611242294
189 0.11667292565107346
190 0.1113339513540268
191 0.12916472554206848
192 0.14767302572727203
193 0.11897385120391846
194 0.10830715298652649
195 0.09952914714813232
196 0.1462959349155426
197 0.1350363790988922
198 0.1354859173297882
199 0.13754932582378387
200 0.13641533255577087
201 0.11307820677757263
202 0.11162830144166946
203 0.1327032744884491
204 0.10304944962263107
205 0.12291599810123444
206 0.13521558046340942
207 0.12550877034664154
208 0.10433191061019897
209 0.12087615579366684
210 0.10154415667057037
211 0.11145441234111786
212 0.10996849089860916
213 0.12483033537864685
214 0.12867681682109833
215 0.12653915584087372
216 0.10018205642700195
217 0.10243978351354599
218 0.11775223165750504
219 0.13570286333560944
220 0.14728118479251862
221 0.12168881297111511
222 0.11192061007022858
223 0.1002015471458435
224 0.13464577496051788
225 0.09859730303287506
226 0.12077398598194122
227 0.1290493607521057
228 0.14226622879505157
229 0.13969361782073975
230 0.12766283750534058
231 0.09650842100381851
232 0.12241655588150024
233 0.10299907624721527
234 0.09592108428478241
235 0.09733827412128448
236 0.12638328969478607
237 0.12149668484926224
238 0.10470616817474365
239 0.12212470173835754
240 0.12272939085960388
241 0.12729400396347046
242 0.15055707097053528
243 0.11076544970273972
244 0.11376850306987762
245 0.12937362492084503
246 0.09281673282384872
247 0.14846262335777283
248 0.10058046877384186
249 0.09224529564380646
250 0.11880839616060257
251 0.1168605163693428
252 0.15452812612056732
253 0.13715596497058868
254 0.11482574790716171
255 0.10699409246444702
256 0.1180434599518776
257 0.11437640339136124
258 0.12273086607456207
259 0.13479991257190704
260 0.14928293228149414
261 0.12282800674438477
262 0.10407400131225586
263 0.11018768697977066
264 0.14385363459587097
265 0.12947070598602295
266 0.1079842820763588
267 0.1175575703382492
268 0.12598185241222382
269 0.15096025168895721
270 0.10684287548065186
271 0.13885311782360077
272 0.11854364722967148
273 0.10070785880088806
274 0.10804909467697144
275 0.1482958048582077
276 0.12773652374744415
277 0.10681295394897461
278 0.11145470291376114
279 0.09370939433574677
280 0.10166234523057938
281 0.12196911871433258
282 0.10252659022808075
283 0.11816086620092392
284 0.11051878333091736
285 0.11371582001447678
286 0.12278325855731964
287 0.10249987244606018
288 0.11311063915491104
289 0.1079062893986702
290 0.1204521507024765
291 0.10881774872541428
292 0.12896068394184113
293 0.09940989315509796
294 0.10211300104856491
295 0.12624438107013702
296 0.09420617669820786
297 0.12034370750188828
298 0.11976609379053116
299 0.11036133766174316
300 0.1126476377248764
301 0.11292830854654312
302 0.12618191540241241
303 0.13654810190200806
304 0.12024475634098053
305 0.1281232088804245
306 0.12131734937429428
307 0.1292608380317688
308 0.08826998621225357
309 0.0927119180560112
310 0.09445621073246002
311 0.10491728782653809
312 0.09752630442380905
313 0.08629385381937027
314 0.16947835683822632
315 0.11237901449203491
316 0.14183920621871948
317 0.09312118589878082
318 0.12410710752010345
319 0.09648849815130234
320 0.11109613627195358
321 0.14469434320926666
322 0.11148866266012192
323 0.13577450811862946
324 0.1177937239408493
325 0.12277505546808243
326 0.12279458343982697
327 0.11768562346696854
328 0.10998276621103287
329 0.0810660570859909
330 0.11808164417743683
331 0.10375608503818512
332 0.12271151691675186
333 0.12380966544151306
334 0.11086297035217285
335 0.14895151555538177
336 0.12242830544710159
337 0.1301918625831604
338 0.11597777158021927
339 0.10755477845668793
340 0.09385311603546143
341 0.1110517606139183
342 0.14170199632644653
343 0.12218531966209412
344 0.13733522593975067
345 0.1173972487449646
346 0.09614917635917664
347 0.13194982707500458
348 0.17312265932559967
349 0.10189477354288101
350 0.10612145811319351
351 0.11045344918966293
352 0.09104526042938232
353 0.11728334426879883
354 0.12042596191167831
355 0.13250775635242462
356 0.11552019417285919
357 0.15157337486743927
358 0.13354727625846863
359 0.14624923467636108
360 0.11514122039079666
361 0.10291411727666855
362 0.135104238986969
363 0.11338144540786743
364 0.12005013227462769
365 0.14815519750118256
366 0.10248371213674545
367 0.13031505048274994
368 0.103998564183712
369 0.09246979653835297
370 0.10503488034009933
371 0.10625196248292923
372 0.09131811559200287
373 0.11525312066078186
374 0.11002202332019806
375 0.12147730588912964
376 0.1213252916932106
377 0.1274612843990326
378 0.1088375672698021
379 0.1254597306251526
380 0.1334441751241684
381 0.08489644527435303
382 0.11427875608205795
383 0.10643487423658371
384 0.08160962164402008
385 0.11766741424798965
386 0.1164410412311554
387 0.09064231067895889
388 0.09379517287015915
389 0.13733558356761932
390 0.10240449756383896
391 0.1362019032239914
392 0.12077237665653229
393 0.12485579401254654
394 0.10463153570890427
395 0.10731905698776245
396 0.10129337012767792
397 0.09912509471178055
398 0.13821350038051605
399 0.10389823466539383
400 0.10504037886857986
