1 2.3581783771514893
2 1.8317742347717285
3 1.8954355716705322
4 1.8605725765228271
5 1.9197044372558594
6 1.821429967880249
7 1.8224292993545532
8 1.847280740737915
9 2.084354877471924
10 1.8490309715270996
11 1.759952425956726
12 1.8702702522277832
13 1.8858542442321777
14 1.7947428226470947
15 1.8400532007217407
16 1.7941089868545532
17 1.8550275564193726
18 1.899067997932434
19 1.9879035949707031
20 1.7973999977111816
21 2.118558645248413
22 1.7934515476226807
23 2.0524942874908447
24 1.9415022134780884
25 1.7594704627990723
26 1.760255217552185
27 1.8675131797790527
28 1.770598292350769
29 2.132312059402466
30 1.865904688835144
31 2.234783887863159
32 1.7524521350860596
33 1.8920249938964844
34 1.8529294729232788
35 1.8290868997573853
36 1.8328982591629028
37 1.6640015840530396
38 1.823521375656128
39 2.018528938293457
40 1.8530479669570923
41 1.9885663986206055
42 1.6919254064559937
43 2.1863749027252197
44 2.098999261856079
45 1.8975114822387695
46 1.8642418384552002
47 1.8572344779968262
48 2.126720905303955
49 1.997029185295105
50 1.8492907285690308
51 1.7996416091918945
52 1.9265719652175903
53 1.7639325857162476
54 1.8428226709365845
55 1.7873603105545044
56 2.075840950012207
57 1.727954626083374
58 1.8832807540893555
59 1.8285548686981201
60 1.728104591369629
61 2.123215913772583
62 1.7522284984588623
63 2.2019994258880615
64 1.9151017665863037
65 2.0591347217559814
66 1.8423844575881958
67 1.9466720819473267
68 1.7725539207458496
69 1.8331561088562012
70 1.975753903388977
71 1.9610304832458496
72 2.0618889331817627
73 2.125241756439209
74 1.8698585033416748
75 1.8172597885131836
76 1.8157310485839844
77 2.0146374702453613
78 1.8984099626541138
79 2.0549838542938232
80 1.976548194885254
81 2.077312469482422
82 1.9779887199401855
83 1.9540799856185913
84 1.7239426374435425
85 1.9757747650146484
86 1.8681843280792236
87 1.9468268156051636
88 1.7111295461654663
89 1.8147813081741333
90 1.7794939279556274
91 1.9446719884872437
92 1.8334609270095825
93 2.0313010215759277
94 2.044598340988159
95 1.7263911962509155
96 1.9867215156555176
97 2.0154852867126465
98 1.9663443565368652
99 1.9638793468475342
100 1.7183856964111328
101 1.7905616760253906
102 2.041778802871704
103 1.9575533866882324
104 2.0470142364501953
105 1.9661915302276611
106 1.9407483339309692
107 1.8650060892105103
108 1.8877458572387695
109 1.7127751111984253
110 1.9429208040237427
111 1.8426251411437988
112 2.011193037033081
113 1.9697284698486328
114 1.794908881187439
115 1.8277411460876465
116 1.9074933528900146
117 1.8451999425888062
118 1.965343952178955
119 1.9892550706863403
120 1.7451224327087402
121 1.723757028579712
122 1.7621959447860718
123 1.8997821807861328
124 1.9371834993362427
125 1.787503719329834
126 1.82857346534729
127 2.030423164367676
128 1.8422796726226807
129 2.002589225769043
130 1.6731845140457153
131 1.8756357431411743
132 2.4094247817993164
133 1.8540382385253906
134 1.7907586097717285
135 1.931895136833191
136 1.7515851259231567
137 1.9644850492477417
138 1.7537751197814941
139 1.8768354654312134
140 2.1058497428894043
141 1.8765819072723389
142 2.0433664321899414
143 2.0962114334106445
144 1.974144697189331
145 1.8040401935577393
146 1.8394895792007446
147 2.0014452934265137
148 2.0602407455444336
149 1.8621876239776611
150 1.6743428707122803
151 1.835157036781311
152 1.8872846364974976
153 1.9293807744979858
154 1.8146781921386719
155 1.8747655153274536
156 1.8845354318618774
157 1.754503607749939
158 1.860185980796814
159 1.9509329795837402
160 1.9020841121673584
161 1.9998390674591064
162 1.740579605102539
163 1.6873111724853516
164 1.9829299449920654
165 1.8588982820510864
166 1.9466575384140015
167 2.0880684852600098
168 1.7945542335510254
169 1.8070182800292969
170 1.8497709035873413
171 1.9246689081192017
172 1.7103990316390991
173 1.9687213897705078
174 1.7303085327148438
175 1.9253933429718018
176 1.8332256078720093
177 2.0764636993408203
178 2.0131232738494873
179 1.8010685443878174
180 1.7398486137390137
181 1.8260769844055176
182 1.992340087890625
183 2.1605069637298584
184 1.964045763015747
185 1.867706298828125
186 1.741849422454834
187 2.070936441421509
188 1.8068140745162964
189 1.994910478591919
190 2.0005805492401123
191 2.022087812423706
192 1.9429007768630981
193 2.0679831504821777
194 1.8792411088943481
195 1.770355463027954
196 2.004633903503418
197 1.7949821949005127
198 1.9797641038894653
199 1.9729889631271362
200 2.0595898628234863
201 2.0317795276641846
202 1.7217586040496826
203 1.8226475715637207
204 1.9413827657699585
205 1.8969388008117676
206 2.046329975128174
207 1.8713494539260864
208 1.8194278478622437
209 2.1942813396453857
210 2.053987503051758
211 1.8910340070724487
212 1.7393072843551636
213 1.942649483680725
214 1.8348370790481567
215 1.7641021013259888
216 1.8787131309509277
217 1.9220070838928223
218 1.8585011959075928
219 1.908050537109375
220 1.9556900262832642
221 1.9421545267105103
222 1.8837295770645142
223 1.9359675645828247
224 2.0571975708007812
225 1.9722745418548584
226 1.7871049642562866
227 1.9991960525512695
228 1.881140112876892
229 1.983143925666809
230 1.804591417312622
231 1.7407832145690918
232 1.885520339012146
233 1.9146931171417236
234 1.9838125705718994
235 1.9240580797195435
236 1.7963651418685913
237 1.9140186309814453
238 1.8475512266159058
239 2.014308452606201
240 1.8503597974777222
241 1.8415780067443848
242 1.8535631895065308
243 1.9333637952804565
244 1.939342975616455
245 1.8581089973449707
246 1.8005499839782715
247 1.789063572883606
248 2.065894365310669
249 1.8538751602172852
250 1.8849576711654663
251 2.133513927459717
252 1.7741655111312866
253 1.8645867109298706
254 1.993317723274231
255 2.116668701171875
256 1.8623312711715698
257 2.0497777462005615
258 1.6239440441131592
259 2.076063871383667
260 1.7453022003173828
261 1.629355788230896
262 1.9575225114822388
263 1.8360234498977661
264 2.010925769805908
265 1.7363982200622559
266 2.021048069000244
267 1.8443725109100342
268 1.9867806434631348
269 2.008737325668335
270 1.8023953437805176
271 1.7989566326141357
272 2.0405821800231934
273 1.6962101459503174
274 1.8942290544509888
275 1.8753721714019775
276 1.981680154800415
277 1.6130801439285278
278 1.9540231227874756
279 1.6516995429992676
280 2.0489470958709717
281 2.1531381607055664
282 2.0238351821899414
283 1.8431016206741333
284 1.984681487083435
285 2.000568389892578
286 1.837934970855713
287 1.8293542861938477
288 1.8080124855041504
289 1.9098691940307617
290 1.7720072269439697
291 2.0432047843933105
292 1.9172015190124512
293 2.0464842319488525
294 1.8600493669509888
295 1.8850804567337036
296 1.8999310731887817
297 1.876677393913269
298 1.9195393323898315
299 1.9232640266418457
300 1.7228026390075684
301 2.1469969749450684
302 1.9696186780929565
303 2.1263821125030518
304 1.9734305143356323
305 1.904380202293396
306 1.8663972616195679
307 1.8206543922424316
308 1.726008415222168
309 1.998020052909851
310 1.8667000532150269
311 2.07761812210083
312 2.0656213760375977
313 1.8301831483840942
314 1.751723289489746
315 2.050264835357666
316 1.873114824295044
317 2.0236668586730957
318 2.2259140014648438
319 1.82851243019104
320 1.8603259325027466
321 2.038595199584961
322 2.1533734798431396
323 1.992923378944397
324 1.706616759300232
325 1.9338964223861694
326 2.0311167240142822
327 1.8354132175445557
328 2.0982117652893066
329 1.856471061706543
330 1.9951564073562622
331 2.2509219646453857
332 1.8314523696899414
333 2.3687503337860107
334 1.7502009868621826
335 1.7837024927139282
336 1.9339993000030518
337 1.895531415939331
338 1.8737045526504517
339 1.982422113418579
340 1.8434724807739258
341 1.7362492084503174
342 1.7184752225875854
343 1.7832021713256836
344 2.0126826763153076
345 1.9315507411956787
346 1.9762330055236816
347 1.8088102340698242
348 2.193974256515503
349 1.9152722358703613
350 1.9248747825622559
351 1.6514179706573486
352 1.9351924657821655
353 1.9611589908599854
354 1.937580943107605
355 2.1049559116363525
356 1.8688801527023315
357 1.877597451210022
358 1.9272576570510864
359 1.8564528226852417
360 1.7506290674209595
361 1.723706841468811
362 1.8881961107254028
363 1.9583635330200195
364 1.6888123750686646
365 2.1378190517425537
366 2.0101428031921387
367 1.7181792259216309
368 2.054903507232666
369 2.0029425621032715
370 1.815956711769104
371 2.0339510440826416
372 1.8192472457885742
373 1.788632869720459
374 2.1389660835266113
375 2.355086088180542
376 1.8144804239273071
377 1.8777354955673218
378 1.8202146291732788
379 1.9978548288345337
380 1.9133055210113525
381 1.8784726858139038
382 1.8258907794952393
383 2.0292625427246094
384 2.1611714363098145
385 1.8343955278396606
386 1.9574919939041138
387 2.150355815887451
388 1.7972174882888794
389 1.9168986082077026
390 1.9681293964385986
391 1.7362953424453735
392 1.8913302421569824
393 1.8540114164352417
394 1.9930120706558228
395 2.0588583946228027
396 1.9665182828903198
397 1.7408090829849243
398 1.7523078918457031
399 1.8183653354644775
400 1.8534836769104004
