1 1.0175861120224
2 0.483123242855072
3 0.3038722276687622
4 0.2633761167526245
5 0.25793689489364624
6 0.21256928145885468
7 0.20852063596248627
8 0.25046688318252563
9 0.2345985770225525
10 0.22191490232944489
11 0.2275772988796234
12 0.2103227823972702
13 0.18871963024139404
14 0.18643265962600708
15 0.1884133666753769
16 0.20330312848091125
17 0.16628769040107727
18 0.17847539484500885
19 0.18716013431549072
20 0.17774255573749542
21 0.18023787438869476
22 0.1962946504354477
23 0.17778901755809784
24 0.1747547686100006
25 0.17496813833713531
26 0.19884467124938965
27 0.17521269619464874
28 0.16457723081111908
29 0.15341883897781372
30 0.1904907077550888
31 0.15581323206424713
32 0.16526857018470764
33 0.15229493379592896
34 0.17871464788913727
35 0.15402346849441528
36 0.1687149554491043
37 0.15326188504695892
38 0.16989104449748993
39 0.15662387013435364
40 0.17871758341789246
41 0.16367444396018982
42 0.15052717924118042
43 0.1558867245912552
44 0.15147575736045837
45 0.1574680656194687
46 0.17221590876579285
47 0.13962143659591675
48 0.1779765486717224
49 0.15947575867176056
50 0.17759382724761963
51 0.18698440492153168
52 0.1788509488105774
53 0.17656108736991882
54 0.1410302370786667
55 0.11892581731081009
56 0.13944010436534882
57 0.11071411520242691
58 0.1535826325416565
59 0.14299049973487854
60 0.11824405193328857
61 0.14605657756328583
62 0.13354337215423584
63 0.163460373878479
64 0.14166443049907684
65 0.16008113324642181
66 0.14110399782657623
67 0.17396850883960724
68 0.17767636477947235
69 0.12949644029140472
70 0.15664100646972656
71 0.13721679151058197
72 0.15080194175243378
73 0.11940939724445343
74 0.20721925795078278
75 0.1275760978460312
76 0.17682944238185883
77 0.1666625589132309
78 0.14562855660915375
79 0.12604737281799316
80 0.14938834309577942
81 0.13807176053524017
82 0.1322547346353531
83 0.12249605357646942
84 0.14483347535133362
85 0.22607648372650146
86 0.16987045109272003
87 0.1290830820798874
88 0.18428681790828705
89 0.12170650064945221
90 0.22373007237911224
91 0.16209571063518524
92 0.1307317614555359
93 0.18469998240470886
94 0.16886065900325775
95 0.13963930308818817
96 0.1456776112318039
97 0.12229127436876297
98 0.15811510384082794
99 0.12754546105861664
100 0.12253208458423615
101 0.12811625003814697
102 0.14861808717250824
103 0.11581777781248093
104 0.16984529793262482
105 0.1588953733444214
106 0.14926226437091827
107 0.1314222663640976
108 0.13684514164924622
109 0.1209370568394661
110 0.12688474357128143
111 0.12249056249856949
112 0.15158827602863312
113 0.13093829154968262
114 0.14701952040195465
115 0.13472771644592285
116 0.14539486169815063
117 0.12962177395820618
118 0.14674575626850128
119 0.12657588720321655
120 0.14203442633152008
121 0.13529843091964722
122 0.16439688205718994
123 0.1739279180765152
124 0.1121395006775856
125 0.15835389494895935
126 0.11158210039138794
127 0.1098020002245903
128 0.14898966252803802
129 0.17994405329227448
130 0.11360390484333038
131 0.14318329095840454
132 0.12453881651163101
133 0.14286832511425018
134 0.09955327957868576
135 0.15678857266902924
136 0.1531251072883606
137 0.1339675784111023
138 0.12822602689266205
139 0.1256469339132309
140 0.13013406097888947
141 0.12892460823059082
142 0.13500447571277618
143 0.1440581977367401
144 0.12464367598295212
145 0.1255178600549698
146 0.10954192280769348
147 0.13320904970169067
148 0.1547478884458542
149 0.11906962841749191
150 0.12682828307151794
151 0.12453316152095795
152 0.12357593327760696
153 0.18401381373405457
154 0.14366018772125244
155 0.130891352891922
156 0.1071164458990097
157 0.1510004699230194
158 0.13578371703624725
159 0.14496824145317078
160 0.11991216987371445
161 0.13990788161754608
162 0.11807636171579361
163 0.14797227084636688
164 0.121586374938488
165 0.15131120383739471
166 0.11219218373298645
167 0.11095910519361496
168 0.14427922666072845
169 0.11824242770671844
170 0.17659467458724976
171 0.11320027709007263
172 0.10871624946594238
173 0.12337401509284973
174 0.12343224138021469
175 0.11876604706048965
176 0.12268219888210297
177 0.11131606996059418
178 0.13536913692951202
179 0.11822684109210968
180 0.11052080988883972
181 0.13896113634109497
182 0.16727516055107117
183 0.16556811332702637
184 0.11564141511917114
185 0.09841405600309372
186 0.16445758938789368
187 0.17722994089126587
188 0.10695183277130127
189 0.13645359873771667
190 0.1360233575105667
191 0.11993176490068436
192 0.10646100342273712
193 0.11844764649868011
194 0.1437579095363617
195 0.09608221799135208
196 0.11716219037771225
197 0.11090106517076492
198 0.13561873137950897
199 0.12035126984119415
200 0.1357889622449875
