1 1.1822409629821777
2 1.0796362161636353
3 0.962395191192627
4 0.8553469181060791
5 0.7621257901191711
6 0.6866521239280701
7 0.6259142160415649
8 0.5761711001396179
9 0.5302435159683228
10 0.48988184332847595
11 0.45980775356292725
12 0.42716044187545776
13 0.4003041386604309
14 0.3749282658100128
15 0.35358336567878723
16 0.332839697599411
17 0.31402021646499634
18 0.30151039361953735
19 0.28648197650909424
20 0.2700580954551697
21 0.26195961236953735
22 0.2512373924255371
23 0.24457408487796783
24 0.23206493258476257
25 0.2264956831932068
26 0.21945132315158844
27 0.2125389724969864
28 0.2075629085302353
29 0.2013179063796997
30 0.19618487358093262
31 0.19111159443855286
32 0.18777570128440857
33 0.1831042766571045
34 0.1807248294353485
35 0.17343148589134216
36 0.17070044577121735
37 0.16766296327114105
38 0.16690340638160706
39 0.16290634870529175
40 0.15932504832744598
41 0.1576814502477646
42 0.1572238653898239
43 0.15206272900104523
44 0.15155333280563354
45 0.14863379299640656
46 0.14724232256412506
47 0.14373810589313507
48 0.14140503108501434
49 0.14185991883277893
50 0.13902173936367035
51 0.13816729187965393
52 0.13525882363319397
53 0.13414698839187622
54 0.13400402665138245
55 0.13119298219680786
56 0.13128754496574402
57 0.13121694326400757
58 0.12655913829803467
59 0.12658903002738953
60 0.12525218725204468
61 0.1264095902442932
62 0.12340502440929413
63 0.12220454216003418
64 0.1224009320139885
65 0.1220804899930954
66 0.11938532441854477
67 0.11652114987373352
68 0.11766237020492554
69 0.11768044531345367
70 0.1138462945818901
71 0.11448854207992554
72 0.11667367070913315
73 0.1138133555650711
74 0.1109827309846878
75 0.10863494127988815
76 0.11370597779750824
77 0.10869358479976654
78 0.10829804837703705
79 0.10854508727788925
80 0.10880845040082932
81 0.10684508830308914
82 0.10728084295988083
83 0.10669708997011185
84 0.10542271286249161
85 0.10573429614305496
86 0.10182996839284897
87 0.10637439787387848
88 0.10354891419410706
89 0.10402555763721466
90 0.09915623813867569
91 0.1005648672580719
92 0.1015395075082779
93 0.10158248245716095
94 0.09897232800722122
95 0.09750796854496002
96 0.09730346500873566
97 0.09758017957210541
98 0.09483397006988525
99 0.09716681391000748
100 0.09921190142631531
101 0.09820660948753357
102 0.09752638638019562
103 0.09761518239974976
104 0.09609875828027725
105 0.09324146807193756
106 0.09497445076704025
107 0.09358935803174973
108 0.09304170310497284
109 0.09141936153173447
110 0.09071981906890869
111 0.09211991727352142
112 0.09079799056053162
113 0.09258367121219635
114 0.09104635566473007
115 0.08986859768629074
116 0.08995692431926727
117 0.08873073756694794
118 0.08791929483413696
119 0.0874880775809288
120 0.08653664588928223
121 0.09120107442140579
122 0.08703703433275223
123 0.08782597631216049
124 0.08651915192604065
125 0.08536090701818466
126 0.08485228568315506
127 0.08656042814254761
128 0.08233720064163208
129 0.08418795466423035
130 0.08214405924081802
131 0.08441541343927383
132 0.08470986038446426
133 0.08494634181261063
134 0.08384381979703903
135 0.08523229509592056
136 0.08237111568450928
137 0.08252129703760147
138 0.08352374285459518
139 0.08271343261003494
140 0.08132760226726532
141 0.08124898374080658
142 0.08180627971887589
143 0.08047298341989517
144 0.08075493574142456
145 0.0821584090590477
146 0.08160019665956497
147 0.08184009045362473
148 0.07903005182743073
149 0.08451911807060242
150 0.08030877262353897
151 0.08090388774871826
152 0.0795198455452919
153 0.07984800636768341
154 0.0787004679441452
155 0.08086878061294556
156 0.0758776068687439
157 0.07779751718044281
158 0.0764143317937851
159 0.07892947643995285
160 0.07800783962011337
161 0.0756760910153389
162 0.07916995882987976
163 0.07747981697320938
164 0.07402868568897247
165 0.07723037153482437
166 0.07741575688123703
167 0.07841382175683975
168 0.07947205752134323
169 0.07712423801422119
170 0.07565737515687943
171 0.07653284072875977
172 0.07461655884981155
173 0.07611977308988571
174 0.07380703091621399
175 0.07586762309074402
176 0.07484861463308334
177 0.07716064900159836
178 0.07284616678953171
179 0.07421357929706573
180 0.07177583873271942
181 0.07357955724000931
182 0.0728282630443573
183 0.07329026609659195
184 0.0717955082654953
185 0.07241726666688919
186 0.07481696456670761
187 0.07257165759801865
188 0.07303782552480698
189 0.0743374153971672
190 0.07293832302093506
191 0.07219237834215164
192 0.07026783376932144
193 0.0734611302614212
194 0.07022169977426529
195 0.0707383006811142
196 0.07094912976026535
197 0.06826645880937576
198 0.07239595055580139
199 0.07200703024864197
200 0.07212058454751968
201 0.07212883979082108
202 0.07108692824840546
203 0.07047102600336075
204 0.0713367760181427
205 0.06989467144012451
206 0.07256875932216644
207 0.06986162811517715
208 0.07062317430973053
209 0.06726143509149551
210 0.06689344346523285
211 0.07172944396734238
212 0.0695338025689125
213 0.06896515190601349
214 0.07067001610994339
215 0.06775367259979248
216 0.07018522173166275
217 0.06816644221544266
218 0.06949072331190109
219 0.06778890639543533
220 0.07074982672929764
221 0.06940529495477676
222 0.06753671914339066
223 0.06826487928628922
224 0.07016494125127792
225 0.06733404844999313
226 0.06850564479827881
227 0.06603571027517319
228 0.06744521856307983
229 0.06654217839241028
230 0.0676141306757927
231 0.06793861091136932
232 0.06707625091075897
233 0.06749556213617325
234 0.06719083338975906
235 0.06580184400081635
236 0.06651774793863297
237 0.0655849352478981
238 0.06562921404838562
239 0.06646465510129929
240 0.06531442701816559
241 0.06540941447019577
242 0.06488359719514847
243 0.06729264557361603
244 0.0664067268371582
245 0.06793132424354553
246 0.06575065106153488
247 0.0670495331287384
248 0.06673135608434677
249 0.06337784230709076
250 0.06484701484441757
251 0.06250566989183426
252 0.06611283123493195
253 0.06526809930801392
254 0.06223364546895027
255 0.0654064416885376
256 0.06376314163208008
257 0.06442151218652725
258 0.06444218754768372
259 0.06465092301368713
260 0.06287215650081635
261 0.0654115378856659
262 0.06350333243608475
263 0.06215883791446686
264 0.0647481381893158
265 0.06580314040184021
266 0.06251782923936844
267 0.06257842481136322
268 0.06553243845701218
269 0.06408336013555527
270 0.06353759765625
271 0.06350073218345642
272 0.06389664113521576
273 0.06314251571893692
274 0.06412370502948761
275 0.05958881974220276
276 0.060313671827316284
277 0.0627802386879921
278 0.06570147722959518
279 0.06317343562841415
280 0.061183467507362366
281 0.06426388770341873
282 0.06337639689445496
283 0.062489964067935944
284 0.062996044754982
285 0.06243604049086571
286 0.06023763120174408
287 0.06179989501833916
288 0.05997497960925102
289 0.06430638581514359
290 0.06296972185373306
291 0.06241343542933464
292 0.060991186648607254
293 0.05819641053676605
294 0.06206708028912544
295 0.060713030397892
296 0.0639110878109932
297 0.05928138270974159
298 0.06220643222332001
299 0.06209312751889229
300 0.05829361453652382
301 0.06139343976974487
302 0.05858069658279419
303 0.06136761233210564
304 0.05933477729558945
305 0.057713162153959274
306 0.05914176627993584
307 0.0589054711163044
308 0.0600937120616436
309 0.060481444001197815
310 0.0581599697470665
311 0.06045714020729065
312 0.06168714910745621
313 0.0588146448135376
314 0.05994388461112976
315 0.058193325996398926
316 0.05978268384933472
317 0.059535905718803406
318 0.059832628816366196
319 0.06082664802670479
320 0.05964692682027817
321 0.05900643765926361
322 0.06037518009543419
323 0.05807014927268028
324 0.057287003844976425
325 0.05754188075661659
326 0.056603774428367615
327 0.059383977204561234
328 0.05637618526816368
329 0.06121794134378433
330 0.056869395077228546
331 0.05692817643284798
332 0.059814732521772385
333 0.05711202323436737
334 0.05598137900233269
335 0.058003950864076614
336 0.05824161320924759
337 0.056068383157253265
338 0.053929079324007034
339 0.05887903645634651
340 0.057661883533000946
341 0.057707540690898895
342 0.05722499638795853
343 0.05750955641269684
344 0.05881495773792267
345 0.05805251747369766
346 0.05741473287343979
347 0.057549938559532166
348 0.05980981886386871
349 0.05797971412539482
350 0.056869301944971085
351 0.05808507651090622
352 0.059448886662721634
353 0.05741243064403534
354 0.06032632663846016
355 0.056687578558921814
356 0.05704348906874657
357 0.05457046627998352
358 0.056411437690258026
359 0.05745410919189453
360 0.05626672878861427
361 0.054418664425611496
362 0.056248780339956284
363 0.05617327615618706
364 0.056644901633262634
365 0.057063836604356766
366 0.056812502443790436
367 0.05487139895558357
368 0.05483434349298477
369 0.05655565857887268
370 0.058925267308950424
371 0.05427122861146927
372 0.054720476269721985
373 0.05468510091304779
374 0.05261022225022316
375 0.05397798493504524
376 0.05267791450023651
377 0.05496600270271301
378 0.05727742612361908
379 0.054557185620069504
380 0.056422505527734756
381 0.05275605246424675
382 0.05617736652493477
383 0.05597683787345886
384 0.05735694244503975
385 0.05359047278761864
386 0.052651241421699524
387 0.05546439066529274
388 0.05415552109479904
389 0.056095805019140244
390 0.05339987948536873
391 0.05480493977665901
392 0.054830316454172134
393 0.05456794053316116
394 0.05589012801647186
395 0.05518854409456253
396 0.05538908392190933
397 0.05431922525167465
398 0.05303500220179558
399 0.05110711231827736
400 0.05585729703307152
