1 1.0786746740341187
2 0.8113275766372681
3 0.6764554977416992
4 0.6084052324295044
5 0.5538275837898254
6 0.5043943524360657
7 0.45895352959632874
8 0.43049007654190063
9 0.3850131928920746
10 0.35823193192481995
11 0.341919481754303
12 0.3124746084213257
13 0.3010459542274475
14 0.2897999584674835
15 0.27776020765304565
16 0.2736009955406189
17 0.2559652328491211
18 0.2580767273902893
19 0.2589590549468994
20 0.25056201219558716
21 0.24145880341529846
22 0.2516615092754364
23 0.2545376420021057
24 0.23453772068023682
25 0.255415678024292
26 0.22289831936359406
27 0.23114967346191406
28 0.23047788441181183
29 0.2115417867898941
30 0.22199678421020508
31 0.22793333232402802
32 0.20637007057666779
33 0.21241331100463867
34 0.21388420462608337
35 0.21925970911979675
36 0.20881177484989166
37 0.20682913064956665
38 0.19776853919029236
39 0.2075996994972229
40 0.19545653462409973
41 0.2086724042892456
42 0.1980777382850647
43 0.1881847083568573
44 0.19526085257530212
45 0.20338758826255798
46 0.1911952793598175
47 0.18763048946857452
48 0.1826377809047699
49 0.17943264544010162
50 0.18467587232589722
51 0.19151084125041962
52 0.19450290501117706
53 0.18352998793125153
54 0.18401199579238892
55 0.17877455055713654
56 0.18003946542739868
57 0.18340358138084412
58 0.17964157462120056
59 0.17909254133701324
60 0.18196426331996918
61 0.17583034932613373
62 0.17539413273334503
63 0.1733408123254776
64 0.17833943665027618
65 0.1762983351945877
66 0.1782039999961853
67 0.16455605626106262
68 0.16939304769039154
69 0.17790672183036804
70 0.172906294465065
71 0.15929263830184937
72 0.16074268519878387
73 0.1475307047367096
74 0.17202450335025787
75 0.15929405391216278
76 0.16882088780403137
77 0.15312086045742035
78 0.1473648101091385
79 0.1529250591993332
80 0.15037347376346588
81 0.14279726147651672
82 0.1582317352294922
83 0.15314599871635437
84 0.13715194165706635
85 0.1372515708208084
86 0.1568075567483902
87 0.13711896538734436
88 0.14319327473640442
89 0.1366584151983261
90 0.14179641008377075
91 0.14863011240959167
92 0.1445041447877884
93 0.14446909725666046
94 0.1377342939376831
95 0.1500488966703415
96 0.12817560136318207
97 0.1399017721414566
98 0.14345134794712067
99 0.15112335979938507
100 0.13257595896720886
101 0.14764240384101868
102 0.13092449307441711
103 0.13589006662368774
104 0.13434211909770966
105 0.1424161195755005
106 0.1387847512960434
107 0.13210278749465942
108 0.13737083971500397
109 0.1393284648656845
110 0.12652111053466797
111 0.13831530511379242
112 0.1320163607597351
113 0.13931356370449066
114 0.1285104602575302
115 0.1423390954732895
116 0.1320999264717102
117 0.12260665744543076
118 0.1272430568933487
119 0.13595692813396454
120 0.12934908270835876
121 0.13200823962688446
122 0.12754587829113007
123 0.13575050234794617
124 0.12571612000465393
125 0.12778925895690918
126 0.1517472118139267
127 0.11474663019180298
128 0.1265346109867096
129 0.13138923048973083
130 0.1292905956506729
131 0.11922314763069153
132 0.1231427863240242
133 0.13037613034248352
134 0.1354890912771225
135 0.11201193928718567
136 0.1215095967054367
137 0.12721814215183258
138 0.12999501824378967
139 0.1286766529083252
140 0.12228456139564514
141 0.12738555669784546
142 0.12160830944776535
143 0.11977969855070114
144 0.11475961655378342
145 0.11932364851236343
146 0.10482113808393478
147 0.12989330291748047
148 0.12566618621349335
149 0.12176068872213364
150 0.11502480506896973
151 0.1336878091096878
152 0.1244480162858963
153 0.11464027315378189
154 0.12164205312728882
155 0.12708817422389984
156 0.127052441239357
157 0.121009960770607
158 0.12662425637245178
159 0.10785109549760818
160 0.12411981076002121
161 0.11795699596405029
162 0.11470434814691544
163 0.1160811111330986
164 0.12246161699295044
165 0.11502046138048172
166 0.1175747811794281
167 0.11008787900209427
168 0.11274027079343796
169 0.11592735350131989
170 0.1337873488664627
171 0.10547421127557755
172 0.1146252378821373
173 0.12470628321170807
174 0.111779123544693
175 0.11357885599136353
176 0.11772623658180237
177 0.10555349290370941
178 0.1144975870847702
179 0.12106256932020187
180 0.11991756409406662
181 0.12455351650714874
182 0.12152806669473648
183 0.122289277613163
184 0.12284520268440247
185 0.11311958730220795
186 0.11618993431329727
187 0.11146124452352524
188 0.10713176429271698
189 0.10551679879426956
190 0.12457960098981857
191 0.109104685485363
192 0.11859739571809769
193 0.11378365010023117
194 0.10991688072681427
195 0.10498739778995514
196 0.12240534275770187
197 0.10614024847745895
198 0.11622007191181183
199 0.09713612496852875
200 0.11964664608240128
