1 0.9718321561813354
2 0.5704934000968933
3 0.46381857991218567
4 0.3763415515422821
5 0.27702993154525757
6 0.2130298912525177
7 0.20843210816383362
8 0.1966276317834854
9 0.19285744428634644
10 0.2102109044790268
11 0.16705916821956635
12 0.16959558427333832
13 0.167231947183609
14 0.18225689232349396
15 0.18886081874370575
16 0.17274250090122223
17 0.18343812227249146
18 0.16823388636112213
19 0.15761126577854156
20 0.13948887586593628
21 0.1747034788131714
22 0.14896392822265625
23 0.1707315593957901
24 0.19509150087833405
25 0.2029133290052414
26 0.16602303087711334
27 0.15149447321891785
28 0.1745148003101349
29 0.2008715569972992
30 0.13869328796863556
31 0.1470811516046524
32 0.14264604449272156
33 0.14336885511875153
34 0.19815810024738312
35 0.13425418734550476
36 0.13950099050998688
37 0.15828290581703186
38 0.14717817306518555
39 0.1712557077407837
40 0.1741494983434677
41 0.13604572415351868
42 0.15303181111812592
43 0.13910503685474396
44 0.15813779830932617
45 0.13838189840316772
46 0.138113334774971
47 0.13154198229312897
48 0.1185934916138649
49 0.14018046855926514
50 0.1261368691921234
51 0.1503206193447113
52 0.1441897302865982
53 0.1609245240688324
54 0.14108698070049286
55 0.17257240414619446
56 0.12990213930606842
57 0.14159274101257324
58 0.17949043214321136
59 0.14199650287628174
60 0.14827866852283478
61 0.1112259104847908
62 0.15586714446544647
63 0.13388587534427643
64 0.12672744691371918
65 0.12959353625774384
66 0.14653511345386505
67 0.1382807493209839
68 0.12996900081634521
69 0.1332162618637085
70 0.1447669416666031
71 0.1282861828804016
72 0.14158207178115845
73 0.15337398648262024
74 0.12452688068151474
75 0.14600838720798492
76 0.13540589809417725
77 0.15664668381214142
78 0.16813190281391144
79 0.1350192129611969
80 0.13243649899959564
81 0.1264156699180603
82 0.12963759899139404
83 0.12075865268707275
84 0.12620118260383606
85 0.1406194120645523
86 0.11489509791135788
87 0.12127123773097992
88 0.13114911317825317
89 0.11043377965688705
90 0.12166793644428253
91 0.1116417869925499
92 0.15420812368392944
93 0.13295510411262512
94 0.1157778799533844
95 0.12190324813127518
96 0.10687515139579773
97 0.16291438043117523
98 0.11819679290056229
99 0.13274186849594116
100 0.14057275652885437
101 0.13353824615478516
102 0.1334402859210968
103 0.13589270412921906
104 0.11247628182172775
105 0.12564632296562195
106 0.132605642080307
107 0.12203631550073624
108 0.13307218253612518
109 0.14043626189231873
110 0.14407064020633698
111 0.11692067235708237
112 0.1407298743724823
113 0.12334592640399933
114 0.11791275441646576
115 0.1347230076789856
116 0.1571812778711319
117 0.12355559319257736
118 0.11120491474866867
119 0.13376852869987488
120 0.12352210283279419
121 0.12048016488552094
122 0.12868444621562958
123 0.12455853819847107
124 0.12977808713912964
125 0.12021386623382568
126 0.13822680711746216
127 0.13138870894908905
128 0.13246707618236542
129 0.13226614892482758
130 0.11971498280763626
131 0.13542352616786957
132 0.11860096454620361
133 0.1409517228603363
134 0.12152417004108429
135 0.10836538672447205
136 0.1216193437576294
137 0.14858165383338928
138 0.13151514530181885
139 0.10073784738779068
140 0.1359676718711853
141 0.13566991686820984
142 0.1249563917517662
143 0.11871431022882462
144 0.11422092467546463
145 0.14735671877861023
146 0.14918015897274017
147 0.13428089022636414
148 0.11466921865940094
149 0.11704637110233307
150 0.1368328034877777
151 0.11044236272573471
152 0.13714267313480377
153 0.15165181457996368
154 0.1073032096028328
155 0.12209125608205795
156 0.11729755252599716
157 0.1393527239561081
158 0.11179473251104355
159 0.11999640613794327
160 0.12843309342861176
161 0.11492333561182022
162 0.09578468650579453
163 0.13462184369564056
164 0.14164221286773682
165 0.13986143469810486
166 0.11956203728914261
167 0.12582893669605255
168 0.11021564900875092
169 0.13827143609523773
170 0.12261413782835007
171 0.11928776651620865
172 0.1144925206899643
173 0.1086910218000412
174 0.12093252688646317
175 0.13206519186496735
176 0.12759777903556824
177 0.11443990468978882
178 0.1658581644296646
179 0.1107025146484375
180 0.12801091372966766
181 0.12600205838680267
182 0.11271722614765167
183 0.10606760531663895
184 0.12927491962909698
185 0.12476510554552078
186 0.12151806801557541
187 0.13590769469738007
188 0.11697808653116226
189 0.11724620312452316
190 0.11710316687822342
191 0.11405440419912338
192 0.0998169407248497
193 0.1284283846616745
194 0.13734649121761322
195 0.09824769198894501
196 0.12167787551879883
197 0.1368223875761032
198 0.11357907205820084
199 0.11859305202960968
200 0.1260165572166443
