1 1.1154093742370605
2 0.7825018167495728
3 0.6387286186218262
4 0.5387287139892578
5 0.4529603123664856
6 0.42012619972229004
7 0.36559221148490906
8 0.3584514856338501
9 0.3142153322696686
10 0.3219548463821411
11 0.2921901047229767
12 0.2928026020526886
13 0.2636830806732178
14 0.2551611065864563
15 0.2689892053604126
16 0.23656755685806274
17 0.2261202335357666
18 0.23986414074897766
19 0.22429455816745758
20 0.22190290689468384
21 0.20828446745872498
22 0.22193627059459686
23 0.21090660989284515
24 0.22523024678230286
25 0.20191657543182373
26 0.20278191566467285
27 0.19245006144046783
28 0.1924261897802353
29 0.17919929325580597
30 0.17517483234405518
31 0.20016543567180634
32 0.18175508081912994
33 0.17150935530662537
34 0.1869775503873825
35 0.17550604045391083
36 0.1620025634765625
37 0.17498686909675598
38 0.18119053542613983
39 0.1624264419078827
40 0.16521111130714417
41 0.1727205067873001
42 0.16526049375534058
43 0.1646813601255417
44 0.174215167760849
45 0.15969662368297577
46 0.1638045459985733
47 0.1641271561384201
48 0.16068308055400848
49 0.15719586610794067
50 0.16043689846992493
51 0.15560001134872437
52 0.17187286913394928
53 0.15454058349132538
54 0.16845658421516418
55 0.16121500730514526
56 0.13761670887470245
57 0.15815018117427826
58 0.15110604465007782
59 0.15086078643798828
60 0.1604803204536438
61 0.1572575867176056
62 0.15190067887306213
63 0.1406407356262207
64 0.13240161538124084
65 0.1455972045660019
66 0.1413332223892212
67 0.1562248170375824
68 0.13269613683223724
69 0.13967254757881165
70 0.14437846839427948
71 0.15410137176513672
72 0.15585778653621674
73 0.1371079385280609
74 0.13603657484054565
75 0.13973881304264069
76 0.13961420953273773
77 0.13323074579238892
78 0.13670498132705688
79 0.1374768614768982
80 0.13677698373794556
81 0.12710103392601013
82 0.13173238933086395
83 0.13513018190860748
84 0.12453332543373108
85 0.1436535120010376
86 0.14468719065189362
87 0.13581250607967377
88 0.1342761516571045
89 0.12989813089370728
90 0.13191135227680206
91 0.13916099071502686
92 0.13334602117538452
93 0.11962413787841797
94 0.12951742112636566
95 0.12605173885822296
96 0.12798182666301727
97 0.13763844966888428
98 0.12800109386444092
99 0.1395636647939682
100 0.13425634801387787
101 0.1229911521077156
102 0.13476040959358215
103 0.135258749127388
104 0.1308191865682602
105 0.13296954333782196
106 0.12166134268045425
107 0.13238205015659332
108 0.12882685661315918
109 0.13490690290927887
110 0.12069238722324371
111 0.12393134087324142
112 0.12437426298856735
113 0.12546803057193756
114 0.12676367163658142
115 0.11981811374425888
116 0.10726212710142136
117 0.12237651646137238
118 0.12120672315359116
119 0.13267572224140167
120 0.11329864710569382
121 0.13067123293876648
122 0.12287148088216782
123 0.12531086802482605
124 0.11930166184902191
125 0.11499621719121933
126 0.11818470805883408
127 0.11646875739097595
128 0.12443751096725464
129 0.13398876786231995
130 0.12031226605176926
131 0.1108541190624237
132 0.1225905492901802
133 0.12201022356748581
134 0.11971530318260193
135 0.12296822667121887
136 0.11546306312084198
137 0.12042371928691864
138 0.11862625926733017
139 0.11454214155673981
140 0.11518070846796036
141 0.11919578909873962
142 0.11694406718015671
143 0.1176634430885315
144 0.10875895619392395
145 0.1120036169886589
146 0.11060481518507004
147 0.11390149593353271
148 0.1074388176202774
149 0.11741231381893158
150 0.11874979734420776
151 0.10689883679151535
152 0.11085488647222519
153 0.11611674726009369
154 0.10805458575487137
155 0.10956285893917084
156 0.11528905481100082
157 0.11576838791370392
158 0.11052189767360687
159 0.11741697788238525
160 0.09990935027599335
161 0.11212076991796494
162 0.10359345376491547
163 0.11347446590662003
164 0.119432732462883
165 0.10623687505722046
166 0.11821696907281876
167 0.1071062907576561
168 0.10391063988208771
169 0.11704184859991074
170 0.11099150776863098
171 0.10333185642957687
172 0.10930030047893524
173 0.10204026103019714
174 0.10999249666929245
175 0.11408621817827225
176 0.1077999621629715
177 0.11293961852788925
178 0.11289487034082413
179 0.1126861646771431
180 0.09791811555624008
181 0.10923117399215698
182 0.11762348562479019
183 0.10186270624399185
184 0.100868821144104
185 0.11514370143413544
186 0.103272445499897
187 0.10259377211332321
188 0.1154630109667778
189 0.10173667222261429
190 0.10625941306352615
191 0.10418552160263062
192 0.10830254852771759
193 0.11152627319097519
194 0.11438025534152985
195 0.10864976793527603
196 0.10403132438659668
197 0.10078772157430649
198 0.10867629200220108
199 0.10402090102434158
200 0.10271629691123962
201 0.10934323817491531
202 0.1174195185303688
203 0.10215955972671509
204 0.09888193011283875
205 0.11516384035348892
206 0.09941154718399048
207 0.10330978780984879
208 0.09608243405818939
209 0.10481192171573639
210 0.10317505896091461
211 0.09778331220149994
212 0.10709711909294128
213 0.09801410883665085
214 0.10608245432376862
215 0.11055278778076172
216 0.10312756150960922
217 0.09917491674423218
218 0.10285834968090057
219 0.11134158819913864
220 0.09084713459014893
221 0.10385801643133163
222 0.09737007319927216
223 0.10602562129497528
224 0.11276940256357193
225 0.09488387405872345
226 0.10894417017698288
227 0.10658419877290726
228 0.09187611192464828
229 0.1004159227013588
230 0.108726367354393
231 0.10621383041143417
232 0.09663407504558563
233 0.10169175267219543
234 0.09818042069673538
235 0.10115981101989746
236 0.09914761036634445
237 0.09510532766580582
238 0.11024732887744904
239 0.10099034756422043
240 0.09667093306779861
241 0.10017791390419006
242 0.10465437173843384
243 0.10610026866197586
244 0.10206390917301178
245 0.10522878915071487
246 0.10102766007184982
247 0.10552282631397247
248 0.09762018173933029
249 0.09274710714817047
250 0.1035323515534401
251 0.09821817278862
252 0.09802775830030441
253 0.09999600797891617
254 0.10384946316480637
255 0.09723539650440216
256 0.09395657479763031
257 0.09744975715875626
258 0.09635009616613388
259 0.1000523492693901
260 0.09531170129776001
261 0.09984740614891052
262 0.09756331890821457
263 0.10574740171432495
264 0.10143055766820908
265 0.09759996086359024
266 0.10326079279184341
267 0.09478149563074112
268 0.09022844582796097
269 0.09846889972686768
270 0.08891770243644714
271 0.10652190446853638
272 0.10011816769838333
273 0.09624173492193222
274 0.09429073333740234
275 0.09862519055604935
276 0.09082198888063431
277 0.08750872313976288
278 0.09998302161693573
279 0.08514215052127838
280 0.09717987477779388
281 0.09533500671386719
282 0.10158184915781021
283 0.09349627047777176
284 0.09040521830320358
285 0.09596557915210724
286 0.10268901288509369
287 0.09427305310964584
288 0.09284352511167526
289 0.10521389544010162
290 0.08994482457637787
291 0.09387894719839096
292 0.0817909762263298
293 0.10162559151649475
294 0.09060123562812805
295 0.08774472773075104
296 0.09855438023805618
297 0.09473197907209396
298 0.08936738222837448
299 0.1003105491399765
300 0.08890767395496368
301 0.08971376717090607
302 0.08525092154741287
303 0.09855322539806366
304 0.09077475219964981
305 0.08541762828826904
306 0.1053386777639389
307 0.09036371111869812
308 0.09199803322553635
309 0.08485004305839539
310 0.10342007875442505
311 0.10036134719848633
312 0.09125291556119919
313 0.0891357958316803
314 0.09171421080827713
315 0.08740493655204773
316 0.09612376987934113
317 0.09235421568155289
318 0.093539759516716
319 0.10073214024305344
320 0.092770516872406
321 0.09867729991674423
322 0.0879400297999382
323 0.09122262895107269
324 0.09459272027015686
325 0.08718782663345337
326 0.09901991486549377
327 0.092174232006073
328 0.08882864564657211
329 0.09175897389650345
330 0.09471767395734787
331 0.0779702290892601
332 0.0949271023273468
333 0.10228615999221802
334 0.07750441879034042
335 0.09743066132068634
336 0.09026171267032623
337 0.08133254945278168
338 0.0975586548447609
339 0.08943747729063034
340 0.09409069269895554
341 0.09713897109031677
342 0.09298340976238251
343 0.08570215106010437
344 0.08669368922710419
345 0.09758248925209045
346 0.09230535477399826
347 0.08374251425266266
348 0.09987874329090118
349 0.07785879075527191
350 0.08896854519844055
351 0.101151242852211
352 0.08919284492731094
353 0.0884762704372406
354 0.09323492646217346
355 0.08534553647041321
356 0.08641128987073898
357 0.08996076136827469
358 0.08847607672214508
359 0.09014414995908737
360 0.0879167839884758
361 0.10103639960289001
362 0.08101589977741241
363 0.08685508370399475
364 0.09209054708480835
365 0.08919448405504227
366 0.09471043944358826
367 0.09188336133956909
368 0.09122493863105774
369 0.0895877256989479
370 0.08998611569404602
371 0.08129507303237915
372 0.0941709652543068
373 0.08877158164978027
374 0.08478781580924988
375 0.09466026723384857
376 0.0851549431681633
377 0.08735399693250656
378 0.08693578094244003
379 0.08631008118391037
380 0.10053383558988571
381 0.08510483801364899
382 0.08679615706205368
383 0.08792031556367874
384 0.08916687965393066
385 0.09555087983608246
386 0.08621440082788467
387 0.0884220227599144
388 0.08253751695156097
389 0.08975423872470856
390 0.08927985280752182
391 0.08734119683504105
392 0.09122800081968307
393 0.08437766134738922
394 0.08762246370315552
395 0.08411125093698502
396 0.08844462037086487
397 0.08819825947284698
398 0.09005650132894516
399 0.08677566796541214
400 0.08305921405553818
401 0.08008071780204773
402 0.08936967700719833
403 0.08156603574752808
404 0.09777238965034485
405 0.0784815177321434
406 0.08906441181898117
407 0.08657250553369522
408 0.0873895138502121
409 0.09541040658950806
410 0.08782259374856949
411 0.0791110098361969
412 0.08543834835290909
413 0.09071269631385803
414 0.09210282564163208
415 0.08847247809171677
416 0.08593709021806717
417 0.08723825961351395
418 0.08245320618152618
419 0.0867701843380928
420 0.07993225008249283
421 0.08214052766561508
422 0.08999321609735489
423 0.07945970445871353
424 0.08084625750780106
425 0.08334536105394363
426 0.08187302947044373
427 0.08649777621030807
428 0.08327783644199371
429 0.08516008406877518
430 0.0783129557967186
431 0.08132165670394897
432 0.07624665647745132
433 0.0840739905834198
434 0.08280527591705322
435 0.08547355979681015
436 0.08755325525999069
437 0.08642549812793732
438 0.0768604576587677
439 0.08587601035833359
440 0.08215291053056717
441 0.0773875042796135
442 0.08584453165531158
443 0.09093109518289566
444 0.09368424862623215
445 0.07781382650136948
446 0.08289328962564468
447 0.09032757580280304
448 0.07038890570402145
449 0.07647689431905746
450 0.08728934079408646
451 0.07583220303058624
452 0.08029597252607346
453 0.08457200974225998
454 0.08609804511070251
455 0.0805010050535202
456 0.07695354521274567
457 0.07875452935695648
458 0.07680357247591019
459 0.07905398309230804
460 0.08462896198034286
461 0.08569055795669556
462 0.08670549094676971
463 0.07822247594594955
464 0.08593256771564484
465 0.09083078056573868
466 0.08948110044002533
467 0.0872870534658432
468 0.08352133631706238
469 0.0883169025182724
470 0.07834472507238388
471 0.08493924140930176
472 0.07989832013845444
473 0.08310788869857788
474 0.08713506162166595
475 0.08886012434959412
476 0.07871747761964798
477 0.0714491531252861
478 0.08745972812175751
479 0.07689240574836731
480 0.08884807676076889
481 0.07319554686546326
482 0.09484006464481354
483 0.0830678716301918
484 0.07964833825826645
485 0.08029647171497345
486 0.07702989876270294
487 0.07158634066581726
488 0.07995466887950897
489 0.09034941345453262
490 0.08382739871740341
491 0.07727275043725967
492 0.07735636830329895
493 0.08847871422767639
494 0.0729203149676323
495 0.08803524821996689
496 0.08757268637418747
497 0.09142083674669266
498 0.07284717261791229
499 0.0862496942281723
500 0.08473892509937286
501 0.07941517978906631
502 0.07564828544855118
503 0.08338170498609543
504 0.07258471101522446
505 0.08994060009717941
506 0.0789974182844162
507 0.08646614104509354
508 0.07958924025297165
509 0.08220454305410385
510 0.07859528064727783
511 0.07520744949579239
512 0.08953260630369186
513 0.08073670417070389
514 0.06286175549030304
515 0.08086182177066803
516 0.07123684883117676
517 0.08181030303239822
518 0.08421909064054489
519 0.08594561368227005
520 0.08220653235912323
521 0.0744958370923996
522 0.08205760270357132
523 0.07925941050052643
524 0.07836442440748215
525 0.0823245495557785
526 0.07186953723430634
527 0.08881347626447678
528 0.0754728764295578
529 0.08601298183202744
530 0.08303188532590866
531 0.07397323846817017
532 0.07486973702907562
533 0.07537179440259933
534 0.07585018128156662
535 0.07921186089515686
536 0.08023013919591904
537 0.09067180007696152
538 0.07326921820640564
539 0.07915422320365906
540 0.08155609667301178
541 0.0789904072880745
542 0.08457719534635544
543 0.07879921793937683
544 0.08664786070585251
545 0.06548991054296494
546 0.06995254009962082
547 0.07718952000141144
548 0.08566701412200928
549 0.0748303011059761
550 0.07125240564346313
551 0.08642688393592834
552 0.08506912738084793
553 0.07846807688474655
554 0.08181377500295639
555 0.07657871395349503
556 0.08441309630870819
557 0.06715795397758484
558 0.07359681278467178
559 0.07940544933080673
560 0.07943124324083328
561 0.08275924623012543
562 0.07654600590467453
563 0.07623434066772461
564 0.0804712325334549
565 0.07774075865745544
566 0.07398340851068497
567 0.07305427640676498
568 0.07493219524621964
569 0.08107981830835342
570 0.0747288316488266
571 0.07871690392494202
572 0.07921436429023743
573 0.080966055393219
574 0.07905818521976471
575 0.07111994177103043
576 0.08606036007404327
577 0.08274561911821365
578 0.06865423917770386
579 0.06884543597698212
580 0.07503823190927505
581 0.08711057901382446
582 0.09140384942293167
583 0.08028695732355118
584 0.0771682858467102
585 0.06950416415929794
586 0.07359664142131805
587 0.07763068377971649
588 0.07101605832576752
589 0.07580824196338654
590 0.07668321579694748
591 0.07489553838968277
592 0.08247443288564682
593 0.07138019800186157
594 0.0728035718202591
595 0.08314351737499237
596 0.07433559000492096
597 0.0746520534157753
598 0.07093989849090576
599 0.08048199862241745
600 0.07242507487535477
601 0.07266851514577866
602 0.08916282653808594
603 0.07714363187551498
604 0.08062434196472168
605 0.0721885934472084
606 0.08543864637613297
607 0.07897970825433731
608 0.07812339812517166
609 0.07199841737747192
610 0.07432001084089279
611 0.0794544517993927
612 0.08090690523386002
613 0.07348764687776566
614 0.08559247851371765
615 0.06483599543571472
616 0.07920718938112259
617 0.08429519087076187
618 0.07505124807357788
619 0.08245380222797394
620 0.07811972498893738
621 0.07709521800279617
622 0.07602986693382263
623 0.0707714781165123
624 0.08126362413167953
625 0.0713825598359108
626 0.07476232200860977
627 0.06664025038480759
628 0.07890143990516663
629 0.0725797787308693
630 0.07794707268476486
631 0.07439969480037689
632 0.06982054561376572
633 0.0699840560555458
634 0.07378033548593521
635 0.077943816781044
636 0.06865587085485458
637 0.07487297803163528
638 0.07787953317165375
639 0.07920238375663757
640 0.07153670489788055
641 0.07707533240318298
642 0.07100256532430649
643 0.07270746678113937
644 0.07038687914609909
645 0.07407009601593018
646 0.07046565413475037
647 0.06904889643192291
648 0.07342096418142319
649 0.06988749653100967
650 0.07137131690979004
651 0.07921475917100906
652 0.0761546865105629
653 0.06722866743803024
654 0.07339830696582794
655 0.06750023365020752
656 0.06548959016799927
657 0.07179893553256989
658 0.07318881154060364
659 0.07270094007253647
660 0.0740051120519638
661 0.06987539678812027
662 0.06988593190908432
663 0.07476241141557693
664 0.07940683513879776
665 0.07116304337978363
666 0.0729464739561081
667 0.0759870633482933
668 0.08005040884017944
669 0.07634112983942032
670 0.07030492275953293
671 0.07670477032661438
672 0.07721927762031555
673 0.07683362066745758
674 0.0760948583483696
675 0.06599977612495422
676 0.0749734416604042
677 0.07525838911533356
678 0.07338316738605499
679 0.07713407278060913
680 0.08150576800107956
681 0.07188712805509567
682 0.07159630954265594
683 0.06484385579824448
684 0.07884733378887177
685 0.07817988842725754
686 0.06975775957107544
687 0.0675242692232132
688 0.06915032863616943
689 0.07161234319210052
690 0.07454003393650055
691 0.0726354569196701
692 0.06744696944952011
693 0.07414687424898148
694 0.07243013381958008
695 0.07358396053314209
696 0.07330718636512756
697 0.069893479347229
698 0.08713933825492859
699 0.0729914978146553
700 0.06691234558820724
701 0.08057209849357605
702 0.073754221200943
703 0.07446185499429703
704 0.06605623662471771
705 0.07035893201828003
706 0.06861589848995209
707 0.08020585030317307
708 0.07098560035228729
709 0.0662088394165039
710 0.07327921688556671
711 0.07971389591693878
712 0.07372533529996872
713 0.06975618004798889
714 0.07460714876651764
715 0.07177294045686722
716 0.07973338663578033
717 0.0726313665509224
718 0.06792788952589035
719 0.07756631076335907
720 0.07513510435819626
721 0.0688290223479271
722 0.07222264260053635
723 0.07365251332521439
724 0.08166006952524185
725 0.0714053139090538
726 0.07397234439849854
727 0.06830969452857971
728 0.06259509921073914
729 0.07404299080371857
730 0.07551203668117523
731 0.07367157191038132
732 0.06346367299556732
733 0.07181374728679657
734 0.06495941430330276
735 0.07105730473995209
736 0.06359782814979553
737 0.07445567846298218
738 0.07568776607513428
739 0.06319078058004379
740 0.07508987933397293
741 0.0769752487540245
742 0.07468856871128082
743 0.07283706218004227
744 0.07427514344453812
745 0.07115739583969116
746 0.06800906360149384
747 0.06515700370073318
748 0.06844538450241089
749 0.06411288678646088
750 0.07227873057126999
751 0.064310722053051
752 0.06340055912733078
753 0.07259487360715866
754 0.08398676663637161
755 0.06706462055444717
756 0.06954950839281082
757 0.07165517657995224
758 0.06648553907871246
759 0.07019353657960892
760 0.07386945188045502
761 0.06314120441675186
762 0.06758259981870651
763 0.07494732737541199
764 0.07014823704957962
765 0.0735742598772049
766 0.07631955295801163
767 0.06935952603816986
768 0.06668617576360703
769 0.07482066750526428
770 0.0730782300233841
771 0.06543107330799103
772 0.07032637298107147
773 0.06728634238243103
774 0.07506652176380157
775 0.06519721448421478
776 0.06641457974910736
777 0.08187276870012283
778 0.06830015033483505
779 0.06947153061628342
780 0.07511916756629944
781 0.07035244256258011
782 0.062338266521692276
783 0.07142950594425201
784 0.07120069861412048
785 0.06466057896614075
786 0.07673107832670212
787 0.06564915925264359
788 0.07308473438024521
789 0.0736420601606369
790 0.0627823919057846
791 0.074623703956604
792 0.0692802295088768
793 0.07423847913742065
794 0.061069555580616
795 0.06531378626823425
796 0.06865540146827698
797 0.07318124175071716
798 0.06224092096090317
799 0.07164609432220459
800 0.07221566140651703
