1 1.6824488639831543
2 1.3177398443222046
3 1.2985032796859741
4 1.0964010953903198
5 1.113092303276062
6 0.9603222012519836
7 1.0400137901306152
8 0.9037711024284363
9 0.9056585431098938
10 0.8510532975196838
11 0.7959596514701843
12 0.8205515742301941
13 0.8028673529624939
14 0.7437936663627625
15 0.7805324792861938
16 0.773956298828125
17 0.7790022492408752
18 0.6611924767494202
19 0.7212727069854736
20 0.6972330808639526
21 0.6794154644012451
22 0.6152900457382202
23 0.7455164194107056
24 0.6976109147071838
25 0.615165650844574
26 0.5434127449989319
27 0.5923411250114441
28 0.7256947159767151
29 0.5722207427024841
30 0.7466192841529846
31 0.6053851246833801
32 0.5904843211174011
33 0.5487987399101257
34 0.6405813097953796
35 0.5739662051200867
36 0.5398635268211365
37 0.6268115043640137
38 0.5358341932296753
39 0.45292970538139343
40 0.658966064453125
41 0.5163958072662354
42 0.49609166383743286
43 0.5420861840248108
44 0.5134872198104858
45 0.4637014865875244
46 0.4305870234966278
47 0.526208221912384
48 0.5423271059989929
49 0.4827527701854706
50 0.5462141633033752
51 0.49468937516212463
52 0.42886027693748474
53 0.5079839825630188
54 0.4834979772567749
55 0.5347921252250671
56 0.4673052430152893
57 0.44791194796562195
58 0.509570300579071
59 0.5303078889846802
60 0.6108278632164001
61 0.5065600872039795
62 0.47423335909843445
63 0.4851479232311249
64 0.4697567820549011
65 0.42227935791015625
66 0.45371392369270325
67 0.458376407623291
68 0.45901820063591003
69 0.5404037833213806
70 0.48775917291641235
71 0.4856144189834595
72 0.44348764419555664
73 0.4401393234729767
74 0.45024406909942627
75 0.4390367865562439
76 0.46975481510162354
77 0.5211018323898315
78 0.4678810238838196
79 0.48539188504219055
80 0.47935083508491516
81 0.4650406241416931
82 0.42034974694252014
83 0.4660266637802124
84 0.44744300842285156
85 0.5591415762901306
86 0.4500129818916321
87 0.4608447849750519
88 0.4618450701236725
89 0.46172916889190674
90 0.4128839671611786
91 0.7757466435432434
92 0.37679561972618103
93 0.4614296853542328
94 0.43166887760162354
95 0.42104974389076233
96 0.43994930386543274
97 0.4202996492385864
98 0.4190221130847931
99 0.40616166591644287
100 0.3997907340526581
101 0.48985105752944946
102 0.41445407271385193
103 0.3895484209060669
104 0.3909003436565399
105 0.3996638357639313
106 0.4178776443004608
107 0.4496638774871826
108 0.43407708406448364
109 0.4943881630897522
110 0.4276774525642395
111 0.3958630859851837
112 0.36358070373535156
113 0.40890514850616455
114 0.513526201248169
115 0.38981893658638
116 0.3273855745792389
117 0.374044805765152
118 0.38567519187927246
119 0.35552847385406494
120 0.39709579944610596
121 0.40619534254074097
122 0.4268468916416168
123 0.4299822449684143
124 0.38110092282295227
125 0.374443382024765
126 0.369065523147583
127 0.395672470331192
128 0.3397141396999359
129 0.4175414443016052
130 0.37588030099868774
131 0.3916800916194916
132 0.42167192697525024
133 0.35028403997421265
134 0.37990421056747437
135 0.3769280016422272
136 0.4020663797855377
137 0.3925202488899231
138 0.3703785836696625
139 0.38416850566864014
140 0.3534759283065796
141 0.3641258478164673
142 0.3651643693447113
143 0.42883697152137756
144 0.36481332778930664
145 0.36821240186691284
146 0.3490515351295471
147 0.33532875776290894
148 0.3569089472293854
149 0.3601264953613281
150 0.3997969329357147
151 0.3497035801410675
152 0.36525484919548035
153 0.35189682245254517
154 0.3914952576160431
155 0.39133355021476746
156 0.3958107829093933
157 0.3906588554382324
158 0.33743995428085327
159 0.36621931195259094
160 0.3558615744113922
161 0.3680182099342346
162 0.34951895475387573
163 0.36438992619514465
164 0.37688499689102173
165 0.3420987129211426
166 0.37933963537216187
167 0.37509623169898987
168 0.382213830947876
169 0.3522202670574188
170 0.35105839371681213
171 0.35095566511154175
172 0.3047620356082916
173 0.3735482394695282
174 0.30711185932159424
175 0.3298928439617157
176 0.3584148585796356
177 0.3749794661998749
178 0.30480968952178955
179 0.3393194377422333
180 0.35019823908805847
181 0.4096246361732483
182 0.4300053119659424
183 0.3433489501476288
184 0.37545639276504517
185 0.33145174384117126
186 0.32200053334236145
187 0.541471004486084
188 0.3541562557220459
189 0.32983851432800293
190 0.3612132668495178
191 0.3050951361656189
192 0.31360679864883423
193 0.36653125286102295
194 0.377314954996109
195 0.3062448799610138
196 0.3770759701728821
197 0.30778616666793823
198 0.31209254264831543
199 0.31423819065093994
200 0.3393745422363281
201 0.3267841935157776
202 0.3619665205478668
203 0.3393191695213318
204 0.3081620931625366
205 0.3651815354824066
206 0.36323997378349304
207 0.3239234983921051
208 0.3126993179321289
209 0.35689353942871094
210 0.3047758638858795
211 0.35008835792541504
212 0.341081827878952
213 0.28508424758911133
214 0.3597913980484009
215 0.31660667061805725
216 0.36097460985183716
217 0.2891142666339874
218 0.3848443925380707
219 0.3012751340866089
220 0.31297245621681213
221 0.35787197947502136
222 0.37050682306289673
223 0.32793128490448
224 0.27494287490844727
225 0.3605530261993408
226 0.3162270486354828
227 0.3736019730567932
228 0.3009614944458008
229 0.3326669931411743
230 0.33647671341896057
231 0.32542166113853455
232 0.31872814893722534
233 0.33698809146881104
234 0.32053500413894653
235 0.32988208532333374
236 0.3041606545448303
237 0.38561156392097473
238 0.31219857931137085
239 0.33838334679603577
240 0.3223414123058319
241 0.31684595346450806
242 0.30631861090660095
243 0.3582991361618042
244 0.29164034128189087
245 0.3139980435371399
246 0.8733824491500854
247 0.329451322555542
248 0.2972216308116913
249 0.3471440374851227
250 0.28897401690483093
251 0.31687530875205994
252 0.3203851878643036
253 0.29558610916137695
254 0.3384841978549957
255 0.2804117798805237
256 0.31956738233566284
257 0.34815698862075806
258 0.31575798988342285
259 0.32495540380477905
260 0.27882036566734314
261 0.32166391611099243
262 0.2738272547721863
263 0.2888767123222351
264 0.3922700583934784
265 0.3467600643634796
266 0.30914726853370667
267 0.281258225440979
268 0.31053996086120605
269 0.3370587229728699
270 0.22853553295135498
271 0.31712085008621216
272 0.3243318200111389
273 0.29543957114219666
274 0.33759135007858276
275 0.25950154662132263
276 0.3598170876502991
277 0.2729702591896057
278 0.30890193581581116
279 0.3450310230255127
280 0.44332122802734375
281 0.24883273243904114
282 0.3187093734741211
283 0.27706748247146606
284 0.32705914974212646
285 0.365818053483963
286 0.27415528893470764
287 0.32988280057907104
288 0.2920510768890381
289 0.3222067356109619
290 0.319331556558609
291 0.2742598354816437
292 0.4204404652118683
293 0.2576117515563965
294 0.36874768137931824
295 0.334141343832016
296 0.3267461359500885
297 0.31450551748275757
298 0.2825681269168854
299 0.30688712000846863
300 0.39834269881248474
301 0.26270437240600586
302 0.3247385621070862
303 0.28785938024520874
304 0.3196447193622589
305 0.2868362367153168
306 0.30276259779930115
307 0.28918859362602234
308 0.3156224489212036
309 0.29896628856658936
310 0.333102285861969
311 0.29235827922821045
312 0.32858702540397644
313 0.2773156762123108
314 0.43073779344558716
315 0.34565526247024536
316 0.30683836340904236
317 0.3823494613170624
318 0.3105344772338867
319 0.314300537109375
320 0.26448607444763184
321 0.3068004846572876
322 0.3086284101009369
323 0.28377765417099
324 0.2764182984828949
325 0.30215561389923096
326 0.2709340751171112
327 0.29117879271507263
328 0.31870460510253906
329 0.2903907597064972
330 0.5075601935386658
331 0.26866698265075684
332 0.2817031443119049
333 0.282562792301178
334 0.2783082127571106
335 0.3579062223434448
336 0.3184426724910736
337 0.31390151381492615
338 0.3346066474914551
339 0.3646252155303955
340 0.2568342983722687
341 0.35387858748435974
342 0.28005868196487427
343 0.26193806529045105
344 0.284468412399292
345 0.29825568199157715
346 0.29174745082855225
347 0.25394052267074585
348 0.3112200200557709
349 0.25809764862060547
350 0.27981817722320557
351 0.2943371534347534
352 0.2678440809249878
353 0.3469315469264984
354 0.2727900743484497
355 0.2909911274909973
356 0.3558797240257263
357 0.278106689453125
358 0.3015015423297882
359 0.2840745449066162
360 0.2632042169570923
361 0.31198111176490784
362 0.26144522428512573
363 0.2973382771015167
364 0.277247816324234
365 0.29751211404800415
366 0.2838727533817291
367 0.2400534301996231
368 0.2954261600971222
369 0.23549053072929382
370 0.3110556900501251
371 0.2991144359111786
372 0.3169543445110321
373 0.2834264636039734
374 0.34016695618629456
375 0.2820066809654236
376 0.2747633159160614
377 0.2946239411830902
378 0.3498130738735199
379 0.25800761580467224
380 0.284793496131897
381 0.27263110876083374
382 0.2947745621204376
383 0.26914724707603455
384 0.29207897186279297
385 0.3965297043323517
386 0.2611083984375
387 0.2530842423439026
388 0.33778297901153564
389 0.2760969400405884
390 0.2959456145763397
391 0.5584909915924072
392 0.31498435139656067
393 0.2771221995353699
394 0.28303179144859314
395 0.2785682678222656
396 0.2783663272857666
397 0.2963137626647949
398 0.2890523076057434
399 0.3581428825855255
400 0.22204893827438354
401 0.2991951107978821
402 0.3380158841609955
403 0.28090399503707886
404 0.2746227979660034
405 0.2758380174636841
406 0.27313610911369324
407 0.22992630302906036
408 0.304612398147583
409 0.27794861793518066
410 0.3033367991447449
411 0.27173760533332825
412 0.23204413056373596
413 0.32183900475502014
414 0.2929196357727051
415 0.2578038275241852
416 0.24916064739227295
417 0.24466045200824738
418 0.2645924985408783
419 0.3355850875377655
420 0.27324536442756653
421 0.27093079686164856
422 0.2580987215042114
423 0.2801065444946289
424 0.2729548513889313
425 0.24465176463127136
426 0.3250892758369446
427 0.2774299085140228
428 0.29561394453048706
429 0.24781988561153412
430 0.29379403591156006
431 0.3220441937446594
432 0.2716900408267975
433 0.28273236751556396
434 0.25734618306159973
435 0.2846844792366028
436 0.2588602304458618
437 0.2826308310031891
438 0.4126899242401123
439 0.2618127763271332
440 0.25075602531433105
441 0.21925495564937592
442 0.2971101701259613
443 0.25968828797340393
444 0.34309494495391846
445 0.25473517179489136
446 0.2806810736656189
447 0.2989753782749176
448 0.2479017823934555
449 0.23451976478099823
450 0.32659223675727844
451 0.25333935022354126
452 0.31206032633781433
453 0.30194762349128723
454 0.2779431939125061
455 0.31804636120796204
456 0.2422010898590088
457 0.6795523166656494
458 0.2752833366394043
459 0.3474414646625519
460 0.28581464290618896
461 0.2722679376602173
462 0.24497787654399872
463 0.2712429165840149
464 0.262215256690979
465 0.2756028473377228
466 0.28408440947532654
467 0.32357990741729736
468 0.2948934733867645
469 0.28341999650001526
470 0.3248450756072998
471 0.25792551040649414
472 0.3356879651546478
473 0.22528201341629028
474 0.28807106614112854
475 0.45837923884391785
476 0.2272575944662094
477 0.2998410761356354
478 0.28674885630607605
479 0.2857973873615265
480 0.23503749072551727
481 0.2645155191421509
482 0.26085659861564636
483 0.3051924705505371
484 0.29405710101127625
485 0.32316854596138
486 0.23458163440227509
487 0.3590417504310608
488 0.26622551679611206
489 0.2934722602367401
490 0.27081939578056335
491 0.24982494115829468
492 0.2933886647224426
493 0.29400771856307983
494 0.32915931940078735
495 0.42681360244750977
496 0.2372569739818573
497 0.26779934763908386
498 0.27148476243019104
499 0.29819348454475403
500 0.2711859345436096
501 0.28557267785072327
502 0.2388056367635727
503 0.2874221205711365
504 0.7159972786903381
505 0.24827887117862701
506 0.25865522027015686
507 0.3841918408870697
508 0.23631376028060913
509 0.2734678387641907
510 0.3072640001773834
511 0.285086452960968
512 0.23761551082134247
513 0.3203107714653015
514 0.2790634036064148
515 0.22882136702537537
516 0.2411826103925705
517 0.24112877249717712
518 0.29167261719703674
519 0.2460530400276184
520 0.2660684287548065
521 0.4789654314517975
522 0.25807106494903564
523 0.27833637595176697
524 0.266028493642807
525 0.2775847613811493
526 0.37968868017196655
527 0.2752459943294525
528 0.40967056155204773
529 0.269243985414505
530 0.25394192337989807
531 0.2394677698612213
532 0.2467838078737259
533 0.27165135741233826
534 0.25993502140045166
535 0.3945367932319641
536 0.22292429208755493
537 0.27110785245895386
538 0.7965644001960754
539 0.22299274802207947
540 0.6624110341072083
541 0.27994203567504883
542 0.32428258657455444
543 0.22755789756774902
544 0.3290293514728546
545 0.2820567190647125
546 0.20223693549633026
547 0.30055561661720276
548 0.8089760541915894
549 0.28201109170913696
550 0.3343415856361389
551 0.24278761446475983
552 0.22920861840248108
553 0.29188546538352966
554 0.2255222350358963
555 0.26678529381752014
556 0.28521648049354553
557 0.27967050671577454
558 0.2711816728115082
559 0.232416033744812
560 0.26773980259895325
561 0.2914270758628845
562 0.250715970993042
563 0.31510215997695923
564 0.23269817233085632
565 0.2840360403060913
566 0.5002228021621704
567 0.24065543711185455
568 0.2647159695625305
569 0.30670979619026184
570 0.3350212872028351
571 0.21862894296646118
572 0.27519869804382324
573 0.3353929817676544
574 0.39350196719169617
575 0.27023860812187195
576 0.2092277556657791
577 0.3410801887512207
578 0.30412665009498596
579 0.28218337893486023
580 0.3225032091140747
581 0.30716586112976074
582 0.3900369703769684
583 0.28003615140914917
584 0.26220566034317017
585 0.3983900845050812
586 0.2552529573440552
587 0.2841258645057678
588 0.23518359661102295
589 0.23149988055229187
590 0.24384884536266327
591 0.48405614495277405
592 0.2709578573703766
593 0.24774953722953796
594 0.22510111331939697
595 0.2736693024635315
596 0.33805567026138306
597 0.25000759959220886
598 0.341204971075058
599 0.22648753225803375
600 0.24594144523143768
601 0.2510189116001129
602 0.2784298360347748
603 0.22915522754192352
604 0.28894492983818054
605 0.2521671652793884
606 0.2269710749387741
607 0.3063613176345825
608 0.4169679582118988
609 0.25373274087905884
610 0.2954622209072113
611 0.2668883204460144
612 0.2390357106924057
613 0.32895076274871826
614 0.3124055862426758
615 0.2487122118473053
616 0.29774487018585205
617 0.2493264228105545
618 0.23599284887313843
619 0.28971511125564575
620 1.628576397895813
621 0.2914988100528717
622 0.4873489737510681
623 0.30882954597473145
624 0.24326154589653015
625 0.2993127703666687
626 0.30012139678001404
627 0.23794232308864594
628 0.3675854802131653
629 0.21537154912948608
630 0.33406493067741394
631 0.3405049741268158
632 0.23723472654819489
633 0.29945334792137146
634 0.30577972531318665
635 0.23279079794883728
636 0.24505558609962463
637 0.35960379242897034
638 0.4050961136817932
639 0.23192213475704193
640 0.46276646852493286
641 0.2847338318824768
642 0.26737815141677856
643 0.2527710199356079
644 0.28301236033439636
645 0.23720566928386688
646 0.28268352150917053
647 0.2823100686073303
648 0.26128947734832764
649 0.24246659874916077
650 0.2366429716348648
651 0.2631741166114807
652 0.6400332450866699
653 0.2890995740890503
654 0.24884040653705597
655 0.2589350640773773
656 0.31164631247520447
657 0.2978288233280182
658 0.2752794921398163
659 0.23750567436218262
660 0.22839078307151794
661 0.5602521896362305
662 0.26919373869895935
663 0.29861927032470703
664 0.2170318067073822
665 0.3679366707801819
666 0.24241405725479126
667 0.2928115725517273
668 0.2367192506790161
669 0.28079548478126526
670 0.25063356757164
671 0.27644282579421997
672 0.2320922166109085
673 0.3175366222858429
674 0.18508575856685638
675 0.27139219641685486
676 0.2706805467605591
677 0.2337334305047989
678 0.2542477548122406
679 0.6545771956443787
680 0.25497177243232727
681 0.45042213797569275
682 0.3101291060447693
683 0.2648093104362488
684 0.23198553919792175
685 0.26008689403533936
686 0.3502429127693176
687 0.23734036087989807
688 0.2674233615398407
689 0.3325999677181244
690 0.23123863339424133
691 0.23064231872558594
692 0.231731116771698
693 0.27242276072502136
694 0.3010624051094055
695 0.209940567612648
696 0.43313512206077576
697 0.21343711018562317
698 0.27139249444007874
699 0.2240963727235794
700 0.2428244948387146
701 0.3147084712982178
702 0.2580389678478241
703 0.6619476675987244
704 0.24399684369564056
705 0.27125298976898193
706 0.2101363092660904
707 0.2561929523944855
708 0.25003454089164734
709 0.2823897898197174
710 0.2807200849056244
711 0.21206066012382507
712 0.242067351937294
713 0.35233622789382935
714 0.53936767578125
715 0.29309141635894775
716 0.2204594910144806
717 0.31286171078681946
718 0.26731082797050476
719 0.29266244173049927
720 0.3084633946418762
721 0.2830292880535126
722 0.28316932916641235
723 0.2651687562465668
724 0.20673125982284546
725 0.347390741109848
726 0.3038146495819092
727 0.30511796474456787
728 0.2109871506690979
729 0.31134748458862305
730 0.23973773419857025
731 0.24066998064517975
732 0.2602255642414093
733 0.4524153769016266
734 0.254095196723938
735 0.33453693985939026
736 0.2656819224357605
737 0.2454453855752945
738 0.24746958911418915
739 0.3499660789966583
740 0.22235046327114105
741 0.27203333377838135
742 0.24498581886291504
743 0.2788712680339813
744 0.2838466465473175
745 0.33849379420280457
746 0.22059282660484314
747 0.5231381058692932
748 0.20794449746608734
749 0.24364033341407776
750 0.27051758766174316
751 0.25225213170051575
752 0.20330624282360077
753 0.38870611786842346
754 0.28076231479644775
755 0.28871089220046997
756 0.27740973234176636
757 0.2856946289539337
758 0.29269689321517944
759 0.29718711972236633
760 0.3388867676258087
761 0.41223883628845215
762 0.2436205893754959
763 0.6784446835517883
764 0.24413852393627167
765 0.49189722537994385
766 0.24971291422843933
767 0.2537047863006592
768 0.25298720598220825
769 0.2512924075126648
770 0.2966063320636749
771 0.24852047860622406
772 0.20830883085727692
773 0.20924316346645355
774 0.29769986867904663
775 0.2667631506919861
776 0.24326647818088531
777 0.2869192361831665
778 0.25008493661880493
779 0.22479988634586334
780 0.24822907149791718
781 0.241934135556221
782 0.2151457816362381
783 0.22665035724639893
784 0.26295095682144165
785 0.28471872210502625
786 0.28786101937294006
787 0.255401611328125
788 0.3407800495624542
789 0.19367754459381104
790 0.21588975191116333
791 0.3300679624080658
792 0.28757819533348083
793 0.2775764763355255
794 0.277306467294693
795 0.29272446036338806
796 0.23897407948970795
797 0.2629712224006653
798 0.18487444519996643
799 0.2472608983516693
800 0.2630214989185333
