1 1.1746433973312378
2 1.052069902420044
3 0.9201651811599731
4 0.8031696677207947
5 0.7185131311416626
6 0.6523143649101257
7 0.6037164330482483
8 0.5555366277694702
9 0.5210229754447937
10 0.4894319474697113
11 0.4582277238368988
12 0.43480178713798523
13 0.40669628977775574
14 0.3847193121910095
15 0.36799854040145874
16 0.34518200159072876
17 0.3272058665752411
18 0.31467050313949585
19 0.30028823018074036
20 0.285600870847702
21 0.2759805917739868
22 0.26443716883659363
23 0.25852376222610474
24 0.24830467998981476
25 0.2399161159992218
26 0.23580600321292877
27 0.22677366435527802
28 0.22186847031116486
29 0.2123780995607376
30 0.20960533618927002
31 0.20556846261024475
32 0.202060267329216
33 0.19513295590877533
34 0.1929991990327835
35 0.189516082406044
36 0.1837906390428543
37 0.17863966524600983
38 0.17763547599315643
39 0.17554840445518494
40 0.1720346063375473
41 0.16755032539367676
42 0.1660410612821579
43 0.16313467919826508
44 0.16119013726711273
45 0.16004620492458344
46 0.1582314521074295
47 0.1552341878414154
48 0.15290673077106476
49 0.1498892605304718
50 0.1472834348678589
51 0.1475231647491455
52 0.14504548907279968
53 0.14237400889396667
54 0.1422993391752243
55 0.1429128497838974
56 0.13730940222740173
57 0.13688604533672333
58 0.13593542575836182
59 0.13485600054264069
60 0.13313814997673035
61 0.13252094388008118
62 0.13196411728858948
63 0.13124603033065796
64 0.12887431681156158
65 0.1278289556503296
66 0.12633958458900452
67 0.12710288166999817
68 0.1247374638915062
69 0.1231914535164833
70 0.12312424182891846
71 0.12370110303163528
72 0.12033256888389587
73 0.11818211525678635
74 0.12005794793367386
75 0.11949288845062256
76 0.11519606411457062
77 0.11988174170255661
78 0.11673486232757568
79 0.11590797454118729
80 0.1147407665848732
81 0.11385942250490189
82 0.11270161718130112
83 0.11131373792886734
84 0.11257705092430115
85 0.11388779431581497
86 0.11187497526407242
87 0.10935080051422119
88 0.1084049865603447
89 0.1091136783361435
90 0.10948346555233002
91 0.10698410123586655
92 0.10837609320878983
93 0.10472219437360764
94 0.10573123395442963
95 0.10413699597120285
96 0.10638607293367386
97 0.10556201636791229
98 0.10378213971853256
99 0.10284751653671265
100 0.10220785439014435
101 0.09991719573736191
102 0.10241220891475677
103 0.1017061099410057
104 0.10278785973787308
105 0.09954570978879929
106 0.09982837736606598
107 0.10023614764213562
108 0.10001200437545776
109 0.09811470657587051
110 0.09767989814281464
111 0.0959046483039856
112 0.09638797491788864
113 0.09787794202566147
114 0.09645477682352066
115 0.09663026034832001
116 0.09715639799833298
117 0.09528874605894089
118 0.09452705830335617
119 0.09562139958143234
120 0.09469925612211227
121 0.09326381981372833
122 0.09527821093797684
123 0.09441064298152924
124 0.09391455352306366
125 0.09167568385601044
126 0.0922425389289856
127 0.09101468324661255
128 0.09345641732215881
129 0.09265350550413132
130 0.08899523317813873
131 0.08862809091806412
132 0.08881183713674545
133 0.09070510417222977
134 0.09197631478309631
135 0.08777008205652237
136 0.08791708201169968
137 0.08935920149087906
138 0.08900335431098938
139 0.08694345504045486
140 0.08855237066745758
141 0.08624990284442902
142 0.08886928856372833
143 0.0844246968626976
144 0.08691415190696716
145 0.08575575053691864
146 0.08743786066770554
147 0.08635380864143372
148 0.08676924556493759
149 0.08578060567378998
150 0.08612096309661865
151 0.0861608013510704
152 0.08317871391773224
153 0.08335185796022415
154 0.08287261426448822
155 0.08645574748516083
156 0.08374089002609253
157 0.08278417587280273
158 0.08721829950809479
159 0.08024591952562332
160 0.0821605771780014
161 0.0811137706041336
162 0.08430745452642441
163 0.08268150687217712
164 0.08232206106185913
165 0.0819665864109993
166 0.08047537505626678
167 0.08240022510290146
168 0.08142010867595673
169 0.08152284473180771
170 0.08362246304750443
171 0.08091698586940765
172 0.07998798787593842
173 0.07903042435646057
174 0.08105207979679108
175 0.07862898707389832
176 0.07951195538043976
177 0.07814532518386841
178 0.07813601195812225
179 0.07812699675559998
180 0.07632552087306976
181 0.07932351529598236
182 0.08137071132659912
183 0.07680357992649078
184 0.07659079879522324
185 0.07730677723884583
186 0.07706224918365479
187 0.07879351079463959
188 0.07498078048229218
189 0.07832963019609451
190 0.07635941356420517
191 0.07711770385503769
192 0.07660899311304092
193 0.07534759491682053
194 0.07323919981718063
195 0.07388900220394135
196 0.07524026185274124
197 0.07854511588811874
198 0.0756848156452179
199 0.07230552285909653
200 0.07640247046947479
201 0.0774591714143753
202 0.07593710720539093
203 0.07500738650560379
204 0.07441937178373337
205 0.07348904758691788
206 0.07288902997970581
207 0.07389689981937408
208 0.07566824555397034
209 0.0763506218791008
210 0.07341387867927551
211 0.07342175394296646
212 0.07326439768075943
213 0.07567929476499557
214 0.07153770327568054
215 0.07597342133522034
216 0.07160434126853943
217 0.0737222209572792
218 0.07207188010215759
219 0.07273566722869873
220 0.0723283514380455
221 0.07101134955883026
222 0.07079043984413147
223 0.07202522456645966
224 0.07287601381540298
225 0.07055322080850601
226 0.07072407752275467
227 0.0730527937412262
228 0.07143167406320572
229 0.07314963638782501
230 0.074303038418293
231 0.07059403508901596
232 0.07037243247032166
233 0.07047753781080246
234 0.07158095389604568
235 0.06977605819702148
236 0.07080284506082535
237 0.06932598352432251
238 0.07001947611570358
239 0.06919105350971222
240 0.06880156695842743
241 0.06942608952522278
242 0.06977704167366028
243 0.07205374538898468
244 0.06911414116621017
245 0.07022225856781006
246 0.06864824146032333
247 0.06875050812959671
248 0.07032328844070435
249 0.06597311794757843
250 0.06936315447092056
251 0.06723002344369888
252 0.06736292690038681
253 0.06865224242210388
254 0.06975226104259491
255 0.06959505379199982
256 0.06744194775819778
257 0.06657984852790833
258 0.06673749536275864
259 0.06640783697366714
260 0.06748140603303909
261 0.06740102171897888
262 0.06718476861715317
263 0.06515736132860184
264 0.06797097623348236
265 0.06695044040679932
266 0.06790325045585632
267 0.06622575968503952
268 0.06543302536010742
269 0.06595692038536072
270 0.06843452900648117
271 0.06492900103330612
272 0.06514620780944824
273 0.06645019352436066
274 0.06898711621761322
275 0.06631477922201157
276 0.06660168617963791
277 0.06639579683542252
278 0.06655478477478027
279 0.06610085070133209
280 0.06643401831388474
281 0.06590442359447479
282 0.06617224961519241
283 0.06596729159355164
284 0.06744296848773956
285 0.06539095193147659
286 0.06487731635570526
287 0.062298890203237534
288 0.06494266539812088
289 0.0651850476861
290 0.0662333145737648
291 0.06123683229088783
292 0.06527885049581528
293 0.06582286953926086
294 0.06629152595996857
295 0.06624814867973328
296 0.06202785670757294
297 0.06600870192050934
298 0.06417937576770782
299 0.0633220374584198
300 0.06530417501926422
301 0.06096561625599861
302 0.0651894062757492
303 0.06525247544050217
304 0.06540033221244812
305 0.06416156142950058
306 0.06426192820072174
307 0.06519223749637604
308 0.06298964470624924
309 0.06313595920801163
310 0.06359006464481354
311 0.06478457897901535
312 0.05993321165442467
313 0.06231672316789627
314 0.06477523595094681
315 0.06182064861059189
316 0.061986543238162994
317 0.062196869403123856
318 0.06202055141329765
319 0.06051081046462059
320 0.0648115947842598
321 0.0606880746781826
322 0.062358275055885315
323 0.06064378097653389
324 0.05997515469789505
325 0.06160861626267433
326 0.06375303864479065
327 0.06253683567047119
328 0.06243281811475754
329 0.06130918115377426
330 0.06264132261276245
331 0.06096060201525688
332 0.060424983501434326
333 0.06095357984304428
334 0.05768173933029175
335 0.05949803441762924
336 0.06440882384777069
337 0.06223232299089432
338 0.06175800785422325
339 0.06261745095252991
340 0.06306448578834534
341 0.062216661870479584
342 0.06252676248550415
343 0.060688961297273636
344 0.0609288327395916
345 0.06132141500711441
346 0.05746228247880936
347 0.05920928344130516
348 0.06122913211584091
349 0.05974498763680458
350 0.05922942981123924
351 0.060633812099695206
352 0.05832188203930855
353 0.058273401111364365
354 0.0597672238945961
355 0.06075558811426163
356 0.059953708201646805
357 0.060664642602205276
358 0.059032686054706573
359 0.0584770031273365
360 0.05996391177177429
361 0.05841970816254616
362 0.059012096375226974
363 0.05673721432685852
364 0.05900673568248749
365 0.057438019663095474
366 0.058648183941841125
367 0.060053564608097076
368 0.06090131029486656
369 0.059952814131975174
370 0.05786518380045891
371 0.059257835149765015
372 0.057987648993730545
373 0.0581018403172493
374 0.059216614812612534
375 0.057123683393001556
376 0.05732797831296921
377 0.0595184750854969
378 0.05899437516927719
379 0.0559551864862442
380 0.058123879134655
381 0.05885856971144676
382 0.05747443065047264
383 0.06116413325071335
384 0.05850847810506821
385 0.055331841111183167
386 0.058787498623132706
387 0.06030578538775444
388 0.05587154999375343
389 0.05916815623641014
390 0.05917992442846298
391 0.05817843973636627
392 0.05868800729513168
393 0.05597732216119766
394 0.05733508989214897
395 0.0563223697245121
396 0.05207788571715355
397 0.0595739409327507
398 0.05510920286178589
399 0.057212527841329575
400 0.06155368313193321
401 0.056767988950014114
402 0.05685597285628319
403 0.05948705971240997
404 0.05610915273427963
405 0.05665694177150726
406 0.05659771338105202
407 0.0563741996884346
408 0.054270096123218536
409 0.059421200305223465
410 0.054098330438137054
411 0.05515393614768982
412 0.057327862828969955
413 0.05578545853495598
414 0.05657108500599861
415 0.05669450759887695
416 0.055874601006507874
417 0.060000475496053696
418 0.05546789616346359
419 0.05864632502198219
420 0.05605034902691841
421 0.05582721531391144
422 0.05839879438281059
423 0.05472481623291969
424 0.0587158203125
425 0.055781565606594086
426 0.05625534430146217
427 0.054466262459754944
428 0.05787038058042526
429 0.051723379641771317
430 0.054557573050260544
431 0.054376814514398575
432 0.05941782519221306
433 0.05617040768265724
434 0.05470813810825348
435 0.055564817041158676
436 0.05595020949840546
437 0.05682492256164551
438 0.05204048007726669
439 0.05722805857658386
440 0.05421290174126625
441 0.05358489975333214
442 0.05648215115070343
443 0.052305225282907486
444 0.05781659856438637
445 0.05437842756509781
446 0.0561600886285305
447 0.05788830295205116
448 0.058571550995111465
449 0.05367779731750488
450 0.056799035519361496
451 0.05627031624317169
452 0.05429113656282425
453 0.05741085112094879
454 0.056752946227788925
455 0.05222507566213608
456 0.05481975898146629
457 0.0509338304400444
458 0.05342499166727066
459 0.052229247987270355
460 0.05756092071533203
461 0.05437075346708298
462 0.054700739681720734
463 0.051921021193265915
464 0.053712718188762665
465 0.055321577936410904
466 0.052311260253190994
467 0.053721942007541656
468 0.05264674499630928
469 0.052415356040000916
470 0.05730036273598671
471 0.051174528896808624
472 0.0561358667910099
473 0.052127160131931305
474 0.054438892751932144
475 0.053723204880952835
476 0.056257158517837524
477 0.05779755488038063
478 0.053247809410095215
479 0.052559398114681244
480 0.05383102968335152
481 0.05665849521756172
482 0.05164320766925812
483 0.05309204384684563
484 0.05142759159207344
485 0.054494377225637436
486 0.05288110673427582
487 0.05367666855454445
488 0.05136916786432266
489 0.053040631115436554
490 0.05293342098593712
491 0.053218960762023926
492 0.056244056671857834
493 0.05409516394138336
494 0.05471120402216911
495 0.05297616496682167
496 0.05281626433134079
497 0.052471522241830826
498 0.05270187556743622
499 0.05186822637915611
500 0.05235244333744049
501 0.05311521515250206
502 0.05248923599720001
503 0.05079153925180435
504 0.05085643753409386
505 0.05678075924515724
506 0.051798734813928604
507 0.051820434629917145
508 0.05189002677798271
509 0.05261071026325226
510 0.051601480692625046
511 0.051808930933475494
512 0.05128350481390953
513 0.0531003475189209
514 0.051165346056222916
515 0.0513521209359169
516 0.04879826679825783
517 0.051521435379981995
518 0.05162632465362549
519 0.05089322477579117
520 0.0501641221344471
521 0.05137750878930092
522 0.050967201590538025
523 0.051551997661590576
524 0.051605064421892166
525 0.05272072181105614
526 0.05061972886323929
527 0.0526534803211689
528 0.05193990096449852
529 0.05306612700223923
530 0.04902961105108261
531 0.050912000238895416
532 0.05360584706068039
533 0.054975077509880066
534 0.05098628252744675
535 0.05226810649037361
536 0.052162472158670425
537 0.05273041874170303
538 0.05060393363237381
539 0.050092101097106934
540 0.050625696778297424
541 0.04795089736580849
542 0.04917709901928902
543 0.05242181196808815
544 0.051242370158433914
545 0.04992932826280594
546 0.049775488674640656
547 0.049447767436504364
548 0.049521978944540024
549 0.05265054106712341
550 0.04645119607448578
551 0.04995233938097954
552 0.046552352607250214
553 0.04989408701658249
554 0.05081715062260628
555 0.04976930841803551
556 0.04693486541509628
557 0.052222996950149536
558 0.05225437879562378
559 0.049872204661369324
560 0.050960466265678406
561 0.05032004788517952
562 0.04905648157000542
563 0.04600043222308159
564 0.0461747869849205
565 0.04841224104166031
566 0.04853983595967293
567 0.05125948041677475
568 0.048866257071495056
569 0.04952915757894516
570 0.04750979319214821
571 0.04883578419685364
572 0.04927179589867592
573 0.05038585141301155
574 0.04650941491127014
575 0.05332465469837189
576 0.04963657259941101
577 0.04750923067331314
578 0.04893339425325394
579 0.04785066843032837
580 0.05163092166185379
581 0.04799272119998932
582 0.049426525831222534
583 0.05200378969311714
584 0.04707587882876396
585 0.04962477833032608
586 0.04891589283943176
587 0.05337357893586159
588 0.04869713634252548
589 0.048692986369132996
590 0.05040649324655533
591 0.050413526594638824
592 0.050292689353227615
593 0.049999501556158066
594 0.049224335700273514
595 0.05213424190878868
596 0.04964274913072586
597 0.047880493104457855
598 0.04624393954873085
599 0.04920142516493797
600 0.051317207515239716
601 0.05182241275906563
602 0.0477127805352211
603 0.049811895936727524
604 0.04890182614326477
605 0.051112689077854156
606 0.04961995407938957
607 0.04978047311306
608 0.05079686641693115
609 0.04688563197851181
610 0.05031780153512955
611 0.04949832335114479
612 0.04828309267759323
613 0.04643406346440315
614 0.04970136657357216
615 0.04701446369290352
616 0.048485737293958664
617 0.04957651346921921
618 0.05075520649552345
619 0.04948265105485916
620 0.0491846464574337
621 0.047988299280405045
622 0.049612365663051605
623 0.04944732040166855
624 0.04890456423163414
625 0.04875431954860687
626 0.04857802391052246
627 0.04779568687081337
628 0.04371635243296623
629 0.05096865072846413
630 0.048938728868961334
631 0.046811316162347794
632 0.04460900276899338
633 0.05116613581776619
634 0.05285711586475372
635 0.04747622460126877
636 0.046146318316459656
637 0.04864972457289696
638 0.048934485763311386
639 0.04582583159208298
640 0.04744880646467209
641 0.047071631997823715
642 0.04837541654706001
643 0.04793116822838783
644 0.04454578831791878
645 0.04652655869722366
646 0.04921466484665871
647 0.046791721135377884
648 0.045438993722200394
649 0.0448712594807148
650 0.04877817630767822
651 0.04738432168960571
652 0.04694205895066261
653 0.04579943045973778
654 0.04813960939645767
655 0.0444963201880455
656 0.048652540892362595
657 0.04735611006617546
658 0.04654713720083237
659 0.04619221016764641
660 0.04654804244637489
661 0.047170594334602356
662 0.04596872255206108
663 0.04482940584421158
664 0.04486347734928131
665 0.04694938659667969
666 0.04374949634075165
667 0.0488521046936512
668 0.04607657715678215
669 0.04847358539700508
670 0.04815550521016121
671 0.04777727648615837
672 0.04660482332110405
673 0.04829788580536842
674 0.047627970576286316
675 0.045514799654483795
676 0.04698871076107025
677 0.046860117465257645
678 0.04774807021021843
679 0.04597005620598793
680 0.04946445673704147
681 0.04809604212641716
682 0.048187728971242905
683 0.04720001667737961
684 0.04638725146651268
685 0.048646267503499985
686 0.04861682653427124
687 0.04524030536413193
688 0.04857277497649193
689 0.04580913856625557
690 0.04765508323907852
691 0.04662737995386124
692 0.047865599393844604
693 0.0451875738799572
694 0.04547848924994469
695 0.04739918187260628
696 0.04499048367142677
697 0.044927917420864105
698 0.04708752781152725
699 0.045501988381147385
700 0.04734406620264053
701 0.044258393347263336
702 0.04704888537526131
703 0.04834908992052078
704 0.04597372189164162
705 0.046411629766225815
706 0.045922037214040756
707 0.04695570468902588
708 0.04372435435652733
709 0.04566201940178871
710 0.043777793645858765
711 0.048004161566495895
712 0.04971315711736679
713 0.04280945286154747
714 0.04636610671877861
715 0.04923482984304428
716 0.04649839550256729
717 0.04586280137300491
718 0.044264424592256546
719 0.049283675849437714
720 0.04779669642448425
721 0.047729648649692535
722 0.04808200150728226
723 0.04977896064519882
724 0.045408252626657486
725 0.044371284544467926
726 0.046359699219465256
727 0.04644617438316345
728 0.046124301850795746
729 0.04289531335234642
730 0.04866832122206688
731 0.04573371633887291
732 0.04364187270402908
733 0.0469503253698349
734 0.04588394612073898
735 0.044889792799949646
736 0.044607989490032196
737 0.04594603553414345
738 0.04365350306034088
739 0.04877444729208946
740 0.044906750321388245
741 0.04756126180291176
742 0.04682018607854843
743 0.05080321803689003
744 0.0486995168030262
745 0.04638680815696716
746 0.04667395353317261
747 0.04167836531996727
748 0.04528113082051277
749 0.04839817434549332
750 0.044755756855010986
751 0.047116804867982864
752 0.04421241953969002
753 0.04637184366583824
754 0.04626660794019699
755 0.04254520684480667
756 0.04517773911356926
757 0.04400403052568436
758 0.04313194006681442
759 0.0461379811167717
760 0.04443090781569481
761 0.04327533021569252
762 0.04521472752094269
763 0.04542042315006256
764 0.04681498929858208
765 0.04562119022011757
766 0.044357236474752426
767 0.046060848981142044
768 0.04356636852025986
769 0.0482451431453228
770 0.042943064123392105
771 0.04349953308701515
772 0.043078113347291946
773 0.044133733958005905
774 0.04388454556465149
775 0.04258112236857414
776 0.04550766572356224
777 0.04475397244095802
778 0.04577605053782463
779 0.039314158260822296
780 0.045725271105766296
781 0.04330345243215561
782 0.04317191615700722
783 0.04820513352751732
784 0.04258818179368973
785 0.044301461428403854
786 0.04388118162751198
787 0.0437401719391346
788 0.04441966861486435
789 0.04461654648184776
790 0.041387587785720825
791 0.04477793723344803
792 0.04131215065717697
793 0.04119206592440605
794 0.04411029443144798
795 0.04595598578453064
796 0.043420031666755676
797 0.04505770653486252
798 0.04422273486852646
799 0.04195353388786316
800 0.04541368409991264
