1 1.457222580909729
2 1.3703144788742065
3 1.265981674194336
4 1.1494327783584595
5 1.139264464378357
6 0.9841568470001221
7 1.0303658246994019
8 0.9127471446990967
9 0.8869975805282593
10 0.8602582812309265
11 0.8351415395736694
12 0.8222029805183411
13 0.8084653615951538
14 0.7828625440597534
15 0.8136488795280457
16 0.7031936049461365
17 0.7373707890510559
18 0.7018966674804688
19 0.7285667061805725
20 0.6541771292686462
21 0.6387995481491089
22 0.6634077429771423
23 0.6573775410652161
24 0.5968514680862427
25 0.605029821395874
26 0.5945209860801697
27 0.6206042170524597
28 0.5662204623222351
29 0.5964279174804688
30 0.5120135545730591
31 0.5393146872520447
32 0.5815616846084595
33 0.5728126764297485
34 0.5439124703407288
35 0.5358965992927551
36 0.6105364561080933
37 0.5152441263198853
38 0.5102525353431702
39 0.5217102766036987
40 0.5276079177856445
41 0.5033907890319824
42 0.5210616588592529
43 0.509735643863678
44 0.5124073028564453
45 0.5283269882202148
46 0.5358669757843018
47 0.5099066495895386
48 0.4755825400352478
49 0.4854852557182312
50 0.5008244514465332
51 0.4849744737148285
52 0.4261275827884674
53 0.5218483209609985
54 0.5279110670089722
55 0.4779053330421448
56 0.454851895570755
57 0.49358728528022766
58 0.48733627796173096
59 0.4837738275527954
60 0.4738973081111908
61 0.4694197177886963
62 0.5287735462188721
63 0.45667997002601624
64 0.4754456579685211
65 0.5032368898391724
66 0.48002544045448303
67 0.45861923694610596
68 0.49643534421920776
69 0.43788793683052063
70 0.4692382216453552
71 0.45312562584877014
72 0.47727563977241516
73 0.4188593626022339
74 0.4648345410823822
75 0.42013517022132874
76 0.46492213010787964
77 0.47550687193870544
78 0.44003826379776
79 0.5204632878303528
80 0.41042080521583557
81 0.4445013701915741
82 0.4886792302131653
83 0.41225916147232056
84 0.48396071791648865
85 0.4481188952922821
86 0.43520161509513855
87 0.44765475392341614
88 0.4872778356075287
89 0.4280935525894165
90 0.4431643784046173
91 0.459549218416214
92 0.45444539189338684
93 0.43511298298835754
94 0.48822295665740967
95 0.45421043038368225
96 0.43451565504074097
97 0.4298514723777771
98 0.38777557015419006
99 0.41762587428092957
100 0.44707539677619934
101 0.4404810667037964
102 0.48117074370384216
103 0.38686391711235046
104 0.46391066908836365
105 0.43054065108299255
106 0.41521182656288147
107 0.41016289591789246
108 0.5145491361618042
109 0.4038325846195221
110 0.4012579321861267
111 0.4364071488380432
112 0.46811535954475403
113 0.4162118434906006
114 0.4701443910598755
115 0.39839768409729004
116 0.4592343866825104
117 0.41970017552375793
118 0.4576159715652466
119 0.4203786253929138
120 0.4598967432975769
121 0.4484209418296814
122 0.4931240975856781
123 0.42155060172080994
124 0.40327098965644836
125 0.5306170582771301
126 0.424762099981308
127 0.47026070952415466
128 0.40024712681770325
129 0.43364250659942627
130 0.46717268228530884
131 0.373365581035614
132 0.39770519733428955
133 0.45687806606292725
134 0.40789905190467834
135 0.4850756525993347
136 0.4230659306049347
137 0.3696625232696533
138 0.41347736120224
139 0.48032137751579285
140 0.39038118720054626
141 0.4466932415962219
142 0.3990289270877838
143 0.44562864303588867
144 0.4237370193004608
145 0.45549118518829346
146 0.41649454832077026
147 0.4612472355365753
148 0.4713924825191498
149 0.4102136194705963
150 0.44384458661079407
151 0.40402379631996155
152 0.3994176983833313
153 0.46295860409736633
154 0.36497780680656433
155 0.41063493490219116
156 0.4147680401802063
157 0.4457901418209076
158 0.41130396723747253
159 0.4329487681388855
160 0.4552549123764038
161 0.422270804643631
162 0.45039448142051697
163 0.3846472501754761
164 0.41575390100479126
165 0.37516069412231445
166 0.4134226143360138
167 0.4613962769508362
168 0.42544394731521606
169 0.387386292219162
170 0.44201019406318665
171 0.4117092192173004
172 0.39059412479400635
173 0.39680972695350647
174 0.4576497972011566
175 0.3699660897254944
176 0.3835623264312744
177 0.4798985719680786
178 0.4308481216430664
179 0.40172699093818665
180 0.4214125871658325
181 0.3961779475212097
182 0.3776426613330841
183 0.4322444498538971
184 0.40479519963264465
185 0.37541431188583374
186 0.4081190824508667
187 0.41308724880218506
188 0.4442307651042938
189 0.4118230640888214
190 0.43497639894485474
191 0.38573190569877625
192 0.3945549726486206
193 0.3800766170024872
194 0.39404812455177307
195 0.41600582003593445
196 0.39792683720588684
197 0.456365704536438
198 0.41734814643859863
199 0.4839749038219452
200 0.385012686252594
