1 1.395859718322754
2 1.3402527570724487
3 1.5188544988632202
4 1.2355949878692627
5 1.2234247922897339
6 1.1345088481903076
7 1.057410717010498
8 1.0446504354476929
9 0.9852542877197266
10 0.9330046772956848
11 0.9618737697601318
12 0.8633094429969788
13 0.8836767077445984
14 0.8453983664512634
15 0.8089956641197205
16 0.8051286339759827
17 0.7263655662536621
18 0.7667351961135864
19 0.7312248945236206
20 0.7751541137695312
21 0.7336932420730591
22 0.6806231141090393
23 0.6663209795951843
24 0.7140509486198425
25 0.6546830534934998
26 0.6302092671394348
27 0.6391614079475403
28 0.6503686308860779
29 0.5758658051490784
30 0.6279111504554749
31 0.6316442489624023
32 0.5897283554077148
33 0.6091083884239197
34 0.544889509677887
35 0.5463324189186096
36 0.5590155124664307
37 0.5704015493392944
38 0.5648003220558167
39 0.5457097887992859
40 0.5455673336982727
41 0.5529852509498596
42 0.5578355193138123
43 0.5467811226844788
44 0.5409392714500427
45 0.5449392199516296
46 0.5356074571609497
47 0.4892595708370209
48 0.5479228496551514
49 0.508359432220459
50 0.4649796783924103
51 0.4859811067581177
52 0.48455172777175903
53 0.5034684538841248
54 0.500216007232666
55 0.5062652826309204
56 0.5482538342475891
57 0.4635799825191498
58 0.5280171632766724
59 0.4744267165660858
60 0.47769954800605774
61 0.4520609378814697
62 0.48030778765678406
63 0.45735087990760803
64 0.4959166944026947
65 0.4791852831840515
66 0.4700969159603119
67 0.4447961747646332
68 0.49589431285858154
69 0.441623717546463
70 0.4753345549106598
71 0.4501839578151703
72 0.4411783218383789
73 0.41850244998931885
74 0.43823516368865967
75 0.5128978490829468
76 0.4820816218852997
77 0.4440162479877472
78 0.4894971549510956
79 0.45637956261634827
80 0.4579475522041321
81 0.4757297933101654
82 0.44985872507095337
83 0.46654704213142395
84 0.48392370343208313
85 0.45608511567115784
86 0.45775195956230164
87 0.4350265562534332
88 0.4662577509880066
89 0.48219728469848633
90 0.45377442240715027
91 0.4589485228061676
92 0.46137526631355286
93 0.42239806056022644
94 0.42114001512527466
95 0.42783641815185547
96 0.45018470287323
97 0.4485645592212677
98 0.4441963732242584
99 0.46212467551231384
100 0.40740111470222473
101 0.4400442838668823
102 0.43735888600349426
103 0.4302870035171509
104 0.45133817195892334
105 0.42404401302337646
106 0.4509414732456207
107 0.4413334131240845
108 0.448681503534317
109 0.4530036151409149
110 0.414879709482193
111 0.44170624017715454
112 0.44155585765838623
113 0.435200035572052
114 0.4296415150165558
115 0.4119414687156677
116 0.4591480493545532
117 0.4181114435195923
118 0.42772042751312256
119 0.423866331577301
120 0.42309311032295227
121 0.44633978605270386
122 0.41332298517227173
123 0.4420200288295746
124 0.4168427884578705
125 0.45818737149238586
126 0.4093232750892639
127 0.4689668118953705
128 0.4367636740207672
129 0.4893052279949188
130 0.3825201690196991
131 0.4220319986343384
132 0.4095022678375244
133 0.4123852849006653
134 0.4434605538845062
135 0.4343968331813812
136 0.4056204855442047
137 0.41055619716644287
138 0.4882022738456726
139 0.38304513692855835
140 0.43714287877082825
141 0.433019757270813
142 0.37067434191703796
143 0.45864325761795044
144 0.4225151538848877
145 0.4341801404953003
146 0.49042415618896484
147 0.40716612339019775
148 0.4351227283477783
149 0.4621037542819977
150 0.4254804253578186
151 0.3953975737094879
152 0.5106801986694336
153 0.4440339505672455
154 0.39193975925445557
155 0.4475943148136139
156 0.4133148789405823
157 0.3819219768047333
158 0.43717870116233826
159 0.4283411204814911
160 0.4122770130634308
161 0.43637216091156006
162 0.4367131292819977
163 0.38868990540504456
164 0.45340201258659363
165 0.4160284996032715
166 0.5081856846809387
167 0.4045781195163727
168 0.39308902621269226
169 0.4238021969795227
170 0.42374539375305176
171 0.5049821734428406
172 0.4207986891269684
173 0.422638863325119
174 0.44806215167045593
175 0.4575124979019165
176 0.38119596242904663
177 0.49670031666755676
178 0.44059744477272034
179 0.3373301029205322
180 0.4778192639350891
181 0.4244808852672577
182 0.43114644289016724
183 0.43297135829925537
184 0.4686095416545868
185 0.41063669323921204
186 0.4474441707134247
187 0.3955809473991394
188 0.42573946714401245
189 0.4079433083534241
190 0.3756108582019806
191 0.40408599376678467
192 0.4229747951030731
193 0.40721386671066284
194 0.4076104760169983
195 0.3804544508457184
196 0.4498940408229828
197 0.41601407527923584
198 0.429766982793808
199 0.3983710706233978
200 0.410206139087677
201 0.5019158124923706
202 0.39690321683883667
203 0.4221388101577759
204 0.395904541015625
205 0.39262130856513977
206 0.4408756196498871
207 0.39964476227760315
208 0.4511564373970032
209 0.42849788069725037
210 0.35246527194976807
211 0.41304367780685425
212 0.40893515944480896
213 0.37880268692970276
214 0.45314595103263855
215 0.3998456597328186
216 0.4209887385368347
217 0.4090551733970642
218 0.40210092067718506
219 0.4331267178058624
220 0.36678531765937805
221 0.43412843346595764
222 0.40411287546157837
223 0.3428531289100647
224 0.4636949300765991
225 0.3814866542816162
226 0.43525567650794983
227 0.44781380891799927
228 0.417773962020874
229 0.4010941684246063
230 0.39390090107917786
231 0.41538503766059875
232 0.4289467930793762
233 0.42026108503341675
234 0.3707093596458435
235 0.4011744558811188
236 0.3929709792137146
237 0.4577224850654602
238 0.45192310214042664
239 0.3595335781574249
240 0.4095156490802765
241 0.38069474697113037
242 0.4033081829547882
243 0.390070378780365
244 0.35762926936149597
245 0.4001745581626892
246 0.4014508128166199
247 0.37057897448539734
248 0.38514840602874756
249 0.4001837968826294
250 0.40385064482688904
251 0.3922322988510132
252 0.3916798532009125
253 0.3959531784057617
254 0.36234286427497864
255 0.4799497723579407
256 0.3597605526447296
257 0.4299345910549164
258 0.35501906275749207
259 0.45111966133117676
260 0.34786829352378845
261 0.40518447756767273
262 0.38222768902778625
263 0.43944472074508667
264 0.4191165268421173
265 0.37870991230010986
266 0.41386356949806213
267 0.40489304065704346
268 0.3968520760536194
269 0.4268128275871277
270 0.367008775472641
271 0.3948362469673157
272 0.4358956515789032
273 0.3543628454208374
274 0.4051453471183777
275 0.3752437233924866
276 0.47313424944877625
277 0.35998424887657166
278 0.36533045768737793
279 0.4368051290512085
280 0.3828420341014862
281 0.41698014736175537
282 0.3835376799106598
283 0.4107801914215088
284 0.36500629782676697
285 0.4172188639640808
286 0.4166860282421112
287 0.36538025736808777
288 0.6337308883666992
289 0.34380799531936646
290 0.4300161898136139
291 0.44411805272102356
292 0.42138534784317017
293 0.37623006105422974
294 0.3822936415672302
295 0.4041018486022949
296 0.3784811794757843
297 0.36672285199165344
298 0.39551931619644165
299 0.4340367615222931
300 0.3346673250198364
301 0.41636523604393005
302 0.3604446351528168
303 0.4643508195877075
304 0.3852775990962982
305 0.44475069642066956
306 0.38686656951904297
307 0.35149717330932617
308 0.4241384267807007
309 0.3743261992931366
310 0.4815795421600342
311 0.3662610650062561
312 0.5094857215881348
313 0.3473281264305115
314 0.421541303396225
315 0.417542964220047
316 0.3756495416164398
317 0.509928286075592
318 0.4066618084907532
319 0.4298270642757416
320 0.42228227853775024
321 0.41592687368392944
322 0.3650156259536743
323 0.40694180130958557
324 0.39045706391334534
325 0.33836454153060913
326 0.3990074694156647
327 0.3576115369796753
328 0.419426828622818
329 0.3889472484588623
330 0.41128137707710266
331 0.3529930114746094
332 0.4428890347480774
333 0.39973318576812744
334 0.34282833337783813
335 0.41634419560432434
336 0.40783604979515076
337 0.39859211444854736
338 0.38614097237586975
339 0.36221134662628174
340 0.36858630180358887
341 0.3976426422595978
342 0.3717700242996216
343 0.39687207341194153
344 0.43095993995666504
345 0.38108932971954346
346 0.38880854845046997
347 0.40437886118888855
348 0.3724272549152374
349 0.38381850719451904
350 0.3775027096271515
351 0.3772587776184082
352 0.4139973223209381
353 0.34247732162475586
354 0.41262510418891907
355 0.3882966935634613
356 0.40095892548561096
357 0.360321044921875
358 0.37889230251312256
359 0.42571935057640076
360 0.36431804299354553
361 0.3703218996524811
362 0.35731005668640137
363 0.3900544345378876
364 0.320100873708725
365 0.3820434510707855
366 0.3331010639667511
367 0.38542959094047546
368 0.42007720470428467
369 0.4000406265258789
370 0.39441952109336853
371 0.407807856798172
372 0.34167158603668213
373 0.3543611764907837
374 0.3851994276046753
375 0.392427921295166
376 0.3879164457321167
377 0.42347434163093567
378 0.46396875381469727
379 0.37997159361839294
380 0.3878684937953949
381 0.34641173481941223
382 0.4218028485774994
383 0.3668113052845001
384 0.3714446723461151
385 0.3836328685283661
386 0.411142498254776
387 0.38192978501319885
388 0.3369027376174927
389 0.4679671823978424
390 0.441867470741272
391 0.3789052665233612
392 0.39368245005607605
393 0.42594581842422485
394 0.3622615933418274
395 0.36185434460639954
396 0.3956645429134369
397 0.42014455795288086
398 0.4196266531944275
399 0.3867998719215393
400 0.39581194519996643
