1 1.217684030532837
2 1.1623378992080688
3 1.1392401456832886
4 1.1072033643722534
5 1.0660791397094727
6 1.0222374200820923
7 0.9792219400405884
8 0.9394644498825073
9 0.9027028679847717
10 0.871401846408844
11 0.8413485884666443
12 0.8130497932434082
13 0.7869310975074768
14 0.7632521986961365
15 0.7423737645149231
16 0.7194221019744873
17 0.6974588632583618
18 0.6775724291801453
19 0.6577221751213074
20 0.6402047276496887
21 0.6217735409736633
22 0.6059255599975586
23 0.5905648469924927
24 0.5760911703109741
25 0.563991904258728
26 0.5512509942054749
27 0.5389487147331238
28 0.5273252725601196
29 0.5168524980545044
30 0.5050673484802246
31 0.4948347508907318
32 0.48504674434661865
33 0.47369036078453064
34 0.4641312062740326
35 0.45443153381347656
36 0.4440859258174896
37 0.4336862564086914
38 0.4251827299594879
39 0.414359986782074
40 0.406854510307312
41 0.3968156576156616
42 0.3863329291343689
43 0.37969741225242615
44 0.3700474202632904
45 0.3645590543746948
46 0.35432982444763184
47 0.3469104766845703
48 0.3390797972679138
49 0.33280304074287415
50 0.3259577453136444
51 0.3194655478000641
52 0.3132930397987366
53 0.3073819577693939
54 0.30164238810539246
55 0.29665037989616394
56 0.2898813486099243
57 0.28653034567832947
58 0.2815905213356018
59 0.27796444296836853
60 0.2729239761829376
61 0.2686251103878021
62 0.2647583484649658
63 0.2614612281322479
64 0.25700128078460693
65 0.2543858587741852
66 0.25195226073265076
67 0.24808749556541443
68 0.24488376080989838
69 0.24200446903705597
70 0.23894906044006348
71 0.23564085364341736
72 0.23371011018753052
73 0.2312067151069641
74 0.2287708967924118
75 0.22512853145599365
76 0.22214017808437347
77 0.2216232419013977
78 0.2182532697916031
79 0.21636386215686798
80 0.21417240798473358
81 0.21220344305038452
82 0.21019472181797028
83 0.20760343968868256
84 0.2064361423254013
85 0.2050737887620926
86 0.20331761240959167
87 0.2020116001367569
88 0.19982728362083435
89 0.19734738767147064
90 0.19628623127937317
91 0.19506339728832245
92 0.19215400516986847
93 0.1913488805294037
94 0.19005167484283447
95 0.18986354768276215
96 0.18812783062458038
97 0.186428964138031
98 0.1847829818725586
99 0.1827307641506195
100 0.1824640929698944
101 0.1800386905670166
102 0.18040524423122406
103 0.17891108989715576
104 0.17768216133117676
105 0.17651954293251038
106 0.1764088124036789
107 0.1742134690284729
108 0.17208664119243622
109 0.17147448658943176
110 0.17124652862548828
111 0.16989600658416748
112 0.16867651045322418
113 0.1681700497865677
114 0.1667424887418747
115 0.16641786694526672
116 0.16517281532287598
117 0.16325461864471436
118 0.16480033099651337
119 0.16158992052078247
120 0.16177234053611755
121 0.16053476929664612
122 0.15903474390506744
123 0.1597011536359787
124 0.15805374085903168
125 0.15788106620311737
126 0.15627698600292206
127 0.15617099404335022
128 0.15510930120944977
129 0.15431828796863556
130 0.15222959220409393
131 0.15316690504550934
132 0.1522378921508789
133 0.15177980065345764
134 0.1512538492679596
135 0.14972159266471863
136 0.1484908163547516
137 0.14753510057926178
138 0.14860303699970245
139 0.1464182585477829
140 0.14673200249671936
141 0.14630571007728577
142 0.14414182305335999
143 0.14407113194465637
144 0.14412981271743774
145 0.14352455735206604
146 0.14155900478363037
147 0.1425335854291916
148 0.14054158329963684
149 0.14126136898994446
150 0.1398312747478485
151 0.14035607874393463
152 0.1389913409948349
153 0.13888266682624817
154 0.13796263933181763
155 0.13770349323749542
156 0.1361776739358902
157 0.1354517638683319
158 0.13446055352687836
159 0.1356220245361328
160 0.13385142385959625
161 0.1347767859697342
162 0.134465292096138
163 0.13345567882061005
164 0.13170182704925537
165 0.13193364441394806
166 0.1313730925321579
167 0.13138554990291595
168 0.13144193589687347
169 0.1302042156457901
170 0.12990225851535797
171 0.1297210156917572
172 0.12914559245109558
173 0.12591704726219177
174 0.12722954154014587
175 0.1278650164604187
176 0.12790103256702423
177 0.12713533639907837
178 0.12652483582496643
179 0.12587979435920715
180 0.12527471780776978
181 0.12452314794063568
182 0.12437506020069122
183 0.12511171400547028
184 0.12474197894334793
185 0.12341862916946411
186 0.12319209426641464
187 0.12171551585197449
188 0.12330978363752365
189 0.12056421488523483
190 0.121591717004776
191 0.12163908034563065
192 0.12081384658813477
193 0.120883047580719
194 0.12021499872207642
195 0.12063313275575638
196 0.12112988531589508
197 0.11797546595335007
198 0.11933933943510056
199 0.11812452971935272
200 0.11949672549962997
201 0.11692292243242264
202 0.11768340319395065
203 0.11579538881778717
204 0.11655400693416595
205 0.11642281711101532
206 0.11719021946191788
207 0.11539480835199356
208 0.11455313116312027
209 0.11636648327112198
210 0.11548074334859848
211 0.11427931487560272
212 0.113460972905159
213 0.11357518285512924
214 0.1148834303021431
215 0.11205613613128662
216 0.1113891452550888
217 0.1126972883939743
218 0.11294519901275635
219 0.11233910918235779
220 0.11219068616628647
221 0.1122070848941803
222 0.1112804189324379
223 0.11010608822107315
224 0.11036144942045212
225 0.11075562983751297
226 0.1099955141544342
227 0.1104668602347374
228 0.10924163460731506
229 0.10953760892152786
230 0.10993155837059021
231 0.10883581638336182
232 0.1081213653087616
233 0.10772523283958435
234 0.1087048128247261
235 0.10831384360790253
236 0.10759362578392029
237 0.1076757088303566
238 0.10712095350027084
239 0.10722602903842926
240 0.10632666200399399
241 0.10532744973897934
242 0.10651364922523499
243 0.10687427222728729
244 0.10583817213773727
245 0.10591518133878708
246 0.10608430206775665
247 0.10390929132699966
248 0.10377906262874603
249 0.10569125413894653
250 0.10504640638828278
251 0.10352515429258347
252 0.10275962948799133
253 0.10376056283712387
254 0.10283653438091278
255 0.1045774295926094
256 0.1022181287407875
257 0.10259746015071869
258 0.10275527089834213
259 0.10202458500862122
260 0.10103374719619751
261 0.10221532732248306
262 0.1017698422074318
263 0.1011849194765091
264 0.10085891932249069
265 0.10132654011249542
266 0.10115913301706314
267 0.0998428538441658
268 0.099741131067276
269 0.09885396808385849
270 0.09913253784179688
271 0.09992986172437668
272 0.1007923111319542
273 0.09792707860469818
274 0.09901346266269684
275 0.0988336056470871
276 0.09756968915462494
277 0.09798525273799896
278 0.09897424280643463
279 0.09812754392623901
280 0.09712668508291245
281 0.09823884069919586
282 0.09701843559741974
283 0.0964864119887352
284 0.09645260125398636
285 0.09649012982845306
286 0.09698551893234253
287 0.09636260569095612
288 0.09471692889928818
289 0.09610534459352493
290 0.09727751463651657
291 0.09591338038444519
292 0.09460804611444473
293 0.09621511399745941
294 0.09597067534923553
295 0.094633549451828
296 0.09510648250579834
297 0.0935189500451088
298 0.09402487426996231
299 0.09488493204116821
300 0.09418935328722
301 0.09425774216651917
302 0.09415406733751297
303 0.09302683174610138
304 0.09313357621431351
305 0.09443606436252594
306 0.09214624762535095
307 0.09376605600118637
308 0.09288552403450012
309 0.09195801615715027
310 0.09169267863035202
311 0.09352901577949524
312 0.09179038554430008
313 0.09156683087348938
314 0.09251696616411209
315 0.09241273999214172
316 0.0901985615491867
317 0.09203346073627472
318 0.09122214466333389
319 0.08996264636516571
320 0.09157191962003708
321 0.0908520296216011
322 0.0900225043296814
323 0.09017588943243027
324 0.09008970111608505
325 0.08968502283096313
326 0.08863997459411621
327 0.08993888646364212
328 0.08961553126573563
329 0.089317187666893
330 0.0890793651342392
331 0.09073226153850555
332 0.08923937380313873
333 0.08933043479919434
334 0.08927147835493088
335 0.08789195865392685
336 0.08738593012094498
337 0.08849108964204788
338 0.08689340949058533
339 0.08798976987600327
340 0.08703247457742691
341 0.0881514623761177
342 0.08858296275138855
343 0.0875566303730011
344 0.08714596182107925
345 0.08776812255382538
346 0.08727170526981354
347 0.08496596664190292
348 0.08608292788267136
349 0.08612340688705444
350 0.08665084838867188
351 0.0868455022573471
352 0.08595491945743561
353 0.08545234054327011
354 0.08696207404136658
355 0.08630485087633133
356 0.08538971841335297
357 0.08720189332962036
358 0.08601826429367065
359 0.08595044165849686
360 0.0850096270442009
361 0.08533701300621033
362 0.08430691063404083
363 0.0846293717622757
364 0.0853656679391861
365 0.08408614248037338
366 0.08433321863412857
367 0.08409141004085541
368 0.08456900715827942
369 0.08264411985874176
370 0.08511903882026672
371 0.08409988880157471
372 0.08326567709445953
373 0.0831661969423294
374 0.08263101428747177
375 0.08437279611825943
376 0.08395561575889587
377 0.08313288539648056
378 0.0838778167963028
379 0.08224640786647797
380 0.08287950605154037
381 0.08170626312494278
382 0.08205696195363998
383 0.08129806816577911
384 0.0811455249786377
385 0.08178343623876572
386 0.08168867230415344
387 0.08132964372634888
388 0.08138623088598251
389 0.08153427392244339
390 0.08090699464082718
391 0.08029134571552277
392 0.08141691237688065
393 0.08107712119817734
394 0.08145416527986526
395 0.0790940597653389
396 0.08074425905942917
397 0.0815439447760582
398 0.07945124059915543
399 0.08073245733976364
400 0.0794825330376625
