1 1.0138241052627563
2 0.66478031873703
3 0.49734950065612793
4 0.40343397855758667
5 0.34017351269721985
6 0.29379040002822876
7 0.28057271242141724
8 0.2632210850715637
9 0.23127861320972443
10 0.22444111108779907
11 0.21131925284862518
12 0.19849807024002075
13 0.18891462683677673
14 0.18830929696559906
15 0.1958022266626358
16 0.1793757677078247
17 0.17158885300159454
18 0.17657151818275452
19 0.16270829737186432
20 0.1610409915447235
21 0.17060422897338867
22 0.16346094012260437
23 0.17579017579555511
24 0.16439729928970337
25 0.15334339439868927
26 0.150611013174057
27 0.1604301780462265
28 0.15328043699264526
29 0.15892362594604492
30 0.1487789899110794
31 0.15607574582099915
32 0.14954428374767303
33 0.15797990560531616
34 0.1520049273967743
35 0.1517418473958969
36 0.14043788611888885
37 0.15706925094127655
38 0.13608475029468536
39 0.1486893594264984
40 0.13925154507160187
41 0.14723914861679077
42 0.13633058965206146
43 0.13609465956687927
44 0.13199374079704285
45 0.13941189646720886
46 0.12698321044445038
47 0.1510205864906311
48 0.13915720582008362
49 0.14119096100330353
50 0.12671275436878204
51 0.14184978604316711
52 0.14536617696285248
53 0.13267961144447327
54 0.1389501988887787
55 0.14411459863185883
56 0.13521187007427216
57 0.12701623141765594
58 0.12822522222995758
59 0.14195100963115692
60 0.1317945122718811
61 0.1289415955543518
62 0.12692762911319733
63 0.12013430148363113
64 0.13285082578659058
65 0.12825433909893036
66 0.13020959496498108
67 0.1308203935623169
68 0.13956746459007263
69 0.12921249866485596
70 0.12051545828580856
71 0.13154637813568115
72 0.12192555516958237
73 0.1200423389673233
74 0.12468515336513519
75 0.1230054497718811
76 0.12999176979064941
77 0.12344243377447128
78 0.12638093531131744
79 0.12135014683008194
80 0.11767417937517166
81 0.11808218061923981
82 0.13345396518707275
83 0.12169156968593597
84 0.12574058771133423
85 0.13148510456085205
86 0.12825903296470642
87 0.12638962268829346
88 0.1148165762424469
89 0.12065042555332184
90 0.12682539224624634
91 0.11591889709234238
92 0.12161606550216675
93 0.12204152345657349
94 0.11637429893016815
95 0.1172589361667633
96 0.12677009403705597
97 0.11462119966745377
98 0.11325651407241821
99 0.1221705749630928
100 0.12059278786182404
101 0.12254716455936432
102 0.12579961121082306
103 0.11253248155117035
104 0.12106610834598541
105 0.11516021937131882
106 0.11540944874286652
107 0.11527697741985321
108 0.11209440976381302
109 0.1101861372590065
110 0.12067008763551712
111 0.12503497302532196
112 0.10947094857692719
113 0.11545383185148239
114 0.10273384302854538
115 0.12298605591058731
116 0.11252526193857193
117 0.11177483201026917
118 0.1188277080655098
119 0.12203896790742874
120 0.1160012036561966
121 0.10968558490276337
122 0.12865261733531952
123 0.11669720709323883
124 0.11262163519859314
125 0.11888819932937622
126 0.10525112599134445
127 0.11582186818122864
128 0.10797833651304245
129 0.1131298840045929
130 0.11675231158733368
131 0.11880827695131302
132 0.12118872255086899
133 0.10868175327777863
134 0.110319122672081
135 0.1181466281414032
136 0.11893347650766373
137 0.10768270492553711
138 0.1144752949476242
139 0.1133345291018486
140 0.10452642291784286
141 0.10638058930635452
142 0.1207062378525734
143 0.118079274892807
144 0.10700824856758118
145 0.11723482608795166
146 0.11631816625595093
147 0.10449620336294174
148 0.12002979218959808
149 0.10889573395252228
150 0.10111524164676666
151 0.12081900984048843
152 0.10394925624132156
153 0.09947942197322845
154 0.11458474397659302
155 0.10510791093111038
156 0.10383473336696625
157 0.10541605204343796
158 0.11253701150417328
159 0.1064186617732048
160 0.11293679475784302
161 0.10354208201169968
162 0.09882277250289917
163 0.10140965133905411
164 0.11971427500247955
165 0.10492837429046631
166 0.11467207223176956
167 0.1116601973772049
168 0.09973680227994919
169 0.1182737946510315
170 0.09779103845357895
171 0.10307946056127548
172 0.10424389690160751
173 0.09930934011936188
174 0.09684544056653976
175 0.10023865848779678
176 0.11341764032840729
177 0.10457158833742142
178 0.09633123874664307
179 0.12402728945016861
180 0.1066049262881279
181 0.09761721640825272
182 0.10142023116350174
183 0.10119526833295822
184 0.10083211213350296
185 0.0978551134467125
186 0.10041657090187073
187 0.10526416450738907
188 0.0998741090297699
189 0.09730549901723862
190 0.10033607482910156
191 0.10490056872367859
192 0.10299044102430344
193 0.10068611055612564
194 0.09686850756406784
195 0.09416550397872925
196 0.10756921768188477
197 0.1164344847202301
198 0.09299346804618835
199 0.1068088710308075
200 0.09292802214622498
201 0.08923200517892838
202 0.10767986625432968
203 0.092645563185215
204 0.09938620030879974
205 0.08688117563724518
206 0.11203530430793762
207 0.09296718239784241
208 0.0981212705373764
209 0.10054118931293488
210 0.09468086808919907
211 0.09942939877510071
212 0.10133945941925049
213 0.09163805097341537
214 0.09784891456365585
215 0.09841083735227585
216 0.09416119754314423
217 0.10099766403436661
218 0.09866379201412201
219 0.10358216613531113
220 0.0899764746427536
221 0.10255865752696991
222 0.09380384534597397
223 0.09026535600423813
224 0.08620458841323853
225 0.08459135890007019
226 0.09205278754234314
227 0.10930807143449783
228 0.10235779732465744
229 0.1068388968706131
230 0.10169201344251633
231 0.09304951131343842
232 0.1093214601278305
233 0.10157465189695358
234 0.08606525510549545
235 0.09701941162347794
236 0.09605605155229568
237 0.0956621840596199
238 0.09645611047744751
239 0.08287566900253296
240 0.08836549520492554
241 0.10083529353141785
242 0.09616592526435852
243 0.0884968712925911
244 0.09607857465744019
245 0.09966529160737991
246 0.10205168277025223
247 0.08156443387269974
248 0.08853597939014435
249 0.09060557931661606
250 0.08671212941408157
251 0.09818468987941742
252 0.09652311354875565
253 0.09683356434106827
254 0.10480541735887527
255 0.0860673114657402
256 0.08255767077207565
257 0.09200318902730942
258 0.09637781977653503
259 0.10549339652061462
260 0.08852127194404602
261 0.09575720876455307
262 0.0844498947262764
263 0.09000610560178757
264 0.09419705718755722
265 0.09754015505313873
266 0.10274548828601837
267 0.09424827992916107
268 0.09354843944311142
269 0.09376272559165955
270 0.08781885355710983
271 0.09407006949186325
272 0.0849243775010109
273 0.10354232043027878
274 0.07733118534088135
275 0.09476719796657562
276 0.08706090599298477
277 0.08869553357362747
278 0.09455911815166473
279 0.09861317276954651
280 0.09036330878734589
281 0.09424696862697601
282 0.09808849543333054
283 0.09319616854190826
284 0.0946156233549118
285 0.08816603571176529
286 0.09804295748472214
287 0.08721048384904861
288 0.09666542708873749
289 0.09181492030620575
290 0.09443788975477219
291 0.10131306946277618
292 0.08713996410369873
293 0.10385552793741226
294 0.08307060599327087
295 0.09389404952526093
296 0.08695244044065475
297 0.09407451003789902
298 0.0829412117600441
299 0.0999073013663292
300 0.09675943851470947
301 0.08190538734197617
302 0.09239927679300308
303 0.0972164198756218
304 0.08138862997293472
305 0.09140295535326004
306 0.08819147944450378
307 0.08777355402708054
308 0.104902483522892
309 0.08215739578008652
310 0.10351426899433136
311 0.08839339017868042
312 0.09047341346740723
313 0.08951299637556076
314 0.0826151967048645
315 0.08737017214298248
316 0.09262630343437195
317 0.09431590884923935
318 0.09407900273799896
319 0.0975012332201004
320 0.09400879591703415
321 0.09511397033929825
322 0.08655964583158493
323 0.09573954343795776
324 0.0929349958896637
325 0.09376997500658035
326 0.09395952522754669
327 0.09655141830444336
328 0.09231358766555786
329 0.08219990879297256
330 0.09086001664400101
331 0.08548560738563538
332 0.08330707997083664
333 0.08538459986448288
334 0.08773161470890045
335 0.09548211842775345
336 0.09705537557601929
337 0.08185726404190063
338 0.08438900858163834
339 0.09508287161588669
340 0.09291976690292358
341 0.08889300376176834
342 0.08924612402915955
343 0.0820070132613182
344 0.08676659315824509
345 0.0965680330991745
346 0.08909977227449417
347 0.09010579437017441
348 0.0991702526807785
349 0.08936568349599838
350 0.09341145306825638
351 0.07599984854459763
352 0.08070196956396103
353 0.08861387521028519
354 0.08203606307506561
355 0.10124406218528748
356 0.08306872844696045
357 0.08526520431041718
358 0.08754658699035645
359 0.08784053474664688
360 0.09349142760038376
361 0.0866183340549469
362 0.09069462865591049
363 0.07433637976646423
364 0.08110620081424713
365 0.095655657351017
366 0.09130889177322388
367 0.08961616456508636
368 0.08093690127134323
369 0.08248744159936905
370 0.08687280863523483
371 0.08918847888708115
372 0.07751855999231339
373 0.09398076683282852
374 0.09909655153751373
375 0.09144146740436554
376 0.08122683316469193
377 0.08542768657207489
378 0.09091104567050934
379 0.0797760859131813
380 0.0951160192489624
381 0.09327003359794617
382 0.08180990815162659
383 0.08421842008829117
384 0.08008650690317154
385 0.08721011132001877
386 0.08777853846549988
387 0.08875459432601929
388 0.08219794183969498
389 0.090745709836483
390 0.09411139786243439
391 0.09959527850151062
392 0.09295523911714554
393 0.09284713864326477
394 0.08918736129999161
395 0.08724168688058853
396 0.08692067861557007
397 0.07709000259637833
398 0.09416139125823975
399 0.08382302522659302
400 0.08621562272310257
