1 1.4310733079910278
2 1.2980116605758667
3 1.2208137512207031
4 1.0963205099105835
5 1.0251449346542358
6 1.01975679397583
7 0.9139974117279053
8 1.0119049549102783
9 0.9281461238861084
10 0.8957776427268982
11 0.8898898363113403
12 0.8559389114379883
13 0.875608503818512
14 0.8276219964027405
15 0.8077439069747925
16 0.7655519247055054
17 0.807390570640564
18 0.7932618856430054
19 0.708244264125824
20 0.7893751859664917
21 0.6789897680282593
22 0.6807245016098022
23 0.6811709403991699
24 0.7188321948051453
25 0.6111609935760498
26 0.7112616300582886
27 0.6681689023971558
28 0.6023704409599304
29 0.5687509179115295
30 0.5608347654342651
31 0.5959726572036743
32 0.5943475365638733
33 0.5254274606704712
34 0.5721018314361572
35 0.58815598487854
36 0.5700740814208984
37 0.563533365726471
38 0.5492421388626099
39 0.49677544832229614
40 0.5043564438819885
41 0.47569090127944946
42 0.5755527019500732
43 0.48496511578559875
44 0.5727213621139526
45 0.47319695353507996
46 0.47092103958129883
47 0.5427842140197754
48 0.4901694655418396
49 0.48266857862472534
50 0.5178542733192444
51 0.4524213373661041
52 0.5253778696060181
53 0.5080857276916504
54 0.5188935399055481
55 0.3913368284702301
56 0.4950331747531891
57 0.7209047079086304
58 0.437200665473938
59 0.3864472508430481
60 0.5086493492126465
61 0.5102153420448303
62 0.4884384274482727
63 0.4315440058708191
64 0.44151392579078674
65 0.5179688334465027
66 0.44924432039260864
67 0.457903653383255
68 0.3954112231731415
69 0.40749064087867737
70 0.4360876977443695
71 0.45356714725494385
72 0.3910580277442932
73 0.4272550046443939
74 0.45380881428718567
75 0.4400181472301483
76 0.4779873788356781
77 0.3936913311481476
78 0.4847828149795532
79 0.39249709248542786
80 0.5724838972091675
81 0.402082234621048
82 0.48026666045188904
83 0.4328785538673401
84 0.39369723200798035
85 0.7292056083679199
86 0.36893337965011597
87 0.3703818917274475
88 0.3768998682498932
89 0.434989333152771
90 0.4427166283130646
91 0.35895970463752747
92 0.4155541658401489
93 0.3403877019882202
94 0.46938449144363403
95 0.3589302897453308
96 0.5968378186225891
97 0.36164936423301697
98 0.4319077730178833
99 0.362293004989624
100 0.4174160957336426
101 0.3700583875179291
102 0.4106738269329071
103 0.38612255454063416
104 0.3603232800960541
105 0.3538866341114044
106 0.37524792551994324
107 0.415035218000412
108 0.3602966368198395
109 0.3947431147098541
110 0.3424912393093109
111 0.39828789234161377
112 0.4275558292865753
113 0.36027437448501587
114 0.3756940960884094
115 0.37167057394981384
116 0.3771802484989166
117 0.33727970719337463
118 0.357776939868927
119 0.419597864151001
120 0.37080883979797363
121 0.6349018812179565
122 0.36411765217781067
123 0.3579389154911041
124 0.3544246554374695
125 0.33470386266708374
126 0.3724857270717621
127 0.39559730887413025
128 0.35478711128234863
129 0.38205811381340027
130 0.32573068141937256
131 0.3602640926837921
132 0.3641278147697449
133 0.36392444372177124
134 0.3299754559993744
135 0.30092647671699524
136 0.5071391463279724
137 0.33853408694267273
138 0.32257670164108276
139 0.3518247902393341
140 0.3238401412963867
141 0.29849350452423096
142 0.6333808898925781
143 0.4183960556983948
144 0.37089720368385315
145 0.31692585349082947
146 0.30829358100891113
147 0.35661250352859497
148 0.34214547276496887
149 0.3182697892189026
150 0.34063875675201416
151 0.3224624693393707
152 0.33896487951278687
153 0.39882802963256836
154 0.3403346538543701
155 0.44725555181503296
156 0.609950602054596
157 0.2977451980113983
158 0.28295496106147766
159 0.35854223370552063
160 0.35848796367645264
161 0.3501391112804413
162 0.33234235644340515
163 0.32697370648384094
164 0.3608771860599518
165 0.8264016509056091
166 0.25870683789253235
167 0.33720269799232483
168 0.36398860812187195
169 0.31358060240745544
170 0.3232291340827942
171 0.3392729163169861
172 0.3667171895503998
173 0.3007158637046814
174 0.3081735074520111
175 0.281840443611145
176 0.31032824516296387
177 0.350347638130188
178 0.6100192666053772
179 0.3676947057247162
180 0.3002671003341675
181 0.40737053751945496
182 0.3262925148010254
183 0.3737657964229584
184 0.331360399723053
185 0.6023286581039429
186 0.43742215633392334
187 0.37827178835868835
188 0.2794724106788635
189 0.30280330777168274
190 0.3224148154258728
191 0.3627632260322571
192 0.288424015045166
193 0.9993672370910645
194 0.2828044891357422
195 0.32089459896087646
196 0.43913164734840393
197 0.2789222300052643
198 0.32093918323516846
199 0.3779453933238983
200 0.2732982635498047
201 0.2850281894207001
202 0.296877384185791
203 0.2929624915122986
204 0.297472208738327
205 0.572288453578949
206 2.713937997817993
207 0.268283873796463
208 0.26482200622558594
209 1.5584075450897217
210 0.30846303701400757
211 0.3111589848995209
212 0.29772311449050903
213 0.31068700551986694
214 0.3175501227378845
215 0.9266828894615173
216 0.20762640237808228
217 0.2925981879234314
218 0.547909677028656
219 0.2957689166069031
220 0.30181244015693665
221 0.24353358149528503
222 0.410491943359375
223 0.27030208706855774
224 0.2700731158256531
225 1.2327293157577515
226 0.2697576880455017
227 0.3134229779243469
228 0.259022057056427
229 0.27297767996788025
230 0.2709415555000305
231 0.5040355920791626
232 0.2875659465789795
233 0.3690151572227478
234 0.3287743628025055
235 0.28716978430747986
236 0.30930888652801514
237 0.3289699852466583
238 0.267939954996109
239 0.3245466947555542
240 0.3622857332229614
241 0.30585038661956787
242 0.6227843761444092
243 0.2766207456588745
244 0.8958548903465271
245 0.24986585974693298
246 0.6232231855392456
247 0.27408263087272644
248 0.6881292462348938
249 0.5034564137458801
250 0.2598125636577606
251 0.30536729097366333
252 0.29053106904029846
253 0.2637516260147095
254 0.2867301106452942
255 0.3573773503303528
256 2.5018136501312256
257 0.25333017110824585
258 0.2632639706134796
259 0.2869318425655365
260 0.2453247755765915
261 1.0635770559310913
262 0.9535748362541199
263 0.7049634456634521
264 0.22466835379600525
265 0.2967164218425751
266 0.3607134521007538
267 0.2889852225780487
268 0.25602829456329346
269 0.3711043894290924
270 0.28602126240730286
271 0.33621713519096375
272 0.30151769518852234
273 0.2735890746116638
274 1.7743104696273804
275 0.28821995854377747
276 0.28804388642311096
277 0.2962065637111664
278 0.29280906915664673
279 0.2708802819252014
280 0.24124954640865326
281 0.3413321077823639
282 0.4139357805252075
283 0.24852415919303894
284 0.3000851273536682
285 0.2850455343723297
286 0.41206151247024536
287 0.26038676500320435
288 0.2840205430984497
289 0.4562980830669403
290 0.5234319567680359
291 0.20822656154632568
292 0.7296981811523438
293 0.1978697031736374
294 4.234884262084961
295 0.3057948052883148
296 0.3630455732345581
297 0.2996880114078522
298 0.31054142117500305
299 0.6162238717079163
300 0.2787715494632721
301 0.7325992584228516
302 0.22189661860466003
303 0.5450573563575745
304 0.41331273317337036
305 0.5270853638648987
306 0.23625370860099792
307 0.2848514914512634
308 0.3330506384372711
309 0.28274279832839966
310 0.2791788876056671
311 0.28585490584373474
312 0.3985915184020996
313 0.23840686678886414
314 0.3329855799674988
315 0.6567324995994568
316 0.23486724495887756
317 0.4028284549713135
318 0.24977296590805054
319 0.3585030436515808
320 0.25022679567337036
321 0.2477959394454956
322 0.31012478470802307
323 0.2920566201210022
324 0.27707770466804504
325 0.24118635058403015
326 0.36492860317230225
327 0.254359632730484
328 0.42619431018829346
329 0.4560493528842926
330 0.3817572593688965
331 0.26361122727394104
332 0.45712682604789734
333 0.29169467091560364
334 0.27090689539909363
335 0.2863939106464386
336 0.31567755341529846
337 0.24194644391536713
338 0.2651429772377014
339 0.2725425064563751
340 0.3042628765106201
341 0.26789069175720215
342 0.2866198718547821
343 0.2609451711177826
344 0.35290905833244324
345 0.2599245607852936
346 0.3697469234466553
347 0.9066257476806641
348 0.3171948194503784
349 0.3229983150959015
350 0.37371617555618286
351 0.3397715389728546
352 0.3999861180782318
353 0.27480947971343994
354 0.23969566822052002
355 0.3017021417617798
356 0.2469954490661621
357 0.5100210905075073
358 0.24411576986312866
359 0.25328096747398376
360 0.28016993403434753
361 0.2471064180135727
362 0.3124644160270691
363 0.4128096401691437
364 0.266630083322525
365 0.39447444677352905
366 0.2330748587846756
367 0.27214905619621277
368 0.6382040977478027
369 0.22294162213802338
370 0.23794330656528473
371 0.22861933708190918
372 1.1751518249511719
373 0.2878732979297638
374 0.2399885356426239
375 0.36032330989837646
376 0.25585347414016724
377 0.28011688590049744
378 0.25358402729034424
379 0.3458237051963806
380 0.32366830110549927
381 0.21707195043563843
382 0.3683362603187561
383 0.254437118768692
384 0.4991871118545532
385 0.23400969803333282
386 0.27100086212158203
387 0.22115659713745117
388 0.25869232416152954
389 0.26585978269577026
390 0.24125665426254272
391 0.25742924213409424
392 0.26272785663604736
393 0.3201960027217865
394 0.31076717376708984
395 0.2955385446548462
396 0.21391214430332184
397 0.2878211438655853
398 0.2609894275665283
399 0.4048915207386017
400 0.26733145117759705
