1 1.1993684768676758
2 1.1710606813430786
3 1.1402208805084229
4 1.0916963815689087
5 1.0370252132415771
6 0.9851550459861755
7 0.9409785270690918
8 0.9079864621162415
9 0.8744690418243408
10 0.8463118672370911
11 0.8229742050170898
12 0.7979442477226257
13 0.7764685750007629
14 0.7575031518936157
15 0.7405911684036255
16 0.7248309850692749
17 0.7090612053871155
18 0.6944726705551147
19 0.6779177784919739
20 0.6609533429145813
21 0.6437898874282837
22 0.6285564303398132
23 0.6133931279182434
24 0.5979910492897034
25 0.5832592248916626
26 0.5667676329612732
27 0.5536654591560364
28 0.5402066707611084
29 0.5286675691604614
30 0.5168365240097046
31 0.505678653717041
32 0.49714452028274536
33 0.48815906047821045
34 0.4789141118526459
35 0.4698827266693115
36 0.4607129693031311
37 0.4539623260498047
38 0.44504329562187195
39 0.4357217252254486
40 0.4273999333381653
41 0.41663727164268494
42 0.4077858030796051
43 0.39760369062423706
44 0.38675299286842346
45 0.37723302841186523
46 0.36503875255584717
47 0.35403960943222046
48 0.3428610861301422
49 0.33280497789382935
50 0.3226822018623352
51 0.31355196237564087
52 0.30331262946128845
53 0.2927347421646118
54 0.2843414843082428
55 0.27626341581344604
56 0.2682117223739624
57 0.2600826919078827
58 0.2532504200935364
59 0.24722008407115936
60 0.2398885190486908
61 0.23506958782672882
62 0.22867326438426971
63 0.2243582010269165
64 0.21840189397335052
65 0.21390429139137268
66 0.20932820439338684
67 0.2051975578069687
68 0.20214098691940308
69 0.1976555734872818
70 0.19478464126586914
71 0.19151757657527924
72 0.1880619078874588
73 0.18546871840953827
74 0.1816677749156952
75 0.18188951909542084
76 0.17646050453186035
77 0.1753074824810028
78 0.17331604659557343
79 0.17028872668743134
80 0.16815407574176788
81 0.1654316782951355
82 0.16456371545791626
83 0.16343161463737488
84 0.1616787314414978
85 0.1601470708847046
86 0.15842072665691376
87 0.15485113859176636
88 0.15398187935352325
89 0.15257780253887177
90 0.15021073818206787
91 0.1488465815782547
92 0.148678258061409
93 0.1475050002336502
94 0.1452072411775589
95 0.14531488716602325
96 0.14368464052677155
97 0.14272579550743103
98 0.14205989241600037
99 0.14009058475494385
100 0.13949449360370636
101 0.13818666338920593
102 0.13827234506607056
103 0.13560892641544342
104 0.13629013299942017
105 0.1351180523633957
106 0.13363516330718994
107 0.1332062929868698
108 0.13148777186870575
109 0.13090701401233673
110 0.13016311824321747
111 0.1282600313425064
112 0.12903985381126404
113 0.12680472433567047
114 0.12624593079090118
115 0.12524963915348053
116 0.12559884786605835
117 0.12443857640028
118 0.12367895245552063
119 0.12365271151065826
120 0.1225120946764946
121 0.12071394175291061
122 0.12106677889823914
123 0.11979538947343826
124 0.12016118317842484
125 0.11881896108388901
126 0.11816421896219254
127 0.11735616624355316
128 0.1168803945183754
129 0.11727941036224365
130 0.11505106836557388
131 0.11645820736885071
132 0.11405076831579208
133 0.11406111717224121
134 0.11450003832578659
135 0.1124022901058197
136 0.11328050494194031
137 0.11274640262126923
138 0.11220811307430267
139 0.11091070622205734
140 0.11185887455940247
141 0.11053117364645004
142 0.109464131295681
143 0.1088685467839241
144 0.11007621139287949
145 0.10900921374559402
146 0.10821259766817093
147 0.1088269054889679
148 0.10698680579662323
149 0.10787291079759598
150 0.10640769451856613
151 0.1054796501994133
152 0.10583782941102982
153 0.10562097281217575
154 0.10339827835559845
155 0.10524511337280273
156 0.10329488664865494
157 0.10381768643856049
158 0.10299639403820038
159 0.104000985622406
160 0.10262873023748398
161 0.10253788530826569
162 0.10082508623600006
163 0.10050445795059204
164 0.10100134462118149
165 0.10069876164197922
166 0.10008850693702698
167 0.09978970885276794
168 0.10029617697000504
169 0.09837029129266739
170 0.10018515586853027
171 0.09873972088098526
172 0.09906616061925888
173 0.09720925986766815
174 0.09895692020654678
175 0.09666293114423752
176 0.09601103514432907
177 0.09595809131860733
178 0.09696593135595322
179 0.09590047597885132
180 0.09617214649915695
181 0.09483499825000763
182 0.09447665512561798
183 0.09606801718473434
184 0.09555396437644958
185 0.09391733258962631
186 0.09469201415777206
187 0.0935637503862381
188 0.09356391429901123
189 0.09414269775152206
190 0.0931672677397728
191 0.09288617223501205
192 0.09345701336860657
193 0.09313729405403137
194 0.09210921823978424
195 0.09137007594108582
196 0.09195274114608765
197 0.09098775684833527
198 0.09229928255081177
199 0.09042569249868393
200 0.09146012365818024
