1 1.2148714065551758
2 1.1698315143585205
3 1.1527501344680786
4 1.1282964944839478
5 1.0939275026321411
6 1.0555527210235596
7 1.0158575773239136
8 0.9781665205955505
9 0.9448357224464417
10 0.9130532145500183
11 0.8832345008850098
12 0.8560149073600769
13 0.8326156139373779
14 0.8097729682922363
15 0.7863360047340393
16 0.7655643820762634
17 0.7463185787200928
18 0.7274117469787598
19 0.7111180424690247
20 0.6954569816589355
21 0.6798232197761536
22 0.666572630405426
23 0.6530740261077881
24 0.6415037512779236
25 0.6306858062744141
26 0.6188632249832153
27 0.6084287762641907
28 0.5974228978157043
29 0.5881522297859192
30 0.5793775916099548
31 0.5708494186401367
32 0.5622813701629639
33 0.5549585223197937
34 0.5480160713195801
35 0.5417380332946777
36 0.5341304540634155
37 0.5278503894805908
38 0.5229202508926392
39 0.5171453356742859
40 0.510842502117157
41 0.5036575794219971
42 0.5002007484436035
43 0.49579569697380066
44 0.49016910791397095
45 0.48686328530311584
46 0.48113948106765747
47 0.47625187039375305
48 0.4720580577850342
49 0.4685114622116089
50 0.4637012779712677
51 0.46060746908187866
52 0.45636698603630066
53 0.45186418294906616
54 0.4497086703777313
55 0.44570982456207275
56 0.4420613944530487
57 0.4387838840484619
58 0.43506067991256714
59 0.43123966455459595
60 0.42867860198020935
61 0.42586231231689453
62 0.422771155834198
63 0.41914692521095276
64 0.41690391302108765
65 0.41372916102409363
66 0.4107431471347809
67 0.4087357521057129
68 0.40523195266723633
69 0.401878297328949
70 0.399699866771698
71 0.3971253037452698
72 0.39497578144073486
73 0.3924362361431122
74 0.3903312385082245
75 0.3877579867839813
76 0.38477399945259094
77 0.3831503093242645
78 0.3806189000606537
79 0.37884601950645447
80 0.3758918046951294
81 0.3741796314716339
82 0.37254536151885986
83 0.36929747462272644
84 0.368522971868515
85 0.36678457260131836
86 0.36531439423561096
87 0.36276182532310486
88 0.3600607216358185
89 0.359709233045578
90 0.3571741580963135
91 0.3544319272041321
92 0.35327762365341187
93 0.35152295231819153
94 0.34961262345314026
95 0.34772953391075134
96 0.34664037823677063
97 0.3444885313510895
98 0.342522531747818
99 0.3409096896648407
100 0.3383462727069855
101 0.3384242355823517
102 0.3353748023509979
103 0.33429622650146484
104 0.3320167362689972
105 0.33021435141563416
106 0.32902511954307556
107 0.32752910256385803
108 0.32552894949913025
109 0.32245075702667236
110 0.3204110860824585
111 0.31961071491241455
112 0.3159853219985962
113 0.3140942454338074
114 0.31094345450401306
115 0.3095926344394684
116 0.30644214153289795
117 0.3041946291923523
118 0.30141186714172363
119 0.2990211546421051
120 0.2950485646724701
121 0.29346874356269836
122 0.2889295220375061
123 0.28486576676368713
124 0.28237050771713257
125 0.27830275893211365
126 0.27469930052757263
127 0.27097487449645996
128 0.26645612716674805
129 0.2623714208602905
130 0.25735926628112793
131 0.2540358603000641
132 0.24987410008907318
133 0.24437816441059113
134 0.240924671292305
135 0.2361030876636505
136 0.23292462527751923
137 0.2276371270418167
138 0.22432561218738556
139 0.22065502405166626
140 0.21747523546218872
141 0.21308428049087524
142 0.21022172272205353
143 0.20717158913612366
144 0.20237630605697632
145 0.20082369446754456
146 0.19696642458438873
147 0.1939547061920166
148 0.19208374619483948
149 0.18949183821678162
150 0.1869768351316452
151 0.18380557000637054
152 0.18257969617843628
153 0.18017759919166565
154 0.17874999344348907
155 0.17652511596679688
156 0.17458447813987732
157 0.17288465797901154
158 0.17126184701919556
159 0.16938908398151398
160 0.16774848103523254
161 0.16625317931175232
162 0.16597747802734375
163 0.16400037705898285
164 0.16270247101783752
165 0.1611298769712448
166 0.15989018976688385
167 0.15821801126003265
168 0.15777921676635742
169 0.15565700829029083
170 0.15512727200984955
171 0.15433235466480255
172 0.15331295132637024
173 0.15239566564559937
174 0.15095247328281403
175 0.15067383646965027
176 0.14957663416862488
177 0.14868547022342682
178 0.14815561473369598
179 0.14683839678764343
180 0.14519453048706055
181 0.14525702595710754
182 0.1440541297197342
183 0.14376318454742432
184 0.14241303503513336
185 0.1419108808040619
186 0.14107660949230194
187 0.14136528968811035
188 0.1394173800945282
189 0.13831785321235657
190 0.13906629383563995
191 0.1378120630979538
192 0.13758955895900726
193 0.13734659552574158
194 0.13615478575229645
195 0.1350516676902771
196 0.1343078464269638
197 0.1340678185224533
198 0.13257136940956116
199 0.13267506659030914
200 0.133049875497818
201 0.13247255980968475
202 0.1306820958852768
203 0.13087892532348633
204 0.13061553239822388
205 0.12950533628463745
206 0.12977562844753265
207 0.12805332243442535
208 0.12825511395931244
209 0.12874744832515717
210 0.12677082419395447
211 0.12630139291286469
212 0.1261110156774521
213 0.12518011033535004
214 0.1250731199979782
215 0.125071182847023
216 0.12269643694162369
217 0.1235194131731987
218 0.12319137901067734
219 0.12298078835010529
220 0.12242404371500015
221 0.12267686426639557
222 0.12110044062137604
223 0.12118702381849289
224 0.12069737911224365
225 0.12031370401382446
226 0.11935409903526306
227 0.11917908489704132
228 0.11820591241121292
229 0.11867307126522064
230 0.11795724928379059
231 0.11743483692407608
232 0.11765537410974503
233 0.11651550233364105
234 0.11737942695617676
235 0.11601229757070541
236 0.11690299957990646
237 0.11601667106151581
238 0.11658318340778351
239 0.11537586897611618
240 0.11370833963155746
241 0.11503466963768005
242 0.11248268932104111
243 0.11312682181596756
244 0.11240631341934204
245 0.11344834417104721
246 0.11268298327922821
247 0.11236622929573059
248 0.11243950575590134
249 0.11169850081205368
250 0.1108422577381134
251 0.11113625019788742
252 0.11073403060436249
253 0.1105169951915741
254 0.11028195172548294
255 0.11060172319412231
256 0.10971894860267639
257 0.10900572687387466
258 0.1097281277179718
259 0.10889894515275955
260 0.10899795591831207
261 0.10711540281772614
262 0.10896512866020203
263 0.10720067471265793
264 0.1072743684053421
265 0.10779593884944916
266 0.1065879687666893
267 0.10774054378271103
268 0.10573170334100723
269 0.10670138150453568
270 0.10516561567783356
271 0.10528115183115005
272 0.10560281574726105
273 0.10509536415338516
274 0.10542815178632736
275 0.10461857169866562
276 0.1040448397397995
277 0.10484199970960617
278 0.10451671481132507
279 0.10421305894851685
280 0.10248275101184845
281 0.10337823629379272
282 0.10364727675914764
283 0.10264714807271957
284 0.10211700946092606
285 0.10199906677007675
286 0.10182176530361176
287 0.10049309581518173
288 0.10119303315877914
289 0.10104784369468689
290 0.10143353790044785
291 0.10128007084131241
292 0.10018321126699448
293 0.10051620006561279
294 0.10047227889299393
295 0.09955569356679916
296 0.10031753778457642
297 0.09957607835531235
298 0.09875014424324036
299 0.09970869868993759
300 0.09965051710605621
301 0.09855703264474869
302 0.10011492669582367
303 0.0977264866232872
304 0.09839290380477905
305 0.0983809232711792
306 0.09799745678901672
307 0.09696291387081146
308 0.09837888926267624
309 0.09590800851583481
310 0.09766670316457748
311 0.09665277600288391
312 0.09639035910367966
313 0.09670348465442657
314 0.09717360883951187
315 0.0963098481297493
316 0.09500794112682343
317 0.09518642723560333
318 0.0963749811053276
319 0.09455803036689758
320 0.09627822041511536
321 0.09434602409601212
322 0.09444519877433777
323 0.09505882114171982
324 0.09429668635129929
325 0.09510771930217743
326 0.09473571926355362
327 0.09386570006608963
328 0.09328920394182205
329 0.09351960569620132
330 0.09321457147598267
331 0.09329799562692642
332 0.09352439641952515
333 0.09335311502218246
334 0.09323425590991974
335 0.09268694370985031
336 0.092239148914814
337 0.09279726445674896
338 0.09299557656049728
339 0.09160575270652771
340 0.09258565306663513
341 0.09139170497655869
342 0.09177925437688828
343 0.09073463082313538
344 0.090168297290802
345 0.09102233499288559
346 0.09121369570493698
347 0.09035960584878922
348 0.08987978100776672
349 0.09100614488124847
350 0.0905357301235199
351 0.08972717821598053
352 0.08962683379650116
353 0.08970148861408234
354 0.089596688747406
355 0.08897963911294937
356 0.08993884921073914
357 0.08996610343456268
358 0.0889555960893631
359 0.0893288180232048
360 0.0886106789112091
361 0.08801651746034622
362 0.08787230402231216
363 0.08847162127494812
364 0.08856982737779617
365 0.08765316754579544
366 0.0876803919672966
367 0.08805803954601288
368 0.0872606560587883
369 0.08741951733827591
370 0.08793419599533081
371 0.0871468186378479
372 0.08750057965517044
373 0.08719188719987869
374 0.08643965423107147
375 0.08679509907960892
376 0.08652682602405548
377 0.08635444939136505
378 0.08653624355792999
379 0.08481846749782562
380 0.08574746549129486
381 0.08591412752866745
382 0.08474571257829666
383 0.08539474755525589
384 0.08619067072868347
385 0.08546913415193558
386 0.08499771356582642
387 0.08532820641994476
388 0.0851893275976181
389 0.08523091673851013
390 0.08463554829359055
391 0.08440259099006653
392 0.08407570421695709
393 0.08451668918132782
394 0.08407691866159439
395 0.08373838663101196
396 0.08399858325719833
397 0.08438578248023987
398 0.08325299620628357
399 0.08369811624288559
400 0.08241026848554611
