1 2.3316686153411865
2 1.7768969535827637
3 1.8623242378234863
4 2.0603790283203125
5 1.964345932006836
6 1.882127285003662
7 1.822265625
8 1.9418580532073975
9 1.882452130317688
10 2.1601555347442627
11 1.802807092666626
12 1.8943541049957275
13 2.036806106567383
14 1.9084528684616089
15 1.8319841623306274
16 1.937889814376831
17 2.1000726222991943
18 2.013110637664795
19 1.685557246208191
20 1.9346803426742554
21 1.8956339359283447
22 1.9499742984771729
23 1.9333267211914062
24 1.8843187093734741
25 1.8421539068222046
26 1.7646905183792114
27 1.882781982421875
28 1.8997710943222046
29 1.9579843282699585
30 1.953081488609314
31 1.99521803855896
32 1.9477620124816895
33 1.885575294494629
34 1.7710083723068237
35 1.8228811025619507
36 1.8924274444580078
37 1.980828881263733
38 1.9454677104949951
39 1.963308334350586
40 1.9540749788284302
41 1.8299964666366577
42 1.738115668296814
43 1.9442428350448608
44 1.8477853536605835
45 1.9561312198638916
46 2.106590986251831
47 2.0172605514526367
48 1.9340730905532837
49 2.323664665222168
50 1.9956881999969482
51 2.1329185962677
52 1.8269896507263184
53 1.8199723958969116
54 1.8743456602096558
55 1.988990306854248
56 1.7243138551712036
57 1.749627709388733
58 1.8404735326766968
59 1.951127529144287
60 1.816657543182373
61 1.89824378490448
62 2.06302547454834
63 1.7799406051635742
64 1.991280198097229
65 1.856318473815918
66 1.7291303873062134
67 1.780441403388977
68 1.8043001890182495
69 1.9733768701553345
70 1.7964591979980469
71 2.1815340518951416
72 1.8288064002990723
73 1.8672109842300415
74 1.9714992046356201
75 2.030900716781616
76 1.8026294708251953
77 1.8195405006408691
78 1.8141255378723145
79 1.962638020515442
80 1.8916925191879272
81 2.072376012802124
82 1.7765430212020874
83 2.1221234798431396
84 1.8958460092544556
85 1.757966160774231
86 1.9761418104171753
87 2.0571577548980713
88 1.9269918203353882
89 1.7720152139663696
90 2.0221877098083496
91 1.8771909475326538
92 1.7355672121047974
93 1.9198572635650635
94 2.0469892024993896
95 2.085531711578369
96 1.8296295404434204
97 1.805385708808899
98 1.915679693222046
99 2.015477180480957
100 1.728184461593628
101 1.8317012786865234
102 1.8581395149230957
103 2.0303313732147217
104 1.7855123281478882
105 1.9424717426300049
106 1.766611933708191
107 1.7933743000030518
108 2.0172550678253174
109 2.141024589538574
110 2.01556134223938
111 1.8830763101577759
112 2.106610059738159
113 1.907548189163208
114 1.8598839044570923
115 1.7664636373519897
116 1.9387474060058594
117 1.9684569835662842
118 1.8591052293777466
119 2.2162654399871826
120 1.9683130979537964
121 1.8159877061843872
122 2.292137622833252
123 2.4308507442474365
124 1.9509998559951782
125 1.8016595840454102
126 1.7864147424697876
127 1.7950167655944824
128 1.9946061372756958
129 1.9183104038238525
130 2.0914382934570312
131 1.8221806287765503
132 1.9991962909698486
133 1.935420036315918
134 1.8549842834472656
135 1.8921476602554321
136 1.8473031520843506
137 1.9997444152832031
138 1.8233990669250488
139 2.098952531814575
140 2.036158323287964
141 1.788297176361084
142 1.8542206287384033
143 1.8572596311569214
144 1.9478940963745117
145 1.7782692909240723
146 1.8699562549591064
147 1.6760308742523193
148 1.9744471311569214
149 2.1998605728149414
150 1.9347459077835083
151 1.7840430736541748
152 1.9943175315856934
153 1.8365881443023682
154 1.9037514925003052
155 1.885507345199585
156 2.157954454421997
157 1.8830454349517822
158 1.835932970046997
159 1.9558104276657104
160 1.8053388595581055
161 1.8328590393066406
162 1.8503847122192383
163 1.9821738004684448
164 1.8582364320755005
165 1.8822392225265503
166 2.0449635982513428
167 1.8384748697280884
168 1.8520824909210205
169 1.7636082172393799
170 1.8955389261245728
171 1.8608884811401367
172 1.8280045986175537
173 2.0020225048065186
174 1.9945873022079468
175 1.927540898323059
176 2.0923423767089844
177 1.904587745666504
178 1.7036666870117188
179 1.743274211883545
180 2.1138405799865723
181 2.235569715499878
182 1.7322807312011719
183 1.7523012161254883
184 1.8979660272598267
185 1.8819960355758667
186 1.8694854974746704
187 2.024925708770752
188 1.7780131101608276
189 1.9335047006607056
190 1.877189040184021
191 1.8861536979675293
192 1.717207908630371
193 1.7900047302246094
194 1.8229843378067017
195 2.006312370300293
196 1.9184764623641968
197 1.8215755224227905
198 1.8790829181671143
199 1.7008382081985474
200 1.8948047161102295
201 1.7574009895324707
202 1.9893690347671509
203 1.8016750812530518
204 1.9840049743652344
205 1.8640787601470947
206 1.8319684267044067
207 1.7219538688659668
208 1.8657805919647217
209 1.9531458616256714
210 1.9724699258804321
211 1.8046917915344238
212 1.9894423484802246
213 1.9981759786605835
214 1.8420441150665283
215 1.8941165208816528
216 1.7347787618637085
217 1.8663965463638306
218 1.7638157606124878
219 1.8819297552108765
220 1.928937315940857
221 1.9055824279785156
222 1.8349523544311523
223 1.9680513143539429
224 1.8879687786102295
225 1.830610990524292
226 1.7827479839324951
227 2.0272622108459473
228 1.767981767654419
229 1.8291305303573608
230 1.9235126972198486
231 1.9610836505889893
232 1.9578206539154053
233 2.0996103286743164
234 1.9028704166412354
235 1.820477843284607
236 1.8117750883102417
237 1.8723251819610596
238 2.0759117603302
239 1.8719483613967896
240 2.022796154022217
241 2.073072910308838
242 2.1176888942718506
243 1.7638009786605835
244 2.158872365951538
245 1.8156445026397705
246 1.721954584121704
247 1.8759548664093018
248 1.8367806673049927
249 1.954650640487671
250 2.021260976791382
251 1.9105092287063599
252 1.7614984512329102
253 1.986679196357727
254 1.7749866247177124
255 1.7112919092178345
256 1.829866886138916
257 2.0380423069000244
258 1.6845967769622803
259 1.9013714790344238
260 2.0420358180999756
261 2.2965970039367676
262 2.088576555252075
263 1.9120874404907227
264 2.143389940261841
265 1.9376788139343262
266 1.9925732612609863
267 1.844768762588501
268 1.8340606689453125
269 1.9707510471343994
270 1.9252588748931885
271 1.7791922092437744
272 1.8064820766448975
273 1.8846750259399414
274 1.848760724067688
275 1.910028100013733
276 1.778296947479248
277 2.0099706649780273
278 1.7323839664459229
279 1.8242300748825073
280 2.1812541484832764
281 1.748522400856018
282 1.9503300189971924
283 1.8604762554168701
284 1.8433510065078735
285 1.8123247623443604
286 1.867747187614441
287 1.9013441801071167
288 2.2081096172332764
289 1.9337719678878784
290 1.97943913936615
291 1.9270297288894653
292 2.1197614669799805
293 1.9965620040893555
294 2.0216026306152344
295 2.0070245265960693
296 1.8172208070755005
297 1.8878616094589233
298 1.9013466835021973
299 1.902774453163147
300 1.7472045421600342
301 1.8091779947280884
302 1.6971410512924194
303 1.8129712343215942
304 1.8221925497055054
305 2.075657367706299
306 1.9038853645324707
307 2.2473087310791016
308 2.1131279468536377
309 1.814596176147461
310 1.8053892850875854
311 1.7967181205749512
312 1.9248971939086914
313 2.055276870727539
314 1.9102084636688232
315 1.8020613193511963
316 1.9334980249404907
317 1.7759084701538086
318 1.9762746095657349
319 1.8896034955978394
320 2.0050039291381836
321 2.132666826248169
322 1.8688578605651855
323 1.8611810207366943
324 2.2333436012268066
325 1.8215246200561523
326 2.1005799770355225
327 1.8710777759552002
328 1.8652143478393555
329 2.2535600662231445
330 1.8741135597229004
331 1.7739582061767578
332 2.0617921352386475
333 2.34564208984375
334 1.861021637916565
335 1.8516122102737427
336 1.936259388923645
337 2.014169454574585
338 1.7528871297836304
339 2.0149295330047607
340 1.7535450458526611
341 1.7432631254196167
342 2.0471017360687256
343 1.8385568857192993
344 1.8761860132217407
345 2.024808168411255
346 1.9612394571304321
347 1.7913827896118164
348 1.744910717010498
349 1.8981295824050903
350 1.8306670188903809
351 1.6763265132904053
352 1.8859310150146484
353 1.8415852785110474
354 1.7383146286010742
355 1.9640202522277832
356 1.917535424232483
357 1.7583218812942505
358 1.84975004196167
359 1.833255648612976
360 1.8033539056777954
361 2.104170083999634
362 2.130035877227783
363 1.6755298376083374
364 1.7610805034637451
365 1.8977092504501343
366 1.8908809423446655
367 1.9699469804763794
368 2.091461181640625
369 1.8071203231811523
370 1.8730151653289795
371 2.1559488773345947
372 2.169480562210083
373 1.8636009693145752
374 1.97770357131958
375 2.079683780670166
376 1.9389923810958862
377 1.9710198640823364
378 1.9671632051467896
379 2.1379599571228027
380 1.901308536529541
381 1.855553150177002
382 2.1042988300323486
383 2.087446689605713
384 1.8037991523742676
385 1.795383095741272
386 1.9105405807495117
387 1.9153521060943604
388 1.8607343435287476
389 1.963491678237915
390 1.8557909727096558
391 1.820342779159546
392 1.8994089365005493
393 1.9058442115783691
394 1.9493221044540405
395 1.7261416912078857
396 1.7681326866149902
397 1.8433806896209717
398 1.8429906368255615
399 1.7844045162200928
400 1.8368209600448608
401 1.703459620475769
402 2.052488088607788
403 1.944680094718933
404 1.7849675416946411
405 2.0365402698516846
406 1.7593159675598145
407 1.8828163146972656
408 1.9245890378952026
409 1.9642655849456787
410 1.8368326425552368
411 1.966381311416626
412 1.8449786901474
413 1.8539178371429443
414 2.006845474243164
415 1.850517749786377
416 1.9692875146865845
417 2.011323928833008
418 2.0621535778045654
419 2.0214459896087646
420 1.949931263923645
421 1.8167622089385986
422 2.0522375106811523
423 2.0670623779296875
424 2.1068432331085205
425 2.0305137634277344
426 2.0084831714630127
427 1.7772351503372192
428 1.8032299280166626
429 1.8231539726257324
430 1.7796199321746826
431 1.7160857915878296
432 2.106470823287964
433 1.853100061416626
434 2.142458438873291
435 2.1238749027252197
436 1.8904221057891846
437 1.865710735321045
438 1.8837522268295288
439 1.7343724966049194
440 2.1233417987823486
441 1.7198145389556885
442 1.9970457553863525
443 1.75083327293396
444 2.087904214859009
445 1.917635440826416
446 1.9440110921859741
447 1.7856649160385132
448 1.8427482843399048
449 1.7993777990341187
450 1.9094585180282593
451 2.037208318710327
452 1.9450608491897583
453 2.1501529216766357
454 1.757911205291748
455 1.9722156524658203
456 1.941994309425354
457 1.7459992170333862
458 1.8278342485427856
459 2.0520436763763428
460 1.8272149562835693
461 1.9278326034545898
462 1.8243120908737183
463 1.7014832496643066
464 1.8766731023788452
465 1.756015419960022
466 2.078279495239258
467 2.200476884841919
468 2.032538414001465
469 1.9053175449371338
470 1.963449239730835
471 1.8755099773406982
472 1.8949507474899292
473 1.956125259399414
474 1.9944146871566772
475 2.197875499725342
476 1.9967565536499023
477 1.8917616605758667
478 1.9072998762130737
479 1.912901759147644
480 2.035611152648926
481 1.8862805366516113
482 1.8481826782226562
483 1.9442201852798462
484 1.7534865140914917
485 1.7735357284545898
486 2.0080771446228027
487 1.85337495803833
488 2.09309720993042
489 1.8888568878173828
490 1.8562400341033936
491 2.081355094909668
492 1.7632592916488647
493 1.9233044385910034
494 1.8754225969314575
495 2.0387003421783447
496 2.0250041484832764
497 1.8539419174194336
498 1.937152624130249
499 1.8105555772781372
500 2.0680694580078125
501 2.144355058670044
502 1.6711996793746948
503 1.8684477806091309
504 1.847081184387207
505 1.9658695459365845
506 1.9003126621246338
507 1.998887300491333
508 1.9499295949935913
509 1.7375123500823975
510 2.001359462738037
511 1.8768410682678223
512 1.8899933099746704
513 1.9978694915771484
514 1.828637957572937
515 1.7466760873794556
516 1.889387607574463
517 1.9675530195236206
518 1.8359001874923706
519 1.8161225318908691
520 2.144556999206543
521 1.8067947626113892
522 1.9595540761947632
523 1.844389796257019
524 1.8104100227355957
525 1.9002031087875366
526 1.728310227394104
527 1.822292447090149
528 1.862972617149353
529 1.7919145822525024
530 2.014465570449829
531 2.1480586528778076
532 1.8877055644989014
533 1.9066879749298096
534 1.8258483409881592
535 2.2990307807922363
536 1.7927404642105103
537 1.9026519060134888
538 1.991559386253357
539 2.081533193588257
540 1.8049004077911377
541 2.0479273796081543
542 1.817853569984436
543 2.1594772338867188
544 1.930540919303894
545 1.7542296648025513
546 1.9455289840698242
547 1.7538033723831177
548 1.9802321195602417
549 1.8782031536102295
550 2.049126625061035
551 1.8923795223236084
552 2.128396987915039
553 1.7359672784805298
554 2.0414061546325684
555 1.7303332090377808
556 1.9881852865219116
557 1.876285433769226
558 1.855247974395752
559 1.9922335147857666
560 1.9667619466781616
561 1.755420446395874
562 1.9450920820236206
563 2.144820213317871
564 1.8778544664382935
565 2.16768479347229
566 1.8518438339233398
567 2.414682388305664
568 2.015566349029541
569 1.8688008785247803
570 1.9989371299743652
571 1.846996784210205
572 1.7149527072906494
573 1.9638639688491821
574 1.914969801902771
575 1.9949181079864502
576 1.967657446861267
577 1.8430536985397339
578 1.9253695011138916
579 1.8028571605682373
580 1.8725390434265137
581 1.9598701000213623
582 1.8753116130828857
583 1.7253865003585815
584 1.796608328819275
585 1.7280778884887695
586 1.723280668258667
587 1.8763266801834106
588 1.7753652334213257
589 1.9073601961135864
590 2.104252815246582
591 1.8385483026504517
592 1.765769600868225
593 1.6940463781356812
594 2.102372884750366
595 1.8620219230651855
596 1.8719635009765625
597 2.045732021331787
598 1.8187634944915771
599 1.7954380512237549
600 1.9998266696929932
601 1.747402310371399
602 1.796807050704956
603 1.8006974458694458
604 2.0721044540405273
605 1.9373149871826172
606 1.7970083951950073
607 1.7635647058486938
608 1.9944324493408203
609 1.875556230545044
610 1.9440827369689941
611 1.960282564163208
612 2.0061330795288086
613 1.9234133958816528
614 2.1088478565216064
615 1.9823179244995117
616 1.8174546957015991
617 1.921458125114441
618 2.4267067909240723
619 1.8283909559249878
620 1.8924788236618042
621 1.7789314985275269
622 1.945939064025879
623 1.854312777519226
624 1.9495322704315186
625 1.9433666467666626
626 1.7487976551055908
627 1.8328309059143066
628 1.8183231353759766
629 1.8791956901550293
630 1.7559423446655273
631 1.6683067083358765
632 1.8647778034210205
633 1.8207942247390747
634 2.0233583450317383
635 1.9713972806930542
636 1.9734272956848145
637 1.8647959232330322
638 1.743515968322754
639 1.7984564304351807
640 2.020629405975342
641 1.9773762226104736
642 1.8693392276763916
643 1.8987776041030884
644 1.8141039609909058
645 1.882697582244873
646 1.800736904144287
647 1.8440194129943848
648 1.9232978820800781
649 1.8017914295196533
650 2.330983877182007
651 1.9864633083343506
652 1.8581277132034302
653 1.6998378038406372
654 2.069124221801758
655 1.8906006813049316
656 1.8292795419692993
657 1.8737285137176514
658 1.870523452758789
659 1.8590730428695679
660 1.8170931339263916
661 1.868848204612732
662 1.7864494323730469
663 2.1781435012817383
664 1.8969188928604126
665 1.916699767112732
666 2.1057114601135254
667 1.7967283725738525
668 1.813090205192566
669 1.8295382261276245
670 1.7685710191726685
671 1.9409407377243042
672 2.039071798324585
673 1.9147149324417114
674 1.8922953605651855
675 1.8817052841186523
676 1.876936912536621
677 1.8387119770050049
678 2.062124252319336
679 1.8496068716049194
680 1.8895153999328613
681 1.9037452936172485
682 1.8227052688598633
683 1.9868956804275513
684 1.8771647214889526
685 1.9811599254608154
686 1.9327600002288818
687 1.8839075565338135
688 1.9340029954910278
689 1.9170100688934326
690 1.8957688808441162
691 2.0331356525421143
692 1.770479440689087
693 1.7622064352035522
694 2.1487538814544678
695 1.8552325963974
696 2.0877323150634766
697 1.7977325916290283
698 1.7449098825454712
699 2.0805561542510986
700 1.754668116569519
701 1.815987467765808
702 2.0533833503723145
703 1.8854178190231323
704 2.194859504699707
705 1.8682252168655396
706 1.8891639709472656
707 1.764120101928711
708 1.8749737739562988
709 1.786902904510498
710 2.1427276134490967
711 1.855565071105957
712 1.9840328693389893
713 1.8024671077728271
714 1.9148796796798706
715 1.7547861337661743
716 1.892797827720642
717 1.9854687452316284
718 2.016927719116211
719 2.1861960887908936
720 1.8627429008483887
721 1.7401962280273438
722 1.9236117601394653
723 1.7347126007080078
724 1.9266998767852783
725 1.9172840118408203
726 1.9119454622268677
727 1.9582874774932861
728 1.9235855340957642
729 2.0020592212677
730 2.0505688190460205
731 1.9743680953979492
732 1.9013506174087524
733 1.7601532936096191
734 2.0286974906921387
735 1.8582980632781982
736 2.0869975090026855
737 1.8439373970031738
738 1.9980192184448242
739 1.8333951234817505
740 1.888364553451538
741 1.809025764465332
742 2.0272305011749268
743 1.884365200996399
744 1.8345438241958618
745 1.8065738677978516
746 1.8019918203353882
747 2.020113706588745
748 1.817826509475708
749 1.921814203262329
750 1.7424967288970947
751 1.7982330322265625
752 1.8447911739349365
753 1.8518608808517456
754 1.9659942388534546
755 2.0330467224121094
756 1.8980261087417603
757 1.8355389833450317
758 1.9230839014053345
759 1.8787399530410767
760 1.8750687837600708
761 1.9438440799713135
762 1.9983317852020264
763 1.813422441482544
764 1.9271056652069092
765 1.947422742843628
766 2.058884382247925
767 1.937948226928711
768 1.8723993301391602
769 1.8690656423568726
770 1.7738875150680542
771 1.9320850372314453
772 1.8694146871566772
773 1.8167600631713867
774 2.006218671798706
775 2.1366405487060547
776 1.8795406818389893
777 1.7925145626068115
778 1.8300307989120483
779 2.0094966888427734
780 1.9066200256347656
781 1.9753955602645874
782 1.9566173553466797
783 1.9234670400619507
784 1.7546452283859253
785 2.088371753692627
786 1.7249293327331543
787 1.873565435409546
788 1.8023048639297485
789 2.0711355209350586
790 2.12804913520813
791 1.825528621673584
792 2.0612733364105225
793 1.6996525526046753
794 2.0146257877349854
795 1.8155053853988647
796 1.960558533668518
797 1.7830501794815063
798 1.7778419256210327
799 1.7865750789642334
800 1.9812673330307007
