1 0.9872053861618042
2 0.6160905957221985
3 0.47109705209732056
4 0.383937269449234
5 0.3286629617214203
6 0.2824632227420807
7 0.27412912249565125
8 0.2533530294895172
9 0.24017935991287231
10 0.21766197681427002
11 0.21169768273830414
12 0.21674206852912903
13 0.20383049547672272
14 0.1925794780254364
15 0.19512096047401428
16 0.18685877323150635
17 0.17795412242412567
18 0.1800384372472763
19 0.1746034026145935
20 0.18674533069133759
21 0.1694774478673935
22 0.16253140568733215
23 0.17122377455234528
24 0.16055092215538025
25 0.1708838790655136
26 0.16305643320083618
27 0.16479016840457916
28 0.162131667137146
29 0.16413243114948273
30 0.16101902723312378
31 0.162995383143425
32 0.14688459038734436
33 0.1644095629453659
34 0.15987111628055573
35 0.15201270580291748
36 0.1590915322303772
37 0.13581472635269165
38 0.14890679717063904
39 0.1445637196302414
40 0.15372924506664276
41 0.13489514589309692
42 0.16028977930545807
43 0.13289569318294525
44 0.1391536146402359
45 0.14800718426704407
46 0.15825627744197845
47 0.13144418597221375
48 0.15534937381744385
49 0.12385378777980804
50 0.1557679921388626
51 0.14428339898586273
52 0.13681186735630035
53 0.15107892453670502
54 0.13089494407176971
55 0.13932394981384277
56 0.122118279337883
57 0.12838023900985718
58 0.14176946878433228
59 0.13902729749679565
60 0.14719173312187195
61 0.1470308154821396
62 0.12705527245998383
63 0.12857890129089355
64 0.1231052577495575
65 0.14470571279525757
66 0.14157351851463318
67 0.1267174780368805
68 0.12682507932186127
69 0.14727023243904114
70 0.12120036780834198
71 0.12160896509885788
72 0.12640519440174103
73 0.13753589987754822
74 0.12617924809455872
75 0.12453051656484604
76 0.1294236034154892
77 0.11663495749235153
78 0.13332736492156982
79 0.12094923108816147
80 0.12274079024791718
81 0.12107586115598679
82 0.1236758753657341
83 0.11654716730117798
84 0.11585269123315811
85 0.1285489797592163
86 0.123279869556427
87 0.1176634356379509
88 0.142690047621727
89 0.12272315472364426
90 0.11889355629682541
91 0.12283653020858765
92 0.127960667014122
93 0.1123785674571991
94 0.12375365197658539
95 0.13173264265060425
96 0.12648750841617584
97 0.11831430345773697
98 0.12053799629211426
99 0.11024834960699081
100 0.11537808924913406
101 0.1306496411561966
102 0.11740020662546158
103 0.11615252494812012
104 0.12835200130939484
105 0.12092936038970947
106 0.11013402789831161
107 0.13057385385036469
108 0.10679987818002701
109 0.11272033303976059
110 0.10789793729782104
111 0.11014491319656372
112 0.1082526296377182
113 0.12095842510461807
114 0.10078420490026474
115 0.12576405704021454
116 0.11387763917446136
117 0.11018547415733337
118 0.09883173555135727
119 0.11015166342258453
120 0.09869204461574554
121 0.11828089505434036
122 0.10821682959794998
123 0.11099033057689667
124 0.11645438522100449
125 0.12255851179361343
126 0.10837116092443466
127 0.11275295168161392
128 0.1059090718626976
129 0.1122240200638771
130 0.10218491405248642
131 0.10761915892362595
132 0.10581593960523605
133 0.11440527439117432
134 0.10258934646844864
135 0.12113840132951736
136 0.1112622544169426
137 0.11175109446048737
138 0.11230448633432388
139 0.09537948668003082
140 0.11117026954889297
141 0.10647347569465637
142 0.11230666935443878
143 0.10824912041425705
144 0.11197240650653839
145 0.10110519081354141
146 0.10808895528316498
147 0.10248468071222305
148 0.11339922994375229
149 0.09931763261556625
150 0.09459331631660461
151 0.10796359181404114
152 0.09991396218538284
153 0.11648764461278915
154 0.11228208243846893
155 0.10286571085453033
156 0.10155302286148071
157 0.10541519522666931
158 0.10421864688396454
159 0.09837736189365387
160 0.09901674091815948
161 0.09941709041595459
162 0.10399076342582703
163 0.09751661866903305
164 0.098842553794384
165 0.09720674902200699
166 0.1036982610821724
167 0.11112678796052933
168 0.10206335037946701
169 0.10483093559741974
170 0.10564547032117844
171 0.0998554676771164
172 0.10717421025037766
173 0.10022900253534317
174 0.10743884742259979
175 0.09872592240571976
176 0.09455877542495728
177 0.10160926729440689
178 0.10046412795782089
179 0.10537546873092651
180 0.09008627384901047
181 0.09771191328763962
182 0.11541058123111725
183 0.11159662902355194
184 0.1006501317024231
185 0.0947326198220253
186 0.10022316128015518
187 0.11225990206003189
188 0.09680396318435669
189 0.09640418738126755
190 0.10081347078084946
191 0.0964142307639122
192 0.11889968067407608
193 0.10533031076192856
194 0.09757775813341141
195 0.09170078486204147
196 0.10070472955703735
197 0.09203053265810013
198 0.08404652029275894
199 0.09782341122627258
200 0.08791691064834595
