1 0.9272855520248413
2 0.4854923486709595
3 0.35163912177085876
4 0.27860715985298157
5 0.2178066521883011
6 0.2134557068347931
7 0.19563058018684387
8 0.18974974751472473
9 0.20809994637966156
10 0.1805201917886734
11 0.18145401775836945
12 0.19200679659843445
13 0.20378874242305756
14 0.18917804956436157
15 0.16843901574611664
16 0.2033269852399826
17 0.15861983597278595
18 0.16160427033901215
19 0.1705089658498764
20 0.19476719200611115
21 0.19577646255493164
22 0.18812617659568787
23 0.14166079461574554
24 0.17147330939769745
25 0.20380698144435883
26 0.14624342322349548
27 0.15256209671497345
28 0.1645900458097458
29 0.17019760608673096
30 0.16061224043369293
31 0.14470934867858887
32 0.13458433747291565
33 0.1767898052930832
34 0.14169543981552124
35 0.1857648342847824
36 0.16091309487819672
37 0.13801826536655426
38 0.16204440593719482
39 0.15927521884441376
40 0.16277103126049042
41 0.12117507308721542
42 0.15321886539459229
43 0.1279376894235611
44 0.14682510495185852
45 0.1649898886680603
46 0.13595014810562134
47 0.1768541932106018
48 0.13439248502254486
49 0.13551373779773712
50 0.13109183311462402
51 0.1693812906742096
52 0.14277109503746033
53 0.143509179353714
54 0.13359378278255463
55 0.14846719801425934
56 0.19954584538936615
57 0.15342473983764648
58 0.13591203093528748
59 0.14064942300319672
60 0.12876245379447937
61 0.18625223636627197
62 0.1231364980340004
63 0.1416601687669754
64 0.1291225701570511
65 0.14576523005962372
66 0.14633433520793915
67 0.15821729600429535
68 0.13557666540145874
69 0.10365411639213562
70 0.15279722213745117
71 0.1622425615787506
72 0.1347021758556366
73 0.16816875338554382
74 0.1374950259923935
75 0.14913775026798248
76 0.1510736644268036
77 0.14304473996162415
78 0.13206979632377625
79 0.13687168061733246
80 0.14840129017829895
81 0.13547100126743317
82 0.13837744295597076
83 0.13728657364845276
84 0.14182516932487488
85 0.10008998960256577
86 0.18067781627178192
87 0.12746815383434296
88 0.11030111461877823
89 0.15505099296569824
90 0.1196298897266388
91 0.14164720475673676
92 0.13384968042373657
93 0.13047508895397186
94 0.13198794424533844
95 0.15701237320899963
96 0.10904058814048767
97 0.1191466748714447
98 0.1337846964597702
99 0.15827012062072754
100 0.12247692793607712
101 0.13432888686656952
102 0.12290160357952118
103 0.12583205103874207
104 0.12538927793502808
105 0.13321590423583984
106 0.11597374826669693
107 0.14116474986076355
108 0.12534907460212708
109 0.13499034941196442
110 0.12790361046791077
111 0.14965267479419708
112 0.1213964894413948
113 0.1114552766084671
114 0.10820496082305908
115 0.14236755669116974
116 0.13088282942771912
117 0.1328257918357849
118 0.14136718213558197
119 0.13670560717582703
120 0.1157149150967598
121 0.12328188866376877
122 0.12259061634540558
123 0.15292061865329742
124 0.11738191545009613
125 0.13398240506649017
126 0.10534607619047165
127 0.12096922844648361
128 0.12999290227890015
129 0.12682275474071503
130 0.11604733020067215
131 0.15095241367816925
132 0.15497802197933197
133 0.120234914124012
134 0.1376495212316513
135 0.13744542002677917
136 0.13189597427845
137 0.1222817674279213
138 0.12464340776205063
139 0.13360495865345
140 0.1306607723236084
141 0.12907029688358307
142 0.150521919131279
143 0.17061983048915863
144 0.13107343018054962
145 0.12286774069070816
146 0.1475810408592224
147 0.13366857171058655
148 0.13144098222255707
149 0.1518515646457672
150 0.11170719563961029
151 0.13586357235908508
152 0.13423946499824524
153 0.1176069900393486
154 0.1077248826622963
155 0.12002729624509811
156 0.12202306091785431
157 0.1145738735795021
158 0.1452406495809555
159 0.12843415141105652
160 0.10943957418203354
161 0.12369457632303238
162 0.12820538878440857
163 0.11325805634260178
164 0.08520636707544327
165 0.13316360116004944
166 0.1362483650445938
167 0.09781315922737122
168 0.12877096235752106
169 0.11719003319740295
170 0.1365860402584076
171 0.11975251883268356
172 0.1341225653886795
173 0.1201174408197403
174 0.14636822044849396
175 0.11603101342916489
176 0.1494448482990265
177 0.13190093636512756
178 0.11469736695289612
179 0.11986437439918518
180 0.12616261839866638
181 0.10342563688755035
182 0.14858713746070862
183 0.1411048322916031
184 0.09649305045604706
185 0.09841520339250565
186 0.13150809705257416
187 0.1474582701921463
188 0.13755272328853607
189 0.1293766051530838
190 0.11434423923492432
191 0.10930777341127396
192 0.0998818650841713
193 0.1361173391342163
194 0.17477062344551086
195 0.10412714630365372
196 0.12082979083061218
197 0.10674811899662018
198 0.12803566455841064
199 0.11320259422063828
200 0.1348821073770523
