1 1.1223571300506592
2 0.933014452457428
3 0.8016915917396545
4 0.7073071002960205
5 0.6314433217048645
6 0.568286120891571
7 0.5175015330314636
8 0.48727911710739136
9 0.44633105397224426
10 0.41568854451179504
11 0.3831665515899658
12 0.345884770154953
13 0.3159227967262268
14 0.2951990067958832
15 0.28009384870529175
16 0.2637993395328522
17 0.25388088822364807
18 0.2419217824935913
19 0.23428001999855042
20 0.22608524560928345
21 0.21745748817920685
22 0.20869334042072296
23 0.20460572838783264
24 0.20363779366016388
25 0.19686259329319
26 0.18713825941085815
27 0.1849483698606491
28 0.18075862526893616
29 0.18442615866661072
30 0.17144392430782318
31 0.16575190424919128
32 0.16781151294708252
33 0.16183704137802124
34 0.1576579511165619
35 0.1572844535112381
36 0.1488906741142273
37 0.14514416456222534
38 0.14451205730438232
39 0.140909805893898
40 0.13913321495056152
41 0.135561004281044
42 0.13332009315490723
43 0.12859585881233215
44 0.13017171621322632
45 0.1346277892589569
46 0.13060833513736725
47 0.12551309168338776
48 0.1238684356212616
49 0.12282106280326843
50 0.12198807299137115
51 0.11986430734395981
52 0.11767128109931946
53 0.11689490079879761
54 0.11750586330890656
55 0.1161750927567482
56 0.11407388001680374
57 0.11197350919246674
58 0.11454465985298157
59 0.10802587866783142
60 0.11207018792629242
61 0.10875992476940155
62 0.10899748653173447
63 0.1077755019068718
64 0.10467635840177536
65 0.11100853979587555
66 0.1020040214061737
67 0.10129176080226898
68 0.1007516086101532
69 0.10198506712913513
70 0.09866578876972198
71 0.10333600640296936
72 0.10106399655342102
73 0.09973379224538803
74 0.09651682525873184
75 0.09831851720809937
76 0.10055088996887207
77 0.09727709740400314
78 0.09584964066743851
79 0.09615476429462433
80 0.09401426464319229
81 0.09474261105060577
82 0.09591637551784515
83 0.093314990401268
84 0.09700047969818115
85 0.08864086866378784
86 0.08944893628358841
87 0.0888064056634903
88 0.0961962342262268
89 0.0859062671661377
90 0.08670646697282791
91 0.09560494124889374
92 0.09247677028179169
93 0.08458336442708969
94 0.09085208922624588
95 0.08929175138473511
96 0.08675257116556168
97 0.08722411096096039
98 0.08775267004966736
99 0.08385229110717773
100 0.09059698134660721
101 0.08614763617515564
102 0.08478736877441406
103 0.08053769916296005
104 0.08505161106586456
105 0.08189590275287628
106 0.08351477980613708
107 0.08505067229270935
108 0.07980834692716599
109 0.08823332190513611
110 0.08253040164709091
111 0.08317971229553223
112 0.08249537646770477
113 0.07880150526762009
114 0.07591848075389862
115 0.0813431367278099
116 0.08202694356441498
117 0.08160755038261414
118 0.08067071437835693
119 0.08508512377738953
120 0.07613259553909302
121 0.08002304285764694
122 0.07540550827980042
123 0.08101916313171387
124 0.0853787437081337
125 0.07677050679922104
126 0.0830574780702591
127 0.07970723509788513
128 0.07705936580896378
129 0.08037497848272324
130 0.07691289484500885
131 0.07674540579319
132 0.07991978526115417
133 0.07308560609817505
134 0.07794090360403061
135 0.07311466336250305
136 0.07542279362678528
137 0.07300186902284622
138 0.07273196429014206
139 0.07770250737667084
140 0.06966246664524078
141 0.07599964737892151
142 0.07260074466466904
143 0.07753527909517288
144 0.07611271739006042
145 0.07400848716497421
146 0.08033858239650726
147 0.07080250233411789
148 0.07577802240848541
149 0.07134323567152023
150 0.07004037499427795
151 0.07733751833438873
152 0.07524964958429337
153 0.0722770169377327
154 0.07924840599298477
155 0.06809115409851074
156 0.07219243794679642
157 0.0718630701303482
158 0.07305346429347992
159 0.0749901607632637
160 0.06626607477664948
161 0.06792710721492767
162 0.07375137507915497
163 0.07050983607769012
164 0.06402044743299484
165 0.06732802838087082
166 0.06993147730827332
167 0.06844019144773483
168 0.06772973388433456
169 0.06403099745512009
170 0.07336351275444031
171 0.07124220579862595
172 0.06716940551996231
173 0.06747197359800339
174 0.06862901896238327
175 0.0656309649348259
176 0.06570776551961899
177 0.06970609724521637
178 0.07532921433448792
179 0.07716930657625198
180 0.07012619823217392
181 0.06502941250801086
182 0.07190803438425064
183 0.060526274144649506
184 0.06395220011472702
185 0.07723689824342728
186 0.06961223483085632
187 0.06685654073953629
188 0.0615534633398056
189 0.07041585445404053
190 0.06927525997161865
191 0.06624435633420944
192 0.0752212405204773
193 0.06273257732391357
194 0.06932970136404037
195 0.06445060670375824
196 0.06676489114761353
197 0.06318465620279312
198 0.07017088681459427
199 0.0648641437292099
200 0.06350893527269363
201 0.06867947429418564
202 0.07411645352840424
203 0.06332659721374512
204 0.06420308351516724
205 0.06540977954864502
206 0.06478188186883926
207 0.06519860029220581
208 0.0587952584028244
209 0.0643678829073906
210 0.06467819958925247
211 0.06610681861639023
212 0.06263995170593262
213 0.06771882623434067
214 0.06228768080472946
215 0.0641104057431221
216 0.06920725852251053
217 0.06389706581830978
218 0.06640747934579849
219 0.07117392122745514
220 0.06695622205734253
221 0.06498043239116669
222 0.06379638612270355
223 0.057318612933158875
224 0.07548563927412033
225 0.0602581687271595
226 0.06453388929367065
227 0.06253259629011154
228 0.06798860430717468
229 0.06312454491853714
230 0.06121954694390297
231 0.06339678168296814
232 0.0578913576900959
233 0.060116246342659
234 0.06449100375175476
235 0.06115041300654411
236 0.06793458759784698
237 0.0649699717760086
238 0.06513336300849915
239 0.054021723568439484
240 0.05953483283519745
241 0.05931714549660683
242 0.06277726590633392
243 0.061129938811063766
244 0.06104763224720955
245 0.057763729244470596
246 0.061709046363830566
247 0.061706408858299255
248 0.06734637171030045
249 0.068409763276577
250 0.05955751985311508
251 0.06239465996623039
252 0.056958187371492386
253 0.05889475718140602
254 0.059029821306467056
255 0.05795294791460037
256 0.06265877187252045
257 0.06521713733673096
258 0.06687799841165543
259 0.06527755409479141
260 0.056118037551641464
261 0.0671471580862999
262 0.05599049851298332
263 0.05840544402599335
264 0.05518707260489464
265 0.06361374258995056
266 0.05676104873418808
267 0.061878327280282974
268 0.057302527129650116
269 0.06523576378822327
270 0.061198413372039795
271 0.055267997086048126
272 0.06264517456293106
273 0.05860866233706474
274 0.062460463494062424
275 0.06313391029834747
276 0.057822417467832565
277 0.062266137450933456
278 0.0638606920838356
279 0.056613609194755554
280 0.07277151942253113
281 0.05318436771631241
282 0.05714688077569008
283 0.06415034830570221
284 0.06309115886688232
285 0.06033146008849144
286 0.06508012861013412
287 0.05626782029867172
288 0.05922368913888931
289 0.05642826110124588
290 0.061301976442337036
291 0.05512309446930885
292 0.0584225207567215
293 0.06305306404829025
294 0.06774428486824036
295 0.05625322088599205
296 0.0532115213572979
297 0.062269046902656555
298 0.06402406841516495
299 0.054129187017679214
300 0.05910959094762802
301 0.05764293670654297
302 0.05401173233985901
303 0.05433020740747452
304 0.05635847523808479
305 0.06149516999721527
306 0.056178826838731766
307 0.05545428767800331
308 0.05480380728840828
309 0.05523822829127312
310 0.06044665724039078
311 0.05502556636929512
312 0.0557405948638916
313 0.058932721614837646
314 0.05099448189139366
315 0.05286991968750954
316 0.055243540555238724
317 0.05099717155098915
318 0.06658492982387543
319 0.05453267693519592
320 0.0625545009970665
321 0.05050532892346382
322 0.060065772384405136
323 0.06512601673603058
324 0.059239454567432404
325 0.05428910255432129
326 0.054655417799949646
327 0.0541539192199707
328 0.05592508614063263
329 0.05027637630701065
330 0.06529054790735245
331 0.06020224839448929
332 0.05205591022968292
333 0.05631941929459572
334 0.04856572672724724
335 0.06088266894221306
336 0.05429936572909355
337 0.052542541176080704
338 0.05317014455795288
339 0.054435111582279205
340 0.0543254129588604
341 0.0555676594376564
342 0.053072553128004074
343 0.058250896632671356
344 0.05502891540527344
345 0.05268413946032524
346 0.04869803413748741
347 0.04931521415710449
348 0.06401775032281876
349 0.054741643369197845
350 0.05679633840918541
351 0.052108947187662125
352 0.05866327881813049
353 0.05394439399242401
354 0.05174702778458595
355 0.05543237179517746
356 0.05185471102595329
357 0.045775651931762695
358 0.05303347483277321
359 0.05436088517308235
360 0.050695035606622696
361 0.061924707144498825
362 0.0466461218893528
363 0.050543662160634995
364 0.05046781897544861
365 0.05311528965830803
366 0.05018962174654007
367 0.052850391715765
368 0.05890369415283203
369 0.05294640362262726
370 0.05802195519208908
371 0.05170935392379761
372 0.04970107972621918
373 0.05156012251973152
374 0.05715364217758179
375 0.05141802132129669
376 0.046337585896253586
377 0.05280275642871857
378 0.05165180191397667
379 0.05378520116209984
380 0.053376007825136185
381 0.05479962006211281
382 0.0504770502448082
383 0.05209948867559433
384 0.05452487990260124
385 0.05124157294631004
386 0.060797855257987976
387 0.0501614548265934
388 0.05252476781606674
389 0.04883423075079918
390 0.051741160452365875
391 0.05131414532661438
392 0.05583390220999718
393 0.05072645843029022
394 0.05795590579509735
395 0.055128052830696106
396 0.05895836278796196
397 0.05348428338766098
398 0.047852326184511185
399 0.053994495421648026
400 0.05106562003493309
401 0.054062992334365845
402 0.060129400342702866
403 0.05270892009139061
404 0.05537028610706329
405 0.04808681085705757
406 0.04625294730067253
407 0.04909061640501022
408 0.055662255734205246
409 0.05274748429656029
410 0.051298510283231735
411 0.0529266819357872
412 0.05009833723306656
413 0.060156408697366714
414 0.05208725854754448
415 0.04627375677227974
416 0.05668019503355026
417 0.05740562081336975
418 0.056665681302547455
419 0.05344587191939354
420 0.05016995966434479
421 0.05138944089412689
422 0.0512697733938694
423 0.05496293678879738
424 0.060838185250759125
425 0.044065576046705246
426 0.04959852993488312
427 0.056861840188503265
428 0.05103464052081108
429 0.04390491917729378
430 0.05333375185728073
431 0.055920589715242386
432 0.04656332731246948
433 0.048083312809467316
434 0.06762436032295227
435 0.06065597012639046
436 0.049180127680301666
437 0.05354171618819237
438 0.05340195074677467
439 0.04413845017552376
440 0.05863741412758827
441 0.04849449545145035
442 0.054800763726234436
443 0.051651302725076675
444 0.04798807203769684
445 0.04749918729066849
446 0.055990904569625854
447 0.05441330000758171
448 0.06761708110570908
449 0.05226219817996025
450 0.05060657858848572
451 0.06019788607954979
452 0.04691586270928383
453 0.04470454156398773
454 0.0494062714278698
455 0.04850998520851135
456 0.05443377420306206
457 0.05304020643234253
458 0.0453324168920517
459 0.04786236956715584
460 0.04871157184243202
461 0.05795004963874817
462 0.04557059332728386
463 0.05501505732536316
464 0.06154624745249748
465 0.05447164922952652
466 0.04538872092962265
467 0.055896732956171036
468 0.06252270191907883
469 0.05312582477927208
470 0.051054541021585464
471 0.05298897624015808
472 0.0465228334069252
473 0.048308275640010834
474 0.05033029615879059
475 0.04460921138525009
476 0.049927495419979095
477 0.054579708725214005
478 0.05093446746468544
479 0.04445973411202431
480 0.05652877688407898
481 0.05061659589409828
482 0.04509676247835159
483 0.05357765406370163
484 0.049058616161346436
485 0.0488206222653389
486 0.05118497461080551
487 0.04627641662955284
488 0.05042177438735962
489 0.05119941383600235
490 0.04796682298183441
491 0.0512748584151268
492 0.04685289412736893
493 0.041766516864299774
494 0.046143557876348495
495 0.05610431730747223
496 0.046905238181352615
497 0.042339809238910675
498 0.0542496033012867
499 0.04354182630777359
500 0.0452999584376812
501 0.04592671990394592
502 0.0501883365213871
503 0.0464276447892189
504 0.04812537878751755
505 0.048696134239435196
506 0.05695737525820732
507 0.055547188967466354
508 0.05274723097681999
509 0.045224327594041824
510 0.048885103315114975
511 0.04908306896686554
512 0.04373864457011223
513 0.050705209374427795
514 0.04907742142677307
515 0.0517539456486702
516 0.052376970648765564
517 0.04910894110798836
518 0.049232371151447296
519 0.0488845594227314
520 0.04706863686442375
521 0.04764142632484436
522 0.044933076947927475
523 0.05672716349363327
524 0.05060272663831711
525 0.045082610100507736
526 0.04816754162311554
527 0.052672188729047775
528 0.052762679755687714
529 0.05461368337273598
530 0.04915161430835724
531 0.049473315477371216
532 0.04967544227838516
533 0.04737326502799988
534 0.05569003149867058
535 0.04825107008218765
536 0.04390711337327957
537 0.04693243280053139
538 0.04689865559339523
539 0.05332787334918976
540 0.04508696496486664
541 0.048497799783945084
542 0.05173236131668091
543 0.04667837917804718
544 0.04786977171897888
545 0.0452849380671978
546 0.0467398539185524
547 0.050557538866996765
548 0.05834347382187843
549 0.0525275357067585
550 0.046548303216695786
551 0.048259101808071136
552 0.04593551531434059
553 0.048975471407175064
554 0.05194241926074028
555 0.04404596984386444
556 0.044677529484033585
557 0.0522751621901989
558 0.04648450016975403
559 0.04702112451195717
560 0.04702415317296982
561 0.04445546120405197
562 0.04537394642829895
563 0.046744320541620255
564 0.04983346536755562
565 0.04732722043991089
566 0.04570639878511429
567 0.05434539541602135
568 0.04236174002289772
569 0.0506216436624527
570 0.04342738166451454
571 0.04610509052872658
572 0.051252350211143494
573 0.0506812185049057
574 0.05484843999147415
575 0.04959537088871002
576 0.04453491419553757
577 0.044912271201610565
578 0.05122305080294609
579 0.057057254016399384
580 0.044849492609500885
581 0.04362065717577934
582 0.04847673326730728
583 0.045596808195114136
584 0.04138300195336342
585 0.041707802563905716
586 0.049083370715379715
587 0.04947442561388016
588 0.05004299432039261
589 0.04515247792005539
590 0.05739176273345947
591 0.04428737238049507
592 0.04139310121536255
593 0.04643191397190094
594 0.0474875271320343
595 0.04135255888104439
596 0.04609868675470352
597 0.051838405430316925
598 0.04165823757648468
599 0.040373943746089935
600 0.05613596737384796
601 0.04091447591781616
602 0.04535897821187973
603 0.042083490639925
604 0.04403911530971527
605 0.05485161766409874
606 0.04404140263795853
607 0.046531226485967636
608 0.047817450016736984
609 0.04267432913184166
610 0.04259919747710228
611 0.04982379823923111
612 0.04603419452905655
613 0.04244067892432213
614 0.0482875257730484
615 0.04322544112801552
616 0.052679453045129776
617 0.04289884492754936
618 0.04465119168162346
619 0.03890868276357651
620 0.05191883444786072
621 0.04630912095308304
622 0.04696612432599068
623 0.05748520791530609
624 0.04997669532895088
625 0.041694626212120056
626 0.044770680367946625
627 0.04138392210006714
628 0.04318557679653168
629 0.043048761785030365
630 0.04986801743507385
631 0.04272395744919777
632 0.05015820264816284
633 0.04631001874804497
634 0.04688926041126251
635 0.05133676901459694
636 0.050398021936416626
637 0.05552947521209717
638 0.04846096411347389
639 0.044777337461709976
640 0.04779960960149765
641 0.046815451234579086
642 0.04162317141890526
643 0.04590284079313278
644 0.044144872575998306
645 0.04740237444639206
646 0.05009501054883003
647 0.04738326370716095
648 0.04266776144504547
649 0.04025266692042351
650 0.04404376819729805
651 0.04062836244702339
652 0.041476424783468246
653 0.043467648327350616
654 0.047909073531627655
655 0.05088396370410919
656 0.04597650468349457
657 0.04416650906205177
658 0.04954152554273605
659 0.042995207011699677
660 0.04037488251924515
661 0.04080699384212494
662 0.042123276740312576
663 0.04328151047229767
664 0.04259423539042473
665 0.05265531688928604
666 0.04249778762459755
667 0.051773522049188614
668 0.041289739310741425
669 0.05196266248822212
670 0.06386847794055939
671 0.0435311496257782
672 0.04029408097267151
673 0.03848588094115257
674 0.041128963232040405
675 0.03902051970362663
676 0.049216967076063156
677 0.045964665710926056
678 0.04297575727105141
679 0.04517482966184616
680 0.045060839504003525
681 0.0493355430662632
682 0.044854458421468735
683 0.042617544531822205
684 0.04184732213616371
685 0.040672142058610916
686 0.04758539795875549
687 0.04228554666042328
688 0.05132907256484032
689 0.03855826333165169
690 0.04238811880350113
691 0.045012690126895905
692 0.05467308312654495
693 0.04655519500374794
694 0.040293555706739426
695 0.04147988185286522
696 0.05087696388363838
697 0.049164265394210815
698 0.053550928831100464
699 0.03656190261244774
700 0.04035510495305061
701 0.05396442487835884
702 0.04272889345884323
703 0.04271586984395981
704 0.03654884546995163
705 0.052962929010391235
706 0.041314806789159775
707 0.043417349457740784
708 0.04467986524105072
709 0.048457346856594086
710 0.04291157424449921
711 0.03892236202955246
712 0.04252001270651817
713 0.03550942987203598
714 0.04975882172584534
715 0.0458102710545063
716 0.03859809786081314
717 0.043943312019109726
718 0.05812201276421547
719 0.049460235983133316
720 0.04762936756014824
721 0.04602421447634697
722 0.040136680006980896
723 0.04013991728425026
724 0.046923041343688965
725 0.043822672218084335
726 0.049629949033260345
727 0.049327075481414795
728 0.04034406319260597
729 0.038601353764534
730 0.055748067796230316
731 0.04590284451842308
732 0.050296515226364136
733 0.05112842470407486
734 0.03842080011963844
735 0.040703848004341125
736 0.04439941421151161
737 0.045226749032735825
738 0.037708837538957596
739 0.03887559473514557
740 0.044453077018260956
741 0.04394875466823578
742 0.040988072752952576
743 0.050708282738924026
744 0.0650596171617508
745 0.06274668872356415
746 0.040407419204711914
747 0.050014249980449677
748 0.04361232370138168
749 0.04393995180726051
750 0.04475058615207672
751 0.03992624580860138
752 0.04571602866053581
753 0.04112575575709343
754 0.049602750688791275
755 0.05527278035879135
756 0.03879441320896149
757 0.044541552662849426
758 0.04318172484636307
759 0.04287612438201904
760 0.043453603982925415
761 0.04194845259189606
762 0.0381728895008564
763 0.0438101589679718
764 0.04640847444534302
765 0.05645843967795372
766 0.04356526583433151
767 0.05557430163025856
768 0.0469004362821579
769 0.05205710977315903
770 0.0407528355717659
771 0.049092311412096024
772 0.049126069992780685
773 0.03880862891674042
774 0.046817339956760406
775 0.03948681056499481
776 0.04242511838674545
777 0.043880391865968704
778 0.04235641285777092
779 0.043181098997592926
780 0.04166072607040405
781 0.040325827896595
782 0.04470052197575569
783 0.04053841531276703
784 0.04582321271300316
785 0.03972701355814934
786 0.03902079537510872
787 0.03786994889378548
788 0.03890916705131531
789 0.04222261533141136
790 0.04508066922426224
791 0.045046962797641754
792 0.04757057875394821
793 0.04906873777508736
794 0.04267703369259834
795 0.04035431146621704
796 0.04447069764137268
797 0.04324568435549736
798 0.05604589730501175
799 0.039455998688936234
800 0.043336980044841766
