1 1.9643503427505493
2 1.37250816822052
3 0.9926022291183472
4 1.0227965116500854
5 0.9527860283851624
6 0.8884566426277161
7 0.8244544267654419
8 0.8682405948638916
9 0.7677119970321655
10 0.6477500796318054
11 0.7367490530014038
12 0.8738294839859009
13 0.6160622835159302
14 0.5750764608383179
15 0.5028806924819946
16 0.5894035696983337
17 0.5743548274040222
18 0.588063657283783
19 0.5326420068740845
20 0.5008870959281921
21 0.530173122882843
22 0.48319536447525024
23 0.5401635766029358
24 0.54341059923172
25 0.5156378149986267
26 0.5599926114082336
27 0.5929902195930481
28 0.5441680550575256
29 0.4766385853290558
30 0.49940142035484314
31 0.5095727443695068
32 0.5816964507102966
33 0.5013743042945862
34 0.4785284698009491
35 0.5162877440452576
36 0.4370083808898926
37 0.5269491672515869
38 0.45625174045562744
39 0.48213163018226624
40 0.46807992458343506
41 0.4722750186920166
42 0.4709601104259491
43 0.4785570204257965
44 0.45354753732681274
45 0.4613552391529083
46 0.49674192070961
47 0.4680963158607483
48 0.47192180156707764
49 0.4637567400932312
50 0.4973611831665039
51 0.39280956983566284
52 0.4586890935897827
53 0.50974440574646
54 0.4240618348121643
55 0.46423476934432983
56 0.485069215297699
57 0.5095561742782593
58 0.5677530765533447
59 0.5083478093147278
60 0.47336244583129883
61 0.4547075927257538
62 0.5078328251838684
63 0.43613144755363464
64 0.4761604368686676
65 0.4804036319255829
66 0.48834624886512756
67 0.6301934123039246
68 0.5101912021636963
69 0.4568222165107727
70 0.4716852307319641
71 0.4409272372722626
72 0.5343537330627441
73 0.500991940498352
74 0.43394196033477783
75 0.48786142468452454
76 0.48401719331741333
77 0.5450795888900757
78 0.44244322180747986
79 0.6466078758239746
80 0.3958364427089691
81 0.4594907760620117
82 0.4594069719314575
83 0.39870890974998474
84 0.4913906157016754
85 0.43160122632980347
86 0.48585566878318787
87 0.4170248806476593
88 0.48978012800216675
89 0.3945079743862152
90 0.5459908843040466
91 0.4319206178188324
92 0.4610269069671631
93 0.3985912501811981
94 0.42091402411460876
95 0.43079084157943726
96 0.5027082562446594
97 0.4642658531665802
98 0.4466759264469147
99 0.43389636278152466
100 0.4476081132888794
101 0.4086344838142395
102 0.48893922567367554
103 0.4418518543243408
104 0.45368877053260803
105 0.49265000224113464
106 0.43374282121658325
107 0.4356483519077301
108 0.4083111584186554
109 0.43523645401000977
110 0.40549179911613464
111 0.4196263253688812
112 0.43809324502944946
113 0.4373057186603546
114 0.42322617769241333
115 0.47327378392219543
116 0.4202753007411957
117 0.4625597894191742
118 0.40389660000801086
119 0.42683646082878113
120 0.39845457673072815
121 0.4560390114784241
122 0.4261947572231293
123 0.48616471886634827
124 0.39382606744766235
125 0.4310401380062103
126 0.44323453307151794
127 0.48458439111709595
128 0.4497400224208832
129 0.43299320340156555
130 0.42416253685951233
131 0.44763508439064026
132 0.40200504660606384
133 0.4062024652957916
134 0.44875237345695496
135 0.43605709075927734
136 0.40975508093833923
137 0.4509110152721405
138 0.42200368642807007
139 0.449995756149292
140 0.3758716285228729
141 0.43895259499549866
142 0.5492841601371765
143 0.4396536648273468
144 0.45355215668678284
145 0.4262419044971466
146 0.42646658420562744
147 0.39142999053001404
148 0.4871669113636017
149 0.39317065477371216
150 0.4386500120162964
151 0.4267525374889374
152 0.4455097019672394
153 0.3994402289390564
154 0.37012779712677
155 0.3961680233478546
156 0.40651077032089233
157 0.4099806249141693
158 0.4079587757587433
159 0.4207543730735779
160 0.3095533847808838
161 0.4036490023136139
162 0.42966553568840027
163 0.4053914546966553
164 0.37460583448410034
165 0.4131441116333008
166 0.3860066831111908
167 0.3797169029712677
168 0.45229700207710266
169 0.42842695116996765
170 0.4094429016113281
171 0.4134465456008911
172 0.41573381423950195
173 0.3844389021396637
174 0.3861173689365387
175 0.4279939532279968
176 0.4210444390773773
177 0.41528424620628357
178 0.3680785298347473
179 0.3266717791557312
180 0.39270976185798645
181 0.3314313590526581
182 0.42600420117378235
183 0.41548892855644226
184 0.40511319041252136
185 0.39394327998161316
186 0.34549012780189514
187 0.3706894814968109
188 0.41982218623161316
189 0.36302584409713745
190 0.4187711477279663
191 0.4887620210647583
192 0.42597296833992004
193 0.3780978322029114
194 0.33674681186676025
195 0.4277237057685852
196 0.31447628140449524
197 0.42856937646865845
198 0.370159387588501
199 0.4085310697555542
200 0.4434828460216522
