1 1.2505801916122437
2 1.1756541728973389
3 1.1520856618881226
4 1.1154786348342896
5 1.070098638534546
6 1.0202641487121582
7 0.970583975315094
8 0.9203768968582153
9 0.8735160231590271
10 0.8317957520484924
11 0.7921419739723206
12 0.7539961338043213
13 0.7213562726974487
14 0.6956930756568909
15 0.6712157130241394
16 0.6487584710121155
17 0.6305719017982483
18 0.6156224608421326
19 0.5996887683868408
20 0.5865357518196106
21 0.573840320110321
22 0.5618835687637329
23 0.5511132478713989
24 0.5408841371536255
25 0.5322701334953308
26 0.5217275619506836
27 0.5132356286048889
28 0.5049740076065063
29 0.4947941303253174
30 0.4898843765258789
31 0.4808119833469391
32 0.4737228453159332
33 0.46433761715888977
34 0.4560060501098633
35 0.44923117756843567
36 0.440866082906723
37 0.43439406156539917
38 0.42635858058929443
39 0.4196228086948395
40 0.4116193652153015
41 0.4043330252170563
42 0.39689892530441284
43 0.3894261419773102
44 0.3815191388130188
45 0.3748225271701813
46 0.36870551109313965
47 0.36237049102783203
48 0.35549217462539673
49 0.34884098172187805
50 0.34311825037002563
51 0.3380625545978546
52 0.3313331604003906
53 0.3266226053237915
54 0.32204318046569824
55 0.3174821436405182
56 0.3128565549850464
57 0.3091055750846863
58 0.3036652207374573
59 0.3000401258468628
60 0.2967151403427124
61 0.2933090031147003
62 0.28931453824043274
63 0.2862505316734314
64 0.28249305486679077
65 0.28004908561706543
66 0.2778570055961609
67 0.27474847435951233
68 0.2715054750442505
69 0.2700846493244171
70 0.26803871989250183
71 0.2644330561161041
72 0.26407334208488464
73 0.260204017162323
74 0.2592121660709381
75 0.257312536239624
76 0.2552311420440674
77 0.2525382339954376
78 0.25194472074508667
79 0.25088539719581604
80 0.2477644979953766
81 0.24735888838768005
82 0.2455904632806778
83 0.24408945441246033
84 0.24266333878040314
85 0.24145060777664185
86 0.2404354363679886
87 0.23876337707042694
88 0.23727159202098846
89 0.23669388890266418
90 0.23539632558822632
91 0.2337600141763687
92 0.23260362446308136
93 0.23184794187545776
94 0.23086339235305786
95 0.23097985982894897
96 0.2282285988330841
97 0.22847843170166016
98 0.22739501297473907
99 0.22715753316879272
100 0.2259870171546936
101 0.2253996878862381
102 0.22304658591747284
103 0.2220008820295334
104 0.22157469391822815
105 0.2206335812807083
106 0.21947318315505981
107 0.21922338008880615
108 0.21958155930042267
109 0.21669627726078033
110 0.2158583402633667
111 0.21461331844329834
112 0.2160782366991043
113 0.21447455883026123
114 0.2136240303516388
115 0.21344898641109467
116 0.21308371424674988
117 0.21156376600265503
118 0.2112286388874054
119 0.21056929230690002
120 0.2109096348285675
121 0.210410937666893
122 0.20967252552509308
123 0.20841440558433533
124 0.2079605758190155
125 0.20699487626552582
126 0.20649191737174988
127 0.20624175667762756
128 0.20587041974067688
129 0.20574674010276794
130 0.2053413987159729
131 0.2037670910358429
132 0.20293790102005005
133 0.20331989228725433
134 0.20213964581489563
135 0.20041033625602722
136 0.20104457437992096
137 0.200950026512146
138 0.19958288967609406
139 0.19833995401859283
140 0.1998804807662964
141 0.19883474707603455
142 0.19710324704647064
143 0.19700393080711365
144 0.19694103300571442
145 0.19632773101329803
146 0.19601109623908997
147 0.1952059119939804
148 0.19550681114196777
149 0.19463509321212769
150 0.19338220357894897
151 0.19334718585014343
152 0.19293950498104095
153 0.19371959567070007
154 0.19055157899856567
155 0.19222921133041382
156 0.1897715926170349
157 0.19134804606437683
158 0.18942752480506897
159 0.19034934043884277
160 0.18968382477760315
161 0.19019272923469543
162 0.18898926675319672
163 0.18920287489891052
164 0.18795976042747498
165 0.1878190040588379
166 0.1867171674966812
167 0.1855400800704956
168 0.18740302324295044
169 0.18614311516284943
170 0.18593257665634155
171 0.18609236180782318
172 0.18511393666267395
173 0.1851664036512375
174 0.18426614999771118
175 0.18438196182250977
176 0.18490682542324066
177 0.1823830008506775
178 0.1833534687757492
179 0.18187056481838226
180 0.18209750950336456
181 0.1816042959690094
182 0.18052731454372406
183 0.18075264990329742
184 0.18058103322982788
185 0.17983032763004303
186 0.18156597018241882
187 0.17995189130306244
188 0.18049193918704987
189 0.1786530613899231
190 0.1793873906135559
191 0.17886647582054138
192 0.1797393411397934
193 0.17719192802906036
194 0.17796187102794647
195 0.17743587493896484
196 0.1765444427728653
197 0.17697292566299438
198 0.17653802037239075
199 0.17646335065364838
200 0.17552891373634338
201 0.1739344298839569
202 0.17596183717250824
203 0.17479915916919708
204 0.17588450014591217
205 0.17483019828796387
206 0.1743197739124298
207 0.17348667979240417
208 0.17274124920368195
209 0.17248085141181946
210 0.17205241322517395
211 0.17393828928470612
212 0.17129680514335632
213 0.1711498498916626
214 0.17209888994693756
215 0.17038892209529877
216 0.1714879423379898
217 0.17059043049812317
218 0.17092129588127136
219 0.1699303537607193
220 0.17016258835792542
221 0.17018386721611023
222 0.17003792524337769
223 0.1684475541114807
224 0.16746193170547485
225 0.16831237077713013
226 0.1682002693414688
227 0.1683931201696396
228 0.1673523336648941
229 0.16830472648143768
230 0.16803008317947388
231 0.16615059971809387
232 0.16651038825511932
233 0.16714581847190857
234 0.16623429954051971
235 0.16609713435173035
236 0.16590793430805206
237 0.16542504727840424
238 0.16440196335315704
239 0.16467341780662537
240 0.1633373349905014
241 0.16334326565265656
242 0.1644456684589386
243 0.16455841064453125
244 0.16373953223228455
245 0.1638191044330597
246 0.1645955890417099
247 0.16330115497112274
248 0.16180062294006348
249 0.1615476906299591
250 0.16290965676307678
251 0.1619480550289154
252 0.1623552441596985
253 0.16084252297878265
254 0.16031108796596527
255 0.16090290248394012
256 0.1595209389925003
257 0.16090084612369537
258 0.16004693508148193
259 0.15869522094726562
260 0.16062507033348083
261 0.15991587936878204
262 0.157949760556221
263 0.15924528241157532
264 0.1581413298845291
265 0.1591872125864029
266 0.15931563079357147
267 0.15840621292591095
268 0.15688778460025787
269 0.15765996277332306
270 0.1581704467535019
271 0.15687070786952972
272 0.15700984001159668
273 0.15722624957561493
274 0.15583436191082
275 0.155769944190979
276 0.15656188130378723
277 0.15522176027297974
278 0.15595033764839172
279 0.15466928482055664
280 0.15635676681995392
281 0.1551828533411026
282 0.15419910848140717
283 0.15474174916744232
284 0.15412230789661407
285 0.15348519384860992
286 0.15460123121738434
287 0.15420904755592346
288 0.15445415675640106
289 0.15281693637371063
290 0.1542607694864273
291 0.15314899384975433
292 0.15354065597057343
293 0.15318921208381653
294 0.15230031311511993
295 0.15128479897975922
296 0.15169638395309448
297 0.15114477276802063
298 0.1521003395318985
299 0.15186862647533417
300 0.15161320567131042
301 0.1506042182445526
302 0.15036946535110474
303 0.15034356713294983
304 0.1502523273229599
305 0.1506815254688263
306 0.15137460827827454
307 0.15043222904205322
308 0.1495213359594345
309 0.14960990846157074
310 0.14860576391220093
311 0.1504492163658142
312 0.14869514107704163
313 0.14854560792446136
314 0.15023022890090942
315 0.1496375948190689
316 0.14854581654071808
317 0.14678911864757538
318 0.14999695122241974
319 0.1473364382982254
320 0.14727658033370972
321 0.14902256429195404
322 0.1483815312385559
323 0.1463627964258194
324 0.14698025584220886
325 0.14707951247692108
326 0.14661702513694763
327 0.14599642157554626
328 0.1463427096605301
329 0.14520291984081268
330 0.14719493687152863
331 0.14445149898529053
332 0.14535458385944366
333 0.14727917313575745
334 0.14524799585342407
335 0.1439468413591385
336 0.14546208083629608
337 0.14535941183567047
338 0.14435996115207672
339 0.14446555078029633
340 0.14364247024059296
341 0.1459505707025528
342 0.14566950500011444
343 0.1436307728290558
344 0.14437848329544067
345 0.14418970048427582
346 0.1438658982515335
347 0.14445699751377106
348 0.14251551032066345
349 0.14318811893463135
350 0.14280128479003906
351 0.14293581247329712
352 0.14421668648719788
353 0.14303217828273773
354 0.14146709442138672
355 0.14276064932346344
356 0.1420508623123169
357 0.14272379875183105
358 0.14182882010936737
359 0.14380542933940887
360 0.14200839400291443
361 0.14133305847644806
362 0.1405709981918335
363 0.14146305620670319
364 0.14187577366828918
365 0.14073702692985535
366 0.1430705487728119
367 0.14128603041172028
368 0.13975529372692108
369 0.1405276358127594
370 0.14059095084667206
371 0.14016517996788025
372 0.14005231857299805
373 0.1416504681110382
374 0.13977299630641937
375 0.13965116441249847
376 0.13973981142044067
377 0.13864658772945404
378 0.14055462181568146
379 0.13992811739444733
380 0.1377038061618805
381 0.1408074051141739
382 0.1395222544670105
383 0.13873888552188873
384 0.13881145417690277
385 0.14009320735931396
386 0.1376546025276184
387 0.13906565308570862
388 0.13957622647285461
389 0.13830353319644928
390 0.14041133224964142
391 0.13833096623420715
392 0.13814444839954376
393 0.13797086477279663
394 0.13756383955478668
395 0.13737091422080994
396 0.13800346851348877
397 0.13880608975887299
398 0.13787506520748138
399 0.13822385668754578
400 0.1376984566450119
