1 1.5500104427337646
2 1.4326838254928589
3 1.2266695499420166
4 1.209959864616394
5 1.0485820770263672
6 1.0895960330963135
7 0.9477555155754089
8 0.9883752465248108
9 0.9028077125549316
10 0.9037113785743713
11 0.8721774220466614
12 0.8071351051330566
13 0.8488946557044983
14 0.8162497282028198
15 0.7775743007659912
16 0.8097492456436157
17 0.7505847215652466
18 0.7773748636245728
19 0.7376643419265747
20 0.7482955455780029
21 0.6912789344787598
22 0.7072850465774536
23 0.6412480473518372
24 0.7015205025672913
25 0.6632251143455505
26 0.6426811814308167
27 0.6462812423706055
28 0.6303817629814148
29 0.5779658555984497
30 0.6593998074531555
31 0.5251800417900085
32 0.5774226188659668
33 0.6214345693588257
34 0.5716079473495483
35 0.6090747117996216
36 0.594287097454071
37 0.7101876735687256
38 0.5258569717407227
39 0.5487517714500427
40 0.6862822771072388
41 0.550631046295166
42 0.6386057138442993
43 0.5016680955886841
44 0.5356754064559937
45 0.5313791036605835
46 0.509914755821228
47 0.5223827362060547
48 0.5232663154602051
49 0.5439020395278931
50 0.5104460716247559
51 0.49604466557502747
52 0.4399975836277008
53 0.5623879432678223
54 0.5397433638572693
55 0.5174424648284912
56 0.6817352175712585
57 0.5077342391014099
58 0.515048623085022
59 0.47383204102516174
60 0.5419158339500427
61 0.48974114656448364
62 0.6155501008033752
63 0.49152088165283203
64 0.4911375045776367
65 0.5326344966888428
66 0.47491830587387085
67 0.4815768599510193
68 0.5090788006782532
69 0.5469345450401306
70 0.4827226996421814
71 0.4690575897693634
72 0.4236719310283661
73 0.4901001453399658
74 0.5009918808937073
75 0.47056442499160767
76 0.7133871912956238
77 0.4435117542743683
78 0.5032338500022888
79 0.46246036887168884
80 0.6260762214660645
81 0.42085888981819153
82 0.4970209300518036
83 0.43630722165107727
84 0.4030996561050415
85 0.47630754113197327
86 0.5040693283081055
87 0.3945266604423523
88 0.4649368226528168
89 0.5148406624794006
90 0.4151497185230255
91 0.5224345922470093
92 0.4277065098285675
93 0.509005069732666
94 0.4870978593826294
95 0.45547056198120117
96 0.5334973335266113
97 0.4137858748435974
98 0.4151390790939331
99 0.46745333075523376
100 0.47830474376678467
101 0.40804359316825867
102 0.4128376245498657
103 0.4584878385066986
104 0.4450373351573944
105 0.40149134397506714
106 0.4217228293418884
107 0.42052364349365234
108 0.4327908158302307
109 0.40095216035842896
110 0.41729894280433655
111 0.43991538882255554
112 0.4824364185333252
113 0.392173707485199
114 0.42372360825538635
115 0.36136168241500854
116 0.38367003202438354
117 0.41491520404815674
118 0.3634285628795624
119 0.4040706157684326
120 0.4062139093875885
121 0.4043000042438507
122 0.4366437792778015
123 0.39699238538742065
124 0.3571370542049408
125 0.4200022220611572
126 0.46886247396469116
127 0.33042681217193604
128 0.3776346445083618
129 0.3501601219177246
130 0.47326070070266724
131 0.377620130777359
132 0.33569276332855225
133 0.4326358735561371
134 0.3711816966533661
135 0.4158046245574951
136 0.3750341236591339
137 0.3736576437950134
138 0.41413119435310364
139 0.35906118154525757
140 0.35456815361976624
141 0.3411020040512085
142 0.359615683555603
143 0.4061536490917206
144 0.40179911255836487
145 0.33465176820755005
146 0.32769477367401123
147 0.354802668094635
148 0.36530962586402893
149 0.3788098394870758
150 0.3546401262283325
151 0.3889818489551544
152 0.31901004910469055
153 0.41341572999954224
154 0.31229886412620544
155 0.3578454852104187
156 0.33771243691444397
157 0.3427864909172058
158 0.36065295338630676
159 0.35313278436660767
160 0.34298691153526306
161 0.3194566071033478
162 0.38062170147895813
163 0.612610936164856
164 0.30180612206459045
165 0.3540671467781067
166 0.34081998467445374
167 0.3521166145801544
168 0.3889407515525818
169 0.3606087863445282
170 0.3208233416080475
171 0.40193986892700195
172 0.459133505821228
173 0.3336973488330841
174 0.3318762481212616
175 0.3442624509334564
176 0.3562540113925934
177 0.3486000597476959
178 0.31862398982048035
179 0.32128140330314636
180 0.41451483964920044
181 0.33580270409584045
182 0.3377528190612793
183 0.3993619680404663
184 0.33235976099967957
185 0.3489607870578766
186 0.36664843559265137
187 0.3259510397911072
188 0.34809744358062744
189 0.3406115174293518
190 0.39025890827178955
191 0.39376580715179443
192 0.324465811252594
193 0.3674848973751068
194 0.31604212522506714
195 0.3357105255126953
196 0.30632397532463074
197 0.4531240463256836
198 0.3417508900165558
199 0.30117321014404297
200 0.3645416796207428
