1 1.1736767292022705
2 1.0685912370681763
3 0.9643607139587402
4 0.8721134662628174
5 0.8015909790992737
6 0.7322905659675598
7 0.6683960556983948
8 0.6146769523620605
9 0.5738449692726135
10 0.53243088722229
11 0.4971051514148712
12 0.4629032015800476
13 0.4333043098449707
14 0.4060620069503784
15 0.38119247555732727
16 0.36028817296028137
17 0.33947139978408813
18 0.3202187120914459
19 0.30470773577690125
20 0.2914731204509735
21 0.2776825726032257
22 0.26521286368370056
23 0.2585953176021576
24 0.2456928789615631
25 0.23750846087932587
26 0.2301913946866989
27 0.2208041399717331
28 0.2171616554260254
29 0.21115253865718842
30 0.20567849278450012
31 0.19814977049827576
32 0.19404135644435883
33 0.18925833702087402
34 0.1838797777891159
35 0.18315118551254272
36 0.17852486670017242
37 0.1750289350748062
38 0.17349524796009064
39 0.16817428171634674
40 0.16641919314861298
41 0.16445600986480713
42 0.16111719608306885
43 0.15909075736999512
44 0.1542993187904358
45 0.15182797610759735
46 0.15021160244941711
47 0.15185388922691345
48 0.14643056690692902
49 0.14515537023544312
50 0.14368019998073578
51 0.14141570031642914
52 0.14030592143535614
53 0.1382828652858734
54 0.13873448967933655
55 0.13512079417705536
56 0.1353931427001953
57 0.1364605724811554
58 0.13180764019489288
59 0.13048942387104034
60 0.12731419503688812
61 0.12689192593097687
62 0.12757492065429688
63 0.12615495920181274
64 0.12382514774799347
65 0.12439492344856262
66 0.1254928857088089
67 0.12215054035186768
68 0.12131807953119278
69 0.12158432602882385
70 0.11827708780765533
71 0.11969973146915436
72 0.1183527484536171
73 0.11891205608844757
74 0.11673734337091446
75 0.11448563635349274
76 0.11544405668973923
77 0.11414505541324615
78 0.11533525586128235
79 0.11249751597642899
80 0.11090923845767975
81 0.11061199009418488
82 0.10996837913990021
83 0.1091245487332344
84 0.10972078889608383
85 0.10793409496545792
86 0.1108354702591896
87 0.1082281768321991
88 0.106651172041893
89 0.10879283398389816
90 0.105013407766819
91 0.10558750480413437
92 0.10394363850355148
93 0.10262603312730789
94 0.10355684906244278
95 0.1019110158085823
96 0.10357357561588287
97 0.10062860697507858
98 0.10364877432584763
99 0.10192843526601791
100 0.09795201569795609
101 0.10190313309431076
102 0.09902431070804596
103 0.09958922117948532
104 0.09804685413837433
105 0.1005830317735672
106 0.10005860030651093
107 0.09728041291236877
108 0.0934680923819542
109 0.09455573558807373
110 0.09722509235143661
111 0.0954582616686821
112 0.09512726962566376
113 0.0962996706366539
114 0.09327306598424911
115 0.09600938111543655
116 0.0955769494175911
117 0.0937076210975647
118 0.09446199983358383
119 0.09320266544818878
120 0.09170970320701599
121 0.09254620224237442
122 0.09338758140802383
123 0.09372209012508392
124 0.09126125276088715
125 0.09278188645839691
126 0.09093496948480606
127 0.09048167616128922
128 0.08954229950904846
129 0.09020339697599411
130 0.09028520435094833
131 0.0887184590101242
132 0.08692718297243118
133 0.09043585509061813
134 0.08896622806787491
135 0.08786074817180634
136 0.087621308863163
137 0.0879463255405426
138 0.08645126968622208
139 0.08760513365268707
140 0.0873832255601883
141 0.08575443923473358
142 0.08506538718938828
143 0.08599693328142166
144 0.0834527462720871
145 0.08369169384241104
146 0.08547180145978928
147 0.08266795426607132
148 0.08529501408338547
149 0.08609689772129059
150 0.0852627232670784
151 0.08335544914007187
152 0.08548411726951599
153 0.08351341634988785
154 0.08339038491249084
155 0.08018545806407928
156 0.0829523354768753
157 0.08226341754198074
158 0.08137597143650055
159 0.08167354017496109
160 0.08058369904756546
161 0.08185524493455887
162 0.08254788815975189
163 0.08259884268045425
164 0.08023836463689804
165 0.08064587414264679
166 0.0798628032207489
167 0.08191346377134323
168 0.08146201074123383
169 0.07984659820795059
170 0.08230593800544739
171 0.07821760326623917
172 0.07826640456914902
173 0.07737401127815247
174 0.07881723344326019
175 0.08005525916814804
176 0.07977598905563354
177 0.07946787029504776
178 0.07868433743715286
179 0.0809263363480568
180 0.07856564223766327
181 0.07648254185914993
182 0.0785556510090828
183 0.07791813462972641
184 0.07717940211296082
185 0.07844612002372742
186 0.07869618386030197
187 0.07835471630096436
188 0.07515545934438705
189 0.07585616409778595
190 0.07685987651348114
191 0.07725019007921219
192 0.07497760653495789
193 0.07330101728439331
194 0.07460528612136841
195 0.07764285802841187
196 0.07587882876396179
197 0.0774795264005661
198 0.07266046106815338
199 0.07732755690813065
200 0.07491329312324524
