1 1.8458161354064941
2 1.470062255859375
3 1.4830138683319092
4 1.338849663734436
5 1.1858371496200562
6 1.3174958229064941
7 1.2143151760101318
8 1.1722030639648438
9 1.1466667652130127
10 0.930315375328064
11 1.121278166770935
12 0.9941755533218384
13 0.9655390977859497
14 0.9004859924316406
15 1.1222269535064697
16 0.9062367677688599
17 0.940946102142334
18 0.9210091829299927
19 0.8051702976226807
20 0.9337792992591858
21 0.9852439165115356
22 1.1534008979797363
23 0.8211396336555481
24 1.1130810976028442
25 0.7463828325271606
26 0.7191131711006165
27 0.7929890751838684
28 0.7394641637802124
29 1.3583135604858398
30 0.8007626533508301
31 0.8750807642936707
32 0.8423166275024414
33 0.7715293765068054
34 0.7959523797035217
35 0.6138909459114075
36 0.8206532597541809
37 0.7230322957038879
38 1.001272439956665
39 0.5918396711349487
40 0.6906554102897644
41 0.7007075548171997
42 0.6654307842254639
43 0.625034749507904
44 0.7155339121818542
45 0.7124773263931274
46 0.6619374752044678
47 0.8256538510322571
48 0.7667654156684875
49 0.6237860918045044
50 0.6208992600440979
51 1.0995382070541382
52 0.5755652785301208
53 0.6360960006713867
54 0.5964683294296265
55 0.7006881833076477
56 0.7190571427345276
57 0.608995795249939
58 1.0237425565719604
59 0.5535112619400024
60 0.7424959540367126
61 0.6905376315116882
62 0.593511700630188
63 0.8327147960662842
64 0.7452264428138733
65 0.7778674364089966
66 0.6915580034255981
67 0.6480528712272644
68 0.6804676651954651
69 0.5723434686660767
70 0.5885264277458191
71 0.5447706580162048
72 0.5509942770004272
73 0.6550160050392151
74 0.5477692484855652
75 0.5321900248527527
76 0.652976930141449
77 0.5326690077781677
78 0.6375869512557983
79 0.5010510683059692
80 0.6121059656143188
81 0.5780362486839294
82 0.4469231367111206
83 0.5451762080192566
84 0.5648279786109924
85 0.6242678165435791
86 0.7354238033294678
87 0.5035697817802429
88 0.4863177239894867
89 0.5075758695602417
90 0.5203734636306763
91 0.5841670036315918
92 0.49488121271133423
93 0.5083760619163513
94 0.6673027276992798
95 0.5969303846359253
96 0.4916623532772064
97 0.5221071839332581
98 0.7272338271141052
99 0.6549962759017944
100 0.5494170188903809
101 0.49007096886634827
102 0.9192265272140503
103 0.5251157879829407
104 0.556098461151123
105 0.4148781895637512
106 0.6399358510971069
107 0.4529708921909332
108 0.46662285923957825
109 0.6000491976737976
110 0.7362390756607056
111 0.48161059617996216
112 0.8300681710243225
113 0.6244564056396484
114 0.5326359272003174
115 0.9814983606338501
116 0.6337305307388306
117 0.7409877181053162
118 0.5323744416236877
119 0.5270997285842896
120 0.5410448312759399
121 0.748750627040863
122 0.7383366227149963
123 0.8568504452705383
124 0.37735068798065186
125 1.4113813638687134
126 0.4739220440387726
127 0.6525657176971436
128 0.6192035675048828
129 0.45717352628707886
130 0.49887409806251526
131 0.5343356728553772
132 0.5132985711097717
133 0.46115440130233765
134 0.4956519305706024
135 0.4828503131866455
136 0.5808612704277039
137 0.5306401252746582
138 0.702778697013855
139 0.5229566693305969
140 0.5590454936027527
141 0.5191437005996704
142 0.5324996113777161
143 0.4231138825416565
144 0.9714993834495544
145 1.7122381925582886
146 0.4513463079929352
147 0.44791364669799805
148 0.614559531211853
149 0.8843358159065247
150 0.4572388529777527
151 0.4676019251346588
152 0.4878409206867218
153 0.5898690819740295
154 0.5501803159713745
155 1.0439544916152954
156 0.47595226764678955
157 1.0312893390655518
158 0.3899708092212677
159 0.8890724182128906
160 0.40036728978157043
161 0.44336432218551636
162 0.4420108199119568
163 0.5513627529144287
164 0.43665313720703125
165 0.8202369809150696
166 0.3695427179336548
167 0.4794779121875763
168 0.43071815371513367
169 0.6466056704521179
170 0.531766414642334
171 0.46898892521858215
172 0.43830734491348267
173 0.48686233162879944
174 0.46896493434906006
175 0.48124128580093384
176 0.5973048210144043
177 0.5008894205093384
178 0.7705621719360352
179 0.4271695613861084
180 0.5310541391372681
181 0.5150101780891418
182 0.48209071159362793
183 0.31025275588035583
184 0.590923011302948
185 0.8081806898117065
186 0.42383286356925964
187 0.5664644837379456
188 0.6280375123023987
189 0.7252164483070374
190 0.5337570905685425
191 0.47454336285591125
192 0.43174073100090027
193 0.5858616232872009
194 0.41816356778144836
195 0.4932628870010376
196 0.4466264545917511
197 0.530909538269043
198 0.3737960159778595
199 0.4527389705181122
200 0.5116235017776489
201 0.39813220500946045
202 0.45229965448379517
203 0.4540828466415405
204 0.520897626876831
205 0.6995398998260498
206 0.49159765243530273
207 0.5797510147094727
208 0.399457186460495
209 0.5114220380783081
210 0.4970109462738037
211 0.4214528501033783
212 0.38361725211143494
213 0.5059168934822083
214 0.687222421169281
215 0.38704603910446167
216 0.6854210495948792
217 0.45723381638526917
218 0.42692798376083374
219 0.40018483996391296
220 1.168982744216919
221 0.40603581070899963
222 0.47478216886520386
223 0.6477479338645935
224 0.4592469036579132
225 0.5777266025543213
226 0.49423977732658386
227 0.4670732617378235
228 0.5057915449142456
229 0.7699716687202454
230 0.35906535387039185
231 0.4661276340484619
232 1.090968132019043
233 0.5423566699028015
234 1.1251294612884521
235 0.3497086465358734
236 0.5451866388320923
237 0.474550724029541
238 0.8173488974571228
239 0.5160087943077087
240 0.4438890814781189
241 0.37998902797698975
242 0.6031702756881714
243 0.4921187162399292
244 0.5073244571685791
245 0.6393662691116333
246 0.5236930847167969
247 0.44873762130737305
248 1.7132583856582642
249 0.3059503436088562
250 0.48029303550720215
251 1.5235422849655151
252 0.36329346895217896
253 0.4000360071659088
254 0.40798473358154297
255 0.6493987441062927
256 0.44220733642578125
257 0.40818557143211365
258 0.45706453919410706
259 0.37585389614105225
260 0.44678857922554016
261 0.5601618885993958
262 0.6054770350456238
263 0.43248334527015686
264 0.4640929400920868
265 0.45580485463142395
266 0.4062767028808594
267 0.3514701724052429
268 0.4879911243915558
269 0.5327943563461304
270 0.3816855251789093
271 0.7119097113609314
272 0.3307666778564453
273 0.5365620851516724
274 0.699984073638916
275 0.9806894659996033
276 0.4595978558063507
277 0.5338565111160278
278 0.3728267252445221
279 0.505927324295044
280 0.566230833530426
281 1.0640766620635986
282 0.34317076206207275
283 0.39482954144477844
284 0.42916369438171387
285 0.36887824535369873
286 0.4285290837287903
287 0.5438447594642639
288 0.4992201030254364
289 0.33999553322792053
290 0.5445311665534973
291 2.4450490474700928
292 0.6918097138404846
293 0.3085353374481201
294 0.8957661390304565
295 0.324949711561203
296 0.318148672580719
297 0.86323082447052
298 1.6784863471984863
299 0.5427939295768738
300 0.38550737500190735
301 0.5205127000808716
302 0.5053181648254395
303 0.4893714189529419
304 0.5032897591590881
305 0.3648914098739624
306 0.3811441659927368
307 1.2276597023010254
308 0.41371408104896545
309 0.46168404817581177
310 0.3955541253089905
311 0.3587774634361267
312 0.8167361617088318
313 0.6783970594406128
314 0.5289173722267151
315 0.36419013142585754
316 0.7848273515701294
317 0.4630246162414551
318 0.414019376039505
319 0.4613242745399475
320 0.42658770084381104
321 0.3060328960418701
322 0.35560527443885803
323 0.8681190013885498
324 0.3202005624771118
325 0.503836989402771
326 0.47008857131004333
327 0.493354856967926
328 0.36614876985549927
329 0.4271325170993805
330 0.47023722529411316
331 0.5693281888961792
332 0.6199943423271179
333 0.44520753622055054
334 0.5880759954452515
335 0.5945669412612915
336 0.6116945147514343
337 0.35700976848602295
338 0.48921844363212585
339 0.43240219354629517
340 0.5029905438423157
341 0.44924449920654297
342 1.0887420177459717
343 0.43758225440979004
344 0.7622700929641724
345 0.8550199270248413
346 0.5839018225669861
347 1.7078945636749268
348 0.3390299677848816
349 0.42666926980018616
350 0.395643413066864
351 0.39932456612586975
352 0.4322921335697174
353 0.5126897096633911
354 0.5711368322372437
355 0.5382601618766785
356 0.34160447120666504
357 0.9412715435028076
358 0.6919078230857849
359 0.372998982667923
360 0.33584675192832947
361 0.6414691209793091
362 0.4452579915523529
363 0.33270224928855896
364 0.6008737087249756
365 0.4395376145839691
366 0.5216771960258484
367 0.524797797203064
368 0.3537837862968445
369 0.43189141154289246
370 0.2982783913612366
371 0.43299832940101624
372 0.3820924460887909
373 0.5707723498344421
374 0.5877709984779358
375 0.8461252450942993
376 0.3387402892112732
377 0.3989846706390381
378 1.5144227743148804
379 0.4443953037261963
380 0.6770817041397095
381 1.0384697914123535
382 0.41155633330345154
383 0.46106648445129395
384 0.3186570107936859
385 0.3970443606376648
386 0.7210443019866943
387 0.49778982996940613
388 0.3576910197734833
389 0.586491584777832
390 0.763110339641571
391 0.46739661693573
392 0.4884606599807739
393 0.3849520981311798
394 0.30747348070144653
395 0.6271876096725464
396 1.407934308052063
397 1.046942114830017
398 0.40389227867126465
399 0.814212441444397
400 0.45676085352897644
