1 1.3883625268936157
2 1.0444650650024414
3 0.881267786026001
4 0.8625860214233398
5 0.8819704651832581
6 0.8475736975669861
7 0.8318678140640259
8 0.8141412138938904
9 0.8217192888259888
10 0.7465064525604248
11 0.7745361924171448
12 0.7235984802246094
13 0.8244075179100037
14 0.8216565251350403
15 0.8030628561973572
16 0.6968848705291748
17 0.7201247215270996
18 0.7945546507835388
19 0.6985656023025513
20 0.6779283285140991
21 0.7344266772270203
22 0.773531973361969
23 0.7823973298072815
24 0.7284510135650635
25 0.7784432172775269
26 0.7309930324554443
27 0.691105306148529
28 0.6620542407035828
29 0.6919506788253784
30 0.7685297727584839
31 0.7571841478347778
32 0.6838323473930359
33 0.7987156510353088
34 0.7219820022583008
35 0.7059277892112732
36 0.7054054141044617
37 0.7167044878005981
38 0.8851370811462402
39 0.7018988132476807
40 0.6820748448371887
41 0.7337988615036011
42 0.6882495880126953
43 0.7600940465927124
44 0.8298853039741516
45 0.7871832847595215
46 0.7719177603721619
47 0.6611330509185791
48 0.7990390658378601
49 0.8129061460494995
50 0.865713894367218
51 0.7323166131973267
52 0.7066892385482788
53 0.7067074775695801
54 0.7623813152313232
55 0.6983264684677124
56 0.764305591583252
57 0.7240911722183228
58 0.687340497970581
59 0.7474287152290344
60 0.7274207472801208
61 0.6988070607185364
62 0.719276487827301
63 0.6885660886764526
64 0.6863903403282166
65 0.8669242262840271
66 0.795473039150238
67 0.7038038969039917
68 0.7229424118995667
69 0.7700728178024292
70 0.6894498467445374
71 0.8193600177764893
72 0.7363826036453247
73 0.7505360841751099
74 0.953551173210144
75 0.7998758554458618
76 0.706443190574646
77 0.70538330078125
78 0.7149120569229126
79 0.7692555785179138
80 0.6769841313362122
81 0.6917023658752441
82 0.7061681747436523
83 0.6586635112762451
84 0.716191291809082
85 0.7400110363960266
86 0.7835639119148254
87 0.7984539270401001
88 0.7020999789237976
89 0.7247929573059082
90 0.7063775062561035
91 1.8743962049484253
92 2.0843851566314697
93 1.3474512100219727
94 1.0939280986785889
95 0.9803468585014343
96 1.3044524192810059
97 3.5751147270202637
98 2.0533392429351807
99 1.5473748445510864
100 1.4624371528625488
101 1.3486937284469604
102 1.3858140707015991
103 1.0193756818771362
104 1.1515811681747437
105 1.1417356729507446
106 1.2446362972259521
107 0.8472487926483154
108 1.0993250608444214
109 0.991483747959137
110 0.9435532093048096
111 1.0708272457122803
112 1.0398931503295898
113 1.0725650787353516
114 0.9790404438972473
115 1.0624160766601562
116 1.148158073425293
117 0.9711448550224304
118 1.1037482023239136
119 0.9263720512390137
120 1.003777265548706
121 1.1953303813934326
122 1.0295532941818237
123 1.1492241621017456
124 0.8414694666862488
125 0.9299996495246887
126 0.896945595741272
127 1.1345033645629883
128 1.0702173709869385
129 0.9333828687667847
130 0.9129838347434998
131 1.063230037689209
132 0.946792483329773
133 1.1144020557403564
134 1.0301666259765625
135 0.9441172480583191
136 1.0531940460205078
137 1.241150975227356
138 0.8993244171142578
139 1.0719623565673828
140 0.8980459570884705
141 1.200952172279358
142 0.9441866278648376
143 0.9875919818878174
144 0.9644290804862976
145 0.9010698795318604
146 1.2007139921188354
147 1.2347794771194458
148 0.9217888116836548
149 1.1509870290756226
150 0.9340839385986328
151 1.1922622919082642
152 1.1210576295852661
153 1.0572030544281006
154 1.096177577972412
155 0.8550308346748352
156 0.9015457034111023
157 0.8532536625862122
158 0.9266023635864258
159 0.9993433356285095
160 1.2582842111587524
161 1.313865303993225
162 0.8200949430465698
163 1.4146708250045776
164 1.2111456394195557
165 1.059348464012146
166 0.9046365022659302
167 0.9293122887611389
168 0.8461440205574036
169 1.116406798362732
170 1.1438766717910767
171 1.2732752561569214
172 0.9533642530441284
173 0.8691486716270447
174 1.048546314239502
175 0.8446760773658752
176 0.9526684880256653
177 1.9932489395141602
178 1.164038896560669
179 0.9846338629722595
180 4.086373329162598
181 2.1082568168640137
182 1.7926701307296753
183 1.6593462228775024
184 1.1632163524627686
185 1.4071437120437622
186 1.4197736978530884
187 1.1857579946517944
188 1.2909399271011353
189 1.360682487487793
190 1.6458535194396973
191 1.1238852739334106
192 1.4988099336624146
193 1.0497018098831177
194 1.007129430770874
195 1.170038104057312
196 1.1493911743164062
197 1.257049798965454
198 1.2670009136199951
199 1.1177597045898438
200 1.2492674589157104
201 1.0686436891555786
202 1.0137728452682495
203 1.340612769126892
204 1.2223894596099854
205 1.252623200416565
206 1.148419976234436
207 1.0552740097045898
208 1.0827611684799194
209 1.0915120840072632
210 1.4581294059753418
211 1.0414780378341675
212 1.275105357170105
213 1.001031756401062
214 1.0395234823226929
215 1.2878137826919556
216 1.3978078365325928
217 1.1824145317077637
218 1.1605616807937622
219 1.1552168130874634
220 1.7876434326171875
221 1.2015573978424072
222 1.1750750541687012
223 1.324119210243225
224 1.0311719179153442
225 2.3759355545043945
226 1.1273179054260254
227 1.0472180843353271
228 1.1350845098495483
229 1.1784435510635376
230 1.374663233757019
231 2.024482250213623
232 1.5257911682128906
233 1.0473895072937012
234 1.2231934070587158
235 1.1152228116989136
236 1.4532667398452759
237 1.1137144565582275
238 1.1432749032974243
239 1.4219343662261963
240 1.0283070802688599
241 1.289902687072754
242 1.3273003101348877
243 0.9512410163879395
244 1.4689608812332153
245 1.615625262260437
246 1.153010606765747
247 1.0295252799987793
248 1.1448543071746826
249 1.1147843599319458
250 1.0621817111968994
251 1.3589932918548584
252 1.6322969198226929
253 1.6260367631912231
254 2.446774959564209
255 2.518843412399292
256 1.9714292287826538
257 2.0701956748962402
258 1.4370627403259277
259 1.259964108467102
260 1.2489283084869385
261 0.9721387624740601
262 1.2213486433029175
263 1.0990538597106934
264 1.024281620979309
265 1.1042664051055908
266 0.9718628525733948
267 1.1882926225662231
268 0.9086578488349915
269 1.0999722480773926
270 1.204770565032959
271 1.3465197086334229
272 0.990220308303833
273 0.9845040440559387
274 1.0580257177352905
275 1.1375564336776733
276 1.238326907157898
277 1.3932064771652222
278 1.1004209518432617
279 1.0263839960098267
280 1.3962318897247314
281 1.3663649559020996
282 1.2695789337158203
283 1.030338168144226
284 1.170391321182251
285 1.3850857019424438
286 1.2428535223007202
287 1.0749883651733398
288 1.446442723274231
289 0.9709330797195435
290 1.1499390602111816
291 1.172356128692627
292 1.2034516334533691
293 1.1359443664550781
294 1.2624746561050415
295 1.0856239795684814
296 1.2817957401275635
297 1.1156259775161743
298 1.3667781352996826
299 1.316341757774353
300 1.0852317810058594
301 1.290071964263916
302 1.4502904415130615
303 1.1973921060562134
304 1.1578006744384766
305 1.0907536745071411
306 1.5938565731048584
307 1.7073769569396973
308 1.5325721502304077
309 1.1508103609085083
310 1.1426445245742798
311 1.102183222770691
312 1.2904239892959595
313 1.3925708532333374
314 1.2462172508239746
315 1.1686457395553589
316 1.1622012853622437
317 1.0804202556610107
318 0.931395947933197
319 1.2086234092712402
320 1.2335697412490845
321 1.2907968759536743
322 1.2229294776916504
323 1.3122485876083374
324 1.3379628658294678
325 1.273635745048523
326 0.9934861063957214
327 1.5504932403564453
328 0.9611613750457764
329 1.1055032014846802
330 1.105041742324829
331 1.5755401849746704
332 0.9674235582351685
333 1.3403499126434326
334 1.0417596101760864
335 1.1695657968521118
336 1.3552931547164917
337 2.299644708633423
338 1.637821912765503
339 1.2753779888153076
340 1.1130456924438477
341 1.091376781463623
342 1.1547614336013794
343 1.2044028043746948
344 1.1446349620819092
345 1.0666513442993164
346 1.1055067777633667
347 1.5011284351348877
348 1.7671642303466797
349 1.3556684255599976
350 1.2133008241653442
351 1.1935534477233887
352 1.033622145652771
353 1.1417597532272339
354 1.3006603717803955
355 1.434105634689331
356 1.5999062061309814
357 1.4510245323181152
358 1.2218700647354126
359 1.6594219207763672
360 1.7050563097000122
361 1.6177375316619873
362 1.450163722038269
363 1.1145004034042358
364 1.101904034614563
365 1.105792760848999
366 1.0482769012451172
367 1.1453123092651367
368 1.1072051525115967
369 1.0202733278274536
370 1.0238651037216187
371 1.2982124090194702
372 1.6419051885604858
373 1.3029731512069702
374 1.2622034549713135
375 1.1411268711090088
376 1.1066408157348633
377 1.3381667137145996
378 0.9349735379219055
379 1.2322382926940918
380 1.0634053945541382
381 1.2117201089859009
382 1.357336163520813
383 1.2513924837112427
384 1.7090421915054321
385 1.365895390510559
386 1.0451756715774536
387 1.3547393083572388
388 1.8255772590637207
389 1.343881368637085
390 1.5149623155593872
391 1.2484463453292847
392 1.1017088890075684
393 1.4183096885681152
394 1.1437655687332153
395 1.1541372537612915
396 1.1520168781280518
397 1.183637022972107
398 0.9579899311065674
399 0.9449315071105957
400 1.1307865381240845
