1 1.0696154832839966
2 0.8131487965583801
3 0.6774051785469055
4 0.6022701859474182
5 0.5434627532958984
6 0.5032381415367126
7 0.46637973189353943
8 0.4125249981880188
9 0.3648100793361664
10 0.3227834701538086
11 0.28812241554260254
12 0.29144829511642456
13 0.27863171696662903
14 0.2573181688785553
15 0.20841912925243378
16 0.2391335815191269
17 0.2175540179014206
18 0.21292729675769806
19 0.23365579545497894
20 0.1944689154624939
21 0.2102571278810501
22 0.2062622755765915
23 0.17061975598335266
24 0.1819334626197815
25 0.1611356884241104
26 0.19661445915699005
27 0.20085440576076508
28 0.15569226443767548
29 0.19404426217079163
30 0.1744493991136551
31 0.1590036004781723
32 0.16572751104831696
33 0.14972223341464996
34 0.1512903869152069
35 0.1530609428882599
36 0.20143279433250427
37 0.1793660670518875
38 0.13894760608673096
39 0.13834688067436218
40 0.13226249814033508
41 0.17778253555297852
42 0.15305791795253754
43 0.15737368166446686
44 0.1743411272764206
45 0.1287856251001358
46 0.14814616739749908
47 0.13527706265449524
48 0.12841998040676117
49 0.1771346628665924
50 0.1359618753194809
51 0.1536841094493866
52 0.13220851123332977
53 0.13281571865081787
54 0.13080483675003052
55 0.128077894449234
56 0.11991049349308014
57 0.15504877269268036
58 0.11856631934642792
59 0.14145927131175995
60 0.13909491896629333
61 0.12984348833560944
62 0.12088873237371445
63 0.1912117302417755
64 0.15194860100746155
65 0.1262570172548294
66 0.1289345771074295
67 0.12265925854444504
68 0.13053448498249054
69 0.11422587186098099
70 0.1786092072725296
71 0.11875885725021362
72 0.11527497321367264
73 0.11698209494352341
74 0.1241782084107399
75 0.15295951068401337
76 0.114097461104393
77 0.13786059617996216
78 0.1718437522649765
79 0.11127930134534836
80 0.12227410823106766
81 0.13376198709011078
82 0.11720704287290573
83 0.13481737673282623
84 0.12195278704166412
85 0.11731275171041489
86 0.13548655807971954
87 0.14478033781051636
88 0.1060614138841629
89 0.11926742643117905
90 0.10014604777097702
91 0.11886531114578247
92 0.1325870007276535
93 0.09541313350200653
94 0.1175910234451294
95 0.12195248156785965
96 0.12786822021007538
97 0.15314574539661407
98 0.10840023308992386
99 0.10355796664953232
100 0.11380456387996674
101 0.12914901971817017
102 0.12021555006504059
103 0.1017041951417923
104 0.1153862401843071
105 0.10175318270921707
106 0.12169788032770157
107 0.11756884306669235
108 0.13103830814361572
109 0.10324409604072571
110 0.0991823822259903
111 0.11178558319807053
112 0.14740487933158875
113 0.09996707737445831
114 0.0916648656129837
115 0.12050985544919968
116 0.13247278332710266
117 0.12476859241724014
118 0.11539889872074127
119 0.1078265979886055
120 0.1114177405834198
121 0.1143772155046463
122 0.10820499062538147
123 0.11534219235181808
124 0.10911479592323303
125 0.09992628544569016
126 0.10330883413553238
127 0.11541055142879486
128 0.14000993967056274
129 0.12414716184139252
130 0.10709031671285629
131 0.1301148384809494
132 0.10717004537582397
133 0.10392789542675018
134 0.09435926377773285
135 0.0945345088839531
136 0.12629279494285583
137 0.10958928614854813
138 0.1145630031824112
139 0.10837528854608536
140 0.09537415206432343
141 0.12763014435768127
142 0.10464206337928772
143 0.12254294008016586
144 0.09261147677898407
145 0.117972232401371
146 0.11951804161071777
147 0.08699999749660492
148 0.10254086554050446
149 0.09978054463863373
150 0.09127622842788696
151 0.0990222916007042
152 0.10983286052942276
153 0.11051194369792938
154 0.09013653546571732
155 0.08390780538320541
156 0.1007843092083931
157 0.11624449491500854
158 0.07936683297157288
159 0.09542316198348999
160 0.13964881002902985
161 0.09152969717979431
162 0.09910688549280167
163 0.11735589802265167
164 0.12381993979215622
165 0.09464406222105026
166 0.08990452438592911
167 0.09875858575105667
168 0.10257476568222046
169 0.09360190480947495
170 0.09541343152523041
171 0.09062202274799347
172 0.10202915221452713
173 0.10234303027391434
174 0.12321218103170395
175 0.09642107039690018
176 0.09399192780256271
177 0.1090446263551712
178 0.08662310242652893
179 0.09141722321510315
180 0.13570484519004822
181 0.08913427591323853
182 0.08162418007850647
183 0.10245588421821594
184 0.09721340239048004
185 0.09787308424711227
186 0.10700123012065887
187 0.10288935154676437
188 0.0996498316526413
189 0.11267754435539246
190 0.10201002657413483
191 0.08958318829536438
192 0.09057711064815521
193 0.09328161925077438
194 0.12038131058216095
195 0.08689263463020325
196 0.1198265552520752
197 0.0901307463645935
198 0.08088300377130508
199 0.10028591752052307
200 0.1244722232222557
201 0.0910753607749939
202 0.09711303561925888
203 0.11592092365026474
204 0.09635051339864731
205 0.09426980465650558
206 0.09002455323934555
207 0.10129281133413315
208 0.07863359153270721
209 0.09644277393817902
210 0.09883040189743042
211 0.09453938156366348
212 0.09541770070791245
213 0.09208221733570099
214 0.10035702586174011
215 0.12065485119819641
216 0.15109077095985413
217 0.08300282061100006
218 0.07970278710126877
219 0.10017740726470947
220 0.11165405809879303
221 0.09630881994962692
222 0.0863032117486
223 0.10287375748157501
224 0.08551332354545593
225 0.11397301405668259
226 0.07784067094326019
227 0.10004821419715881
228 0.07808110117912292
229 0.08521828800439835
230 0.09053083509206772
231 0.08697570115327835
232 0.08180057257413864
233 0.09731259196996689
234 0.07900942116975784
235 0.10627386718988419
236 0.10832970589399338
237 0.07553460448980331
238 0.09648481011390686
239 0.09124430269002914
240 0.08760566264390945
241 0.1260920912027359
242 0.08399106562137604
243 0.11737454682588577
244 0.08625645935535431
245 0.090131014585495
246 0.07409890741109848
247 0.09431888163089752
248 0.08709607273340225
249 0.08986570686101913
250 0.07712670415639877
251 0.11226712167263031
252 0.08672996610403061
253 0.09656926244497299
254 0.10080855339765549
255 0.06801851838827133
256 0.12082342058420181
257 0.07526108622550964
258 0.07513484358787537
259 0.10891216993331909
260 0.09408633410930634
261 0.10743308067321777
262 0.1144789606332779
263 0.08602321147918701
264 0.0838494524359703
265 0.08437614142894745
266 0.10211122781038284
267 0.08201698213815689
268 0.08823515474796295
269 0.08101072162389755
270 0.08350309729576111
271 0.09182468056678772
272 0.10436249524354935
273 0.09205663204193115
274 0.08473867923021317
275 0.08143340051174164
276 0.09056095778942108
277 0.09834960848093033
278 0.0956210196018219
279 0.09266654402017593
280 0.08082319051027298
281 0.08465360850095749
282 0.09899598360061646
283 0.06727135181427002
284 0.08763428032398224
285 0.08971479535102844
286 0.1096886396408081
287 0.07609863579273224
288 0.06706027686595917
289 0.11025173217058182
290 0.08402827382087708
291 0.08353493362665176
292 0.09235618263483047
293 0.09938623011112213
294 0.08139584213495255
295 0.09680556505918503
296 0.09293073415756226
297 0.09368562698364258
298 0.09075086563825607
299 0.11390073597431183
300 0.08285856992006302
301 0.07456592470407486
302 0.06990757584571838
303 0.08794918656349182
304 0.11044953763484955
305 0.07196205109357834
306 0.1013944000005722
307 0.08982540667057037
308 0.07648926973342896
309 0.06972925364971161
310 0.08835034817457199
311 0.0818200632929802
312 0.09324540942907333
313 0.10337268561124802
314 0.07152628153562546
315 0.07247321307659149
316 0.08567805588245392
317 0.07718732953071594
318 0.08586958795785904
319 0.07779073715209961
320 0.09060382843017578
321 0.09778181463479996
322 0.08430467545986176
323 0.09982433170080185
324 0.08351735025644302
325 0.07404768466949463
326 0.08386828750371933
327 0.08371730148792267
328 0.08812709897756577
329 0.0854358971118927
330 0.08613850176334381
331 0.08100415766239166
332 0.08429034054279327
333 0.07414013147354126
334 0.0734836608171463
335 0.09220719337463379
336 0.08210185170173645
337 0.09274062514305115
338 0.07230063527822495
339 0.09395328909158707
340 0.12313327193260193
341 0.10591620951890945
342 0.06737977266311646
343 0.07191657274961472
344 0.07696380466222763
345 0.07893256843090057
346 0.08097245544195175
347 0.06896861642599106
348 0.08864311128854752
349 0.08521205186843872
350 0.08914624154567719
351 0.10399357974529266
352 0.06654946506023407
353 0.08895983546972275
354 0.08526331931352615
355 0.07923072576522827
356 0.10538288950920105
357 0.07447151839733124
358 0.08349693566560745
359 0.09703406691551208
360 0.06951680034399033
361 0.07536941021680832
362 0.08581376820802689
363 0.09718438982963562
364 0.08306766301393509
365 0.07229755818843842
366 0.0927356630563736
367 0.08653602749109268
368 0.07240013778209686
369 0.08830749243497849
370 0.07254636287689209
371 0.08599558472633362
372 0.07236610352993011
373 0.07865671813488007
374 0.09199808537960052
375 0.07448392361402512
376 0.104635089635849
377 0.07107923179864883
378 0.0844060406088829
379 0.08416677266359329
380 0.06727201491594315
381 0.06750407814979553
382 0.08235512673854828
383 0.08349845558404922
384 0.0757061019539833
385 0.07438995689153671
386 0.0913502499461174
387 0.11936488002538681
388 0.06678862869739532
389 0.07115296274423599
390 0.0749737098813057
391 0.07566501200199127
392 0.0971807911992073
393 0.06843902170658112
394 0.07254554331302643
395 0.06782934814691544
396 0.08144856989383698
397 0.07352786511182785
398 0.08746154606342316
399 0.08043725043535233
400 0.07752402126789093
401 0.06951552629470825
402 0.07415209710597992
403 0.07537155598402023
404 0.09324630349874496
405 0.0645790696144104
406 0.08293797075748444
407 0.08209451287984848
408 0.09064152091741562
409 0.08724615722894669
410 0.08455061912536621
411 0.11311507225036621
412 0.09384912997484207
413 0.0715751051902771
414 0.06482847779989243
415 0.08723419904708862
416 0.060648396611213684
417 0.11166074872016907
418 0.0729747787117958
419 0.07135419547557831
420 0.072642482817173
421 0.06972076743841171
422 0.09845071285963058
423 0.10224053263664246
424 0.06868241727352142
425 0.0624188557267189
426 0.06545736640691757
427 0.061809077858924866
428 0.07973890006542206
429 0.07264383882284164
430 0.07683604210615158
431 0.07475776970386505
432 0.08854493498802185
433 0.07289652526378632
434 0.08033142983913422
435 0.07978212833404541
436 0.07675700634717941
437 0.0747489258646965
438 0.06693965196609497
439 0.11791692674160004
440 0.0739172101020813
441 0.0723806619644165
442 0.06348130106925964
443 0.06705876439809799
444 0.07161097228527069
445 0.08278568089008331
446 0.10377222299575806
447 0.09141857922077179
448 0.07213488966226578
449 0.06876035779714584
450 0.06471586972475052
451 0.09217238426208496
452 0.07582098245620728
453 0.06205575540661812
454 0.07805349677801132
455 0.0936572477221489
456 0.07057277858257294
457 0.06248147040605545
458 0.09734388440847397
459 0.07633364200592041
460 0.07788397371768951
461 0.0638609454035759
462 0.07083533704280853
463 0.07289385050535202
464 0.08706323057413101
465 0.06147059425711632
466 0.07964936643838882
467 0.07522988319396973
468 0.06923739612102509
469 0.07318944483995438
470 0.08669709414243698
471 0.06732125580310822
472 0.09438330680131912
473 0.07019083946943283
474 0.06909666210412979
475 0.0752674788236618
476 0.07017555087804794
477 0.05817084014415741
478 0.0774201825261116
479 0.09354210644960403
480 0.08954135328531265
481 0.06355270743370056
482 0.07594271749258041
483 0.08353736996650696
484 0.07192052155733109
485 0.06794990599155426
486 0.08061598241329193
487 0.07945571094751358
488 0.07354540377855301
489 0.0783495381474495
490 0.062254589051008224
491 0.07370808720588684
492 0.06304480135440826
493 0.08556678891181946
494 0.07970025390386581
495 0.06947945058345795
496 0.07557261735200882
497 0.07317984104156494
498 0.0765092521905899
499 0.08104953914880753
500 0.07642559707164764
501 0.08186588436365128
502 0.07592803239822388
503 0.08719005435705185
504 0.06088154762983322
505 0.06988172978162766
506 0.0681343525648117
507 0.09083516150712967
508 0.08655156195163727
509 0.0685935765504837
510 0.06676556915044785
511 0.09076907485723495
512 0.06535559147596359
513 0.07818100601434708
514 0.08389485627412796
515 0.06578199565410614
516 0.0750269964337349
517 0.06810196489095688
518 0.06780354678630829
519 0.08817420899868011
520 0.07275281101465225
521 0.06477007269859314
522 0.0777406245470047
523 0.07110065966844559
524 0.08861597627401352
525 0.08159922063350677
526 0.07655797898769379
527 0.07379011809825897
528 0.06418657302856445
529 0.08022670447826385
530 0.07221867889165878
531 0.06260435283184052
532 0.07332546263933182
533 0.07026027888059616
534 0.06267353147268295
535 0.08278634399175644
536 0.07645177841186523
537 0.06879289448261261
538 0.06656919419765472
539 0.0724274218082428
540 0.06854306906461716
541 0.08509601652622223
542 0.07483118772506714
543 0.07707918435335159
544 0.06980491429567337
545 0.0829106867313385
546 0.08358579874038696
547 0.07516017556190491
548 0.06708945333957672
549 0.07478322833776474
550 0.06514441967010498
551 0.1116040050983429
552 0.0659513771533966
553 0.0720597505569458
554 0.08340496569871902
555 0.08070379495620728
556 0.06946486979722977
557 0.06874426454305649
558 0.06725316494703293
559 0.07247968763113022
560 0.07571718841791153
561 0.06544104963541031
562 0.06099070608615875
563 0.0903516560792923
564 0.061993587762117386
565 0.07450662553310394
566 0.09524184465408325
567 0.05899892374873161
568 0.05256760120391846
569 0.0739520713686943
570 0.07780502736568451
571 0.07063786685466766
572 0.07548444718122482
573 0.06731459498405457
574 0.06413266062736511
575 0.08967144787311554
576 0.06688495725393295
577 0.09283560514450073
578 0.09881161898374557
579 0.07118144631385803
580 0.06938698142766953
581 0.06734582036733627
582 0.0798424482345581
583 0.10304564982652664
584 0.05555197596549988
585 0.06224904581904411
586 0.07376068085432053
587 0.07169841974973679
588 0.06745339184999466
589 0.0716065764427185
590 0.06740418076515198
591 0.06681933254003525
592 0.07697046548128128
593 0.07990202307701111
594 0.06484323740005493
595 0.07269361615180969
596 0.06000359356403351
597 0.0725504457950592
598 0.07048055529594421
599 0.0675574317574501
600 0.08561747521162033
601 0.06197671219706535
602 0.06681835651397705
603 0.07221172749996185
604 0.06583990901708603
605 0.07105251401662827
606 0.07520440220832825
607 0.07305371016263962
608 0.06964018940925598
609 0.09097010642290115
610 0.07044544070959091
611 0.0662371963262558
612 0.06875783950090408
613 0.07202505320310593
614 0.067451611161232
615 0.07076667249202728
616 0.07452675700187683
617 0.07280511409044266
618 0.06477019190788269
619 0.06408628821372986
620 0.07477129995822906
621 0.08507805317640305
622 0.06218120455741882
623 0.07286006957292557
624 0.06641550362110138
625 0.09037631005048752
626 0.06513673067092896
627 0.06931951642036438
628 0.06252439320087433
629 0.054520297795534134
630 0.07985025644302368
631 0.09916902333498001
632 0.0680677592754364
633 0.07259152084589005
634 0.0641205832362175
635 0.064740851521492
636 0.07327736914157867
637 0.0747089684009552
638 0.06720215827226639
639 0.09075801819562912
640 0.07049933075904846
641 0.057634178549051285
642 0.06690505146980286
643 0.06988519430160522
644 0.05830830708146095
645 0.08077218383550644
646 0.07979047298431396
647 0.06747893989086151
648 0.05488993972539902
649 0.06673657149076462
650 0.07169867306947708
651 0.06528899073600769
652 0.07787773013114929
653 0.06746885925531387
654 0.0773390457034111
655 0.0660756304860115
656 0.06323803961277008
657 0.05531778559088707
658 0.05974643677473068
659 0.06339983642101288
660 0.06868312507867813
661 0.07373695820569992
662 0.0663401409983635
663 0.09568552672863007
664 0.07052510231733322
665 0.07313594967126846
666 0.07670873403549194
667 0.07135872542858124
668 0.07970400899648666
669 0.07575233280658722
670 0.07840672135353088
671 0.08060552179813385
672 0.05898508429527283
673 0.06024777516722679
674 0.0885850340127945
675 0.08564510941505432
676 0.05691472440958023
677 0.0712103545665741
678 0.061549194157123566
679 0.08708903193473816
680 0.08803197741508484
681 0.0692257434129715
682 0.06622392684221268
683 0.06803467124700546
684 0.08126825839281082
685 0.07467558234930038
686 0.10991886258125305
687 0.07245421409606934
688 0.069952093064785
689 0.09706937521696091
690 0.05335359647870064
691 0.05463070794939995
692 0.05815863236784935
693 0.06640489399433136
694 0.05412391200661659
695 0.056221213191747665
696 0.05829733982682228
697 0.06203063577413559
698 0.09074616432189941
699 0.061866458505392075
700 0.06251981109380722
701 0.07919484376907349
702 0.056252576410770416
703 0.06447496265172958
704 0.07492978870868683
705 0.07895442098379135
706 0.0680251345038414
707 0.07317214459180832
708 0.06092754378914833
709 0.0860472247004509
710 0.061363335698843
711 0.06042478606104851
712 0.05886644497513771
713 0.10113926231861115
714 0.08091422915458679
715 0.06340529769659042
716 0.06584500521421432
717 0.06742312759160995
718 0.06630063056945801
719 0.05707443878054619
720 0.06524453312158585
721 0.06490052491426468
722 0.07934501767158508
723 0.07468350231647491
724 0.07419195771217346
725 0.06439176201820374
726 0.061517275869846344
727 0.06824883073568344
728 0.05445415899157524
729 0.10048942267894745
730 0.09794691950082779
731 0.07877699285745621
732 0.06577315181493759
733 0.07230305671691895
734 0.06665673851966858
735 0.0673697367310524
736 0.06354660540819168
737 0.057982221245765686
738 0.07130061089992523
739 0.07050537317991257
740 0.0789104551076889
741 0.0675792545080185
742 0.06444508582353592
743 0.07067646831274033
744 0.06182306632399559
745 0.055883560329675674
746 0.07163303345441818
747 0.0635378509759903
748 0.06281901895999908
749 0.082682766020298
750 0.06909722834825516
751 0.07171478122472763
752 0.06913045793771744
753 0.05684949830174446
754 0.06487374752759933
755 0.08145025372505188
756 0.07057269662618637
757 0.06901872158050537
758 0.07253304868936539
759 0.06750940531492233
760 0.05712049454450607
761 0.07202418148517609
762 0.08674444258213043
763 0.06870508939027786
764 0.05686219409108162
765 0.055509865283966064
766 0.07167521119117737
767 0.0745711475610733
768 0.07092367857694626
769 0.07060451060533524
770 0.07154697924852371
771 0.06806126981973648
772 0.0732957050204277
773 0.06829167902469635
774 0.05453219637274742
775 0.0582805760204792
776 0.05935259908437729
777 0.11266687512397766
778 0.06000912934541702
779 0.0707998126745224
780 0.058437786996364594
781 0.06245231255888939
782 0.06129031255841255
783 0.06924623996019363
784 0.07302507758140564
785 0.05786074325442314
786 0.06969572603702545
787 0.05901731923222542
788 0.08329359441995621
789 0.05552557483315468
790 0.06688655912876129
791 0.07351952791213989
792 0.07976345717906952
793 0.07824137061834335
794 0.06805595755577087
795 0.06009955331683159
796 0.06622453778982162
797 0.08221657574176788
798 0.05681154876947403
799 0.05152034014463425
800 0.09938356280326843
