1 1.044257402420044
2 0.7324864864349365
3 0.5608996152877808
4 0.44911378622055054
5 0.36406460404396057
6 0.3099094331264496
7 0.2970969080924988
8 0.23920908570289612
9 0.25073063373565674
10 0.22886456549167633
11 0.21255752444267273
12 0.19883166253566742
13 0.19281421601772308
14 0.1903940886259079
15 0.19418726861476898
16 0.167356476187706
17 0.1836647242307663
18 0.17014643549919128
19 0.1629764884710312
20 0.15586061775684357
21 0.15195903182029724
22 0.1501871943473816
23 0.17560207843780518
24 0.14280638098716736
25 0.15198536217212677
26 0.14368566870689392
27 0.1476801335811615
28 0.1498238891363144
29 0.1399199515581131
30 0.13210465013980865
31 0.13866405189037323
32 0.1843067705631256
33 0.118968665599823
34 0.11470036208629608
35 0.12967918813228607
36 0.12890267372131348
37 0.12372444570064545
38 0.1320091336965561
39 0.1394343227148056
40 0.14691191911697388
41 0.11530673503875732
42 0.1209164410829544
43 0.15475182235240936
44 0.12006229162216187
45 0.12352408468723297
46 0.10597967356443405
47 0.119141586124897
48 0.13388009369373322
49 0.11447158455848694
50 0.12558428943157196
51 0.11376987397670746
52 0.12950080633163452
53 0.12260925024747849
54 0.12064036726951599
55 0.1107640340924263
56 0.10267840325832367
57 0.10818062722682953
58 0.13093829154968262
59 0.10102088749408722
60 0.14071348309516907
61 0.1166229173541069
62 0.10109512507915497
63 0.11761213839054108
64 0.1067056953907013
65 0.10611727088689804
66 0.11595430225133896
67 0.11336179822683334
68 0.11178725957870483
69 0.11643289774656296
70 0.13877858221530914
71 0.1098308190703392
72 0.0883558914065361
73 0.10645890980958939
74 0.09964369237422943
75 0.10242614895105362
76 0.10676728934049606
77 0.0902324765920639
78 0.1052127256989479
79 0.1032864898443222
80 0.10722469538450241
81 0.1033320277929306
82 0.11236634850502014
83 0.12088944017887115
84 0.09973102062940598
85 0.11768017709255219
86 0.10157189518213272
87 0.08924495428800583
88 0.09735603630542755
89 0.09275543689727783
90 0.10139838606119156
91 0.09251915663480759
92 0.11047707498073578
93 0.10732576996088028
94 0.09222906827926636
95 0.1272495687007904
96 0.0962139144539833
97 0.08944143354892731
98 0.11731009185314178
99 0.0850052610039711
100 0.0934348925948143
101 0.09609665721654892
102 0.09306322783231735
103 0.10876770317554474
104 0.10023535043001175
105 0.09254971891641617
106 0.10876169800758362
107 0.08369140326976776
108 0.09456968307495117
109 0.09157504886388779
110 0.10779918730258942
111 0.11383665353059769
112 0.09280061721801758
113 0.09876328706741333
114 0.09408488124608994
115 0.09256628155708313
116 0.11955520510673523
117 0.09712203592061996
118 0.08202283084392548
119 0.10490614920854568
120 0.08539025485515594
121 0.10478053241968155
122 0.09542842209339142
123 0.10984393209218979
124 0.0971791073679924
125 0.084181047976017
126 0.11640731245279312
127 0.10839734971523285
128 0.09265390783548355
129 0.07619407027959824
130 0.07310446351766586
131 0.09767536073923111
132 0.09676260501146317
133 0.0932275727391243
134 0.08131886273622513
135 0.1038602665066719
136 0.08924567699432373
137 0.09331902116537094
138 0.10130440443754196
139 0.08478919416666031
140 0.0923653244972229
141 0.08547041565179825
142 0.10026685148477554
143 0.09114152938127518
144 0.09558066725730896
145 0.091214120388031
146 0.09691773355007172
147 0.087978295981884
148 0.08849421888589859
149 0.09366732835769653
150 0.08799921721220016
151 0.09725388139486313
152 0.10353202372789383
153 0.09136602282524109
154 0.09664429724216461
155 0.09215861558914185
156 0.07781610637903214
157 0.08241606503725052
158 0.09209337085485458
159 0.09126268327236176
160 0.09663622826337814
161 0.07789821177721024
162 0.08951801061630249
163 0.10026392340660095
164 0.08525563031435013
165 0.09289298206567764
166 0.07951806485652924
167 0.08232849836349487
168 0.10204553604125977
169 0.08498983085155487
170 0.10045146942138672
171 0.07357800751924515
172 0.08747692406177521
173 0.10035698115825653
174 0.07831249386072159
175 0.07835669070482254
176 0.08797221630811691
177 0.10533355921506882
178 0.0807381123304367
179 0.07823680341243744
180 0.08132603764533997
181 0.08861787617206573
182 0.08218749612569809
183 0.08666121959686279
184 0.10229682922363281
185 0.07804159820079803
186 0.07813608646392822
187 0.08681096881628036
188 0.08100493252277374
189 0.0920603945851326
190 0.09900882840156555
191 0.07664569467306137
192 0.07579321414232254
193 0.08003838360309601
194 0.10780873894691467
195 0.08211246132850647
196 0.1039220541715622
197 0.0954328402876854
198 0.07701516151428223
199 0.07204430550336838
200 0.08746715635061264
201 0.07147166877985
202 0.06757157295942307
203 0.10629913955926895
204 0.08207065612077713
205 0.06577900797128677
206 0.09373918920755386
207 0.07954400777816772
208 0.08114595711231232
209 0.07646609842777252
210 0.08387530595064163
211 0.0815618485212326
212 0.06885941326618195
213 0.08800762891769409
214 0.06734978407621384
215 0.07675797492265701
216 0.09130266308784485
217 0.06864826381206512
218 0.07555703073740005
219 0.07358606159687042
220 0.08884826302528381
221 0.08541698753833771
222 0.08416374027729034
223 0.0813102200627327
224 0.07497971504926682
225 0.10692036896944046
226 0.08198399841785431
227 0.0706496313214302
228 0.09915085136890411
229 0.0840202197432518
230 0.07441222667694092
231 0.08345680683851242
232 0.07006526738405228
233 0.12250829488039017
234 0.06518372893333435
235 0.06833483278751373
236 0.07212737202644348
237 0.08107595145702362
238 0.07178261876106262
239 0.07994521409273148
240 0.09207513928413391
241 0.06820735335350037
242 0.07355238497257233
243 0.0974993109703064
244 0.06439664214849472
245 0.06543157249689102
246 0.07389676570892334
247 0.07763329893350601
248 0.0913371667265892
249 0.07837457209825516
250 0.07480256259441376
251 0.07620063424110413
252 0.08972302824258804
253 0.09664423018693924
254 0.07583078742027283
255 0.08710511028766632
256 0.07874639332294464
257 0.08442521095275879
258 0.07531332969665527
259 0.06946855038404465
260 0.08112660050392151
261 0.09733552485704422
262 0.06911749392747879
263 0.06794275343418121
264 0.08206459879875183
265 0.08341941982507706
266 0.06648244708776474
267 0.07076939195394516
268 0.07893922924995422
269 0.08117265999317169
270 0.06272044032812119
271 0.07075070589780807
272 0.08461015671491623
273 0.06948796659708023
274 0.09667313098907471
275 0.08426205068826675
276 0.06120265647768974
277 0.06627948582172394
278 0.06240978464484215
279 0.07722526043653488
280 0.07688715308904648
281 0.07573331892490387
282 0.05564955249428749
283 0.07558664679527283
284 0.07597722113132477
285 0.07428000122308731
286 0.07464580982923508
287 0.10309908539056778
288 0.08531320095062256
289 0.07939927279949188
290 0.07583996653556824
291 0.0973510593175888
292 0.0835249200463295
293 0.06561798602342606
294 0.07206825166940689
295 0.06080108508467674
296 0.08253727853298187
297 0.05925910919904709
298 0.0729607343673706
299 0.08175472915172577
300 0.0811065211892128
301 0.0751662477850914
302 0.07378851622343063
303 0.0749749094247818
304 0.07931442558765411
305 0.07888419181108475
306 0.06732884794473648
307 0.06370755285024643
308 0.06685757637023926
309 0.07887246459722519
310 0.07956782728433609
311 0.08127577602863312
312 0.07164444029331207
313 0.06653087586164474
314 0.06066460162401199
315 0.06911597400903702
316 0.08581289649009705
317 0.072354257106781
318 0.08458967506885529
319 0.06474870443344116
320 0.06459234654903412
321 0.09214913100004196
322 0.06315013021230698
323 0.08573448657989502
324 0.05984356626868248
325 0.07898940145969391
326 0.09572532027959824
327 0.07104309648275375
328 0.06461130827665329
329 0.08079638332128525
330 0.07533754408359528
331 0.06283722817897797
332 0.07768678665161133
333 0.06534335762262344
334 0.07507717609405518
335 0.07767149806022644
336 0.07168060541152954
337 0.06653004884719849
338 0.06775477528572083
339 0.06280091404914856
340 0.06595821678638458
341 0.07735612988471985
342 0.06594293564558029
343 0.0749533399939537
344 0.07788051664829254
345 0.07301504909992218
346 0.06577971577644348
347 0.06407539546489716
348 0.07852368801832199
349 0.07012290507555008
350 0.07278222590684891
351 0.06828813254833221
352 0.08354561775922775
353 0.06253746896982193
354 0.06100244075059891
355 0.06852763146162033
356 0.08154313266277313
357 0.0859164372086525
358 0.05937383323907852
359 0.0625854954123497
360 0.06883972883224487
361 0.06578142940998077
362 0.09326932579278946
363 0.06781727075576782
364 0.06518225371837616
365 0.06014582887291908
366 0.06274117529392242
367 0.0601327158510685
368 0.07243137061595917
369 0.08345360308885574
370 0.07942293584346771
371 0.061257604509592056
372 0.07799476385116577
373 0.07170120626688004
374 0.06255270540714264
375 0.06795625388622284
376 0.05883773788809776
377 0.06630397588014603
378 0.06392563879489899
379 0.07490159571170807
380 0.06696868687868118
381 0.07631128281354904
382 0.07496228069067001
383 0.066802479326725
384 0.06770719587802887
385 0.06857039779424667
386 0.07807474583387375
387 0.063870370388031
388 0.05623514577746391
389 0.07908754795789719
390 0.08200222253799438
391 0.0684928447008133
392 0.08256998658180237
393 0.06913456320762634
394 0.05735934153199196
395 0.06200416758656502
396 0.05905390530824661
397 0.06858030706644058
398 0.05365341529250145
399 0.06074835732579231
400 0.06741386651992798
401 0.09523546695709229
402 0.07161853462457657
403 0.08103319257497787
404 0.07407937198877335
405 0.06420052796602249
406 0.07662399113178253
407 0.06975332647562027
408 0.06600308418273926
409 0.06819450855255127
410 0.06738739460706711
411 0.06744639575481415
412 0.08016698062419891
413 0.0618167519569397
414 0.06389115005731583
415 0.05911857634782791
416 0.08330647647380829
417 0.06315044313669205
418 0.08822467923164368
419 0.06050069257616997
420 0.0702284723520279
421 0.06809075176715851
422 0.06641063839197159
423 0.06157364323735237
424 0.06094164028763771
425 0.07201976329088211
426 0.06401831656694412
427 0.06982393562793732
428 0.057905446738004684
429 0.06388161331415176
430 0.062251076102256775
431 0.06495927274227142
432 0.06405116617679596
433 0.07710891962051392
434 0.07291807234287262
435 0.0701100155711174
436 0.0630812793970108
437 0.06776459515094757
438 0.07010286301374435
439 0.06401849538087845
440 0.0756741389632225
441 0.05445217713713646
442 0.08207161724567413
443 0.07969070971012115
444 0.06330638378858566
445 0.060890745371580124
446 0.06901787221431732
447 0.06698868423700333
448 0.05644945427775383
449 0.0813956931233406
450 0.06403275579214096
451 0.058799851685762405
452 0.07089732587337494
453 0.07248863577842712
454 0.07457071542739868
455 0.07257610559463501
456 0.061333585530519485
457 0.06738424301147461
458 0.05411558225750923
459 0.06909763813018799
460 0.07553935050964355
461 0.06039019674062729
462 0.06954219192266464
463 0.08291947096586227
464 0.06603536754846573
465 0.0641273483633995
466 0.05151998996734619
467 0.07277492433786392
468 0.05696210637688637
469 0.06123915687203407
470 0.0737275630235672
471 0.07102804630994797
472 0.05770038813352585
473 0.07306099683046341
474 0.06018422916531563
475 0.0717245489358902
476 0.06432285904884338
477 0.07534299045801163
478 0.058046337217092514
479 0.06200151517987251
480 0.053488463163375854
481 0.06150088459253311
482 0.06401409953832626
483 0.07832186669111252
484 0.05891500413417816
485 0.06913342326879501
486 0.06128346547484398
487 0.06197180226445198
488 0.069827139377594
489 0.08728331327438354
490 0.05394655093550682
491 0.06304773688316345
492 0.06890112161636353
493 0.0591941773891449
494 0.06587431579828262
495 0.05955280736088753
496 0.06968197226524353
497 0.07488659769296646
498 0.0682615116238594
499 0.06325376778841019
500 0.06324636936187744
501 0.06836339831352234
502 0.0652552917599678
503 0.07050279527902603
504 0.06444161385297775
505 0.051711369305849075
506 0.054715387523174286
507 0.05394772067666054
508 0.0675724521279335
509 0.06371574848890305
510 0.06531911343336105
511 0.05440030246973038
512 0.05411515384912491
513 0.060145556926727295
514 0.05964009091258049
515 0.05946018919348717
516 0.06822994351387024
517 0.06677911430597305
518 0.0840657502412796
519 0.07357913255691528
520 0.06559992581605911
521 0.0634404867887497
522 0.08098514378070831
523 0.06652069091796875
524 0.06373732537031174
525 0.0667174831032753
526 0.0543503537774086
527 0.06411240994930267
528 0.051703568547964096
529 0.06624269485473633
530 0.060237664729356766
531 0.08547162264585495
532 0.06240883842110634
533 0.057161908596754074
534 0.05982571467757225
535 0.05899207666516304
536 0.06602825969457626
537 0.06649800390005112
538 0.057071734219789505
539 0.0761619433760643
540 0.06775057315826416
541 0.05733345076441765
542 0.05054197832942009
543 0.06019417941570282
544 0.06493375450372696
545 0.06292285025119781
546 0.08489416539669037
547 0.06307573616504669
548 0.05804121494293213
549 0.07703027129173279
550 0.05753864347934723
551 0.06998530775308609
552 0.05068991333246231
553 0.06048126518726349
554 0.05979912728071213
555 0.07203217595815659
556 0.06234496831893921
557 0.052464693784713745
558 0.05093321576714516
559 0.0560680627822876
560 0.06119753420352936
561 0.06300469487905502
562 0.06482256948947906
563 0.06078024581074715
564 0.05514635145664215
565 0.06119754910469055
566 0.07470709085464478
567 0.059205833822488785
568 0.07755232602357864
569 0.07159558683633804
570 0.06394541263580322
571 0.06024356558918953
572 0.046994898468256
573 0.056926991790533066
574 0.05424521490931511
575 0.055887069553136826
576 0.05310118943452835
577 0.0787377804517746
578 0.06580501049757004
579 0.06354768574237823
580 0.05441994220018387
581 0.05788266286253929
582 0.06521491706371307
583 0.06907380372285843
584 0.06514585018157959
585 0.05679173395037651
586 0.04983900114893913
587 0.05502121150493622
588 0.07604233175516129
589 0.056588273495435715
590 0.07163561135530472
591 0.05304301902651787
592 0.06057345122098923
593 0.07211850583553314
594 0.06059067323803902
595 0.06754393875598907
596 0.05570327490568161
597 0.06452395021915436
598 0.06293487548828125
599 0.051956553012132645
600 0.06744752824306488
601 0.0635562315583229
602 0.06070271134376526
603 0.04788084328174591
604 0.0675792545080185
605 0.055815257132053375
606 0.07049150764942169
607 0.0542125329375267
608 0.06411349028348923
609 0.0781504437327385
610 0.07354006916284561
611 0.04968784376978874
612 0.059000130742788315
613 0.050167158246040344
614 0.04683183133602142
615 0.06182826682925224
616 0.056577324867248535
617 0.051166459918022156
618 0.06644430756568909
619 0.05657864362001419
620 0.0589698925614357
621 0.05131809785962105
622 0.0644315555691719
623 0.06523910164833069
624 0.07961932569742203
625 0.05842188745737076
626 0.05482099950313568
627 0.0745450109243393
628 0.07305220514535904
629 0.06290412694215775
630 0.060258377343416214
631 0.06169774383306503
632 0.050591714680194855
633 0.05959390476346016
634 0.05183790624141693
635 0.05447835102677345
636 0.05940781533718109
637 0.060154810547828674
638 0.06775390356779099
639 0.06787385791540146
640 0.0491752065718174
641 0.06412194669246674
642 0.05505642667412758
643 0.06678580492734909
644 0.07438071817159653
645 0.05413583666086197
646 0.056734874844551086
647 0.06374100595712662
648 0.05348961427807808
649 0.07071862369775772
650 0.05146864429116249
651 0.0772068053483963
652 0.055519863963127136
653 0.060503363609313965
654 0.06103624030947685
655 0.046747371554374695
656 0.05978263169527054
657 0.06724130362272263
658 0.06179583817720413
659 0.04645887017250061
660 0.06029541417956352
661 0.06968963891267776
662 0.053055401891469955
663 0.06109962239861488
664 0.05782506242394447
665 0.07066302001476288
666 0.05934179574251175
667 0.04791572317481041
668 0.05636272951960564
669 0.058693207800388336
670 0.06684131175279617
671 0.05110277235507965
672 0.059215422719717026
673 0.06211455911397934
674 0.04745536670088768
675 0.0670238509774208
676 0.05724741145968437
677 0.06094321608543396
678 0.0553971491754055
679 0.051381614059209824
680 0.058607589453458786
681 0.0764976218342781
682 0.048970360308885574
683 0.07908501476049423
684 0.05596921220421791
685 0.04963942989706993
686 0.06050656735897064
687 0.06376685947179794
688 0.06632695347070694
689 0.07731933891773224
690 0.058643508702516556
691 0.06834421306848526
692 0.047930411994457245
693 0.05412011966109276
694 0.05622338131070137
695 0.04802175238728523
696 0.048258498311042786
697 0.047699909657239914
698 0.058686256408691406
699 0.06704643368721008
700 0.06040678918361664
701 0.06146235391497612
702 0.055129993706941605
703 0.05053413286805153
704 0.06299947947263718
705 0.04965134337544441
706 0.05769789218902588
707 0.06293313205242157
708 0.05908505991101265
709 0.06761476397514343
710 0.054696500301361084
711 0.04730895906686783
712 0.06085445359349251
713 0.06665732711553574
714 0.05417127162218094
715 0.052053771913051605
716 0.053273268043994904
717 0.062454890459775925
718 0.06827206909656525
719 0.060074564069509506
720 0.04815532639622688
721 0.045116595923900604
722 0.06485971808433533
723 0.07486045360565186
724 0.05277508124709129
725 0.04823986813426018
726 0.07091009616851807
727 0.05792434141039848
728 0.06362858414649963
729 0.052053604274988174
730 0.05468381568789482
731 0.050077054649591446
732 0.04941793531179428
733 0.06414709985256195
734 0.07074372470378876
735 0.04376152157783508
736 0.05015386641025543
737 0.05665644258260727
738 0.07280555367469788
739 0.053276464343070984
740 0.06275525689125061
741 0.053550075739622116
742 0.06844203174114227
743 0.05119398981332779
744 0.04607696831226349
745 0.06220215559005737
746 0.05286167189478874
747 0.0496574304997921
748 0.052788376808166504
749 0.07559915632009506
750 0.06629298627376556
751 0.07588662207126617
752 0.04634234681725502
753 0.05203312262892723
754 0.08114472031593323
755 0.05035046115517616
756 0.07493279874324799
757 0.055268969386816025
758 0.052025873214006424
759 0.06017177924513817
760 0.0564173124730587
761 0.05856819450855255
762 0.05165786296129227
763 0.05261879041790962
764 0.054613061249256134
765 0.06778351962566376
766 0.05579545721411705
767 0.047439079731702805
768 0.06948551535606384
769 0.060174815356731415
770 0.048898737877607346
771 0.0570048913359642
772 0.06148089841008186
773 0.05947194620966911
774 0.05381955951452255
775 0.0780000314116478
776 0.05883544683456421
777 0.05897201597690582
778 0.047784753143787384
779 0.04335299879312515
780 0.05470142140984535
781 0.05551787465810776
782 0.050485651940107346
783 0.061784375458955765
784 0.06336691975593567
785 0.054788291454315186
786 0.059542685747146606
787 0.06352046877145767
788 0.052402742207050323
789 0.05687835067510605
790 0.0577935129404068
791 0.04733314737677574
792 0.053692776709795
793 0.07039792090654373
794 0.052199315279722214
795 0.07436610013246536
796 0.054594092071056366
797 0.05112201347947121
798 0.060548242181539536
799 0.05749676376581192
800 0.06207647547125816
