1 1.1544744968414307
2 0.9300873279571533
3 0.7759286165237427
4 0.6279885768890381
5 0.5220864415168762
6 0.4664042294025421
7 0.4082396328449249
8 0.38754934072494507
9 0.3520350456237793
10 0.33793431520462036
11 0.3239665925502777
12 0.2992050051689148
13 0.2768687307834625
14 0.2793999910354614
15 0.2569422125816345
16 0.23607482016086578
17 0.23585553467273712
18 0.23092345893383026
19 0.22199904918670654
20 0.20668449997901917
21 0.21661072969436646
22 0.20547834038734436
23 0.20426905155181885
24 0.1878887265920639
25 0.18905498087406158
26 0.21330323815345764
27 0.16612474620342255
28 0.17822791635990143
29 0.19936256110668182
30 0.18109886348247528
31 0.1721743643283844
32 0.16110166907310486
33 0.1623832732439041
34 0.1604386866092682
35 0.1529896855354309
36 0.16397514939308167
37 0.17980742454528809
38 0.14500437676906586
39 0.16555222868919373
40 0.15026409924030304
41 0.1497608870267868
42 0.14810971915721893
43 0.1415986567735672
44 0.14291751384735107
45 0.1450611799955368
46 0.1508350819349289
47 0.14880578219890594
48 0.1348067671060562
49 0.13425089418888092
50 0.15207016468048096
51 0.13841478526592255
52 0.15897762775421143
53 0.1312316656112671
54 0.12999603152275085
55 0.12904195487499237
56 0.13279247283935547
57 0.14391927421092987
58 0.13028647005558014
59 0.13383795320987701
60 0.1488204151391983
61 0.13376367092132568
62 0.13033819198608398
63 0.11806503683328629
64 0.12743529677391052
65 0.13166700303554535
66 0.1255176067352295
67 0.12778282165527344
68 0.1454104781150818
69 0.15692773461341858
70 0.12571215629577637
71 0.13530847430229187
72 0.13330379128456116
73 0.1138119325041771
74 0.12784118950366974
75 0.12844693660736084
76 0.13834409415721893
77 0.13113251328468323
78 0.1207086369395256
79 0.13528768718242645
80 0.11591585725545883
81 0.12127859890460968
82 0.12850885093212128
83 0.10693113505840302
84 0.1168399527668953
85 0.10723472386598587
86 0.12184777855873108
87 0.11569178104400635
88 0.12432058155536652
89 0.13046890497207642
90 0.10030210763216019
91 0.12324108928442001
92 0.10216755419969559
93 0.11304093152284622
94 0.12316063046455383
95 0.11114249378442764
96 0.1221388503909111
97 0.10307382792234421
98 0.12222092598676682
99 0.13421805202960968
100 0.13348828256130219
101 0.11678840219974518
102 0.13281512260437012
103 0.09933813661336899
104 0.10942419618368149
105 0.11825224757194519
106 0.10493149608373642
107 0.10800378769636154
108 0.1142609566450119
109 0.10268238186836243
110 0.11400521546602249
111 0.0963297113776207
112 0.1094868928194046
113 0.1288803219795227
114 0.10900573432445526
115 0.1140327900648117
116 0.10970886796712875
117 0.09424835443496704
118 0.1100352331995964
119 0.11272110044956207
120 0.09894590824842453
121 0.11789219826459885
122 0.09623073786497116
123 0.10759533941745758
124 0.11136391013860703
125 0.10973447561264038
126 0.11785885691642761
127 0.1193830743432045
128 0.09472033381462097
129 0.10968431085348129
130 0.10547532141208649
131 0.09106180816888809
132 0.1153036579489708
133 0.12798967957496643
134 0.11994317919015884
135 0.11619734764099121
136 0.10255429148674011
137 0.11214336007833481
138 0.12460203468799591
139 0.09898657351732254
140 0.09760429710149765
141 0.09018569439649582
142 0.10883054882287979
143 0.12813805043697357
144 0.09543992578983307
145 0.09134651720523834
146 0.10706694424152374
147 0.09952665120363235
148 0.10604671388864517
149 0.10272985696792603
150 0.0924016684293747
151 0.09970717877149582
152 0.10742403566837311
153 0.11012230068445206
154 0.12907738983631134
155 0.10376560688018799
156 0.09636682271957397
157 0.09775345772504807
158 0.09845013171434402
159 0.10427028685808182
160 0.09773023426532745
161 0.08807134628295898
162 0.1051458865404129
163 0.1145896315574646
164 0.10721787065267563
165 0.10802730917930603
166 0.10461996495723724
167 0.10016763210296631
168 0.08241879940032959
169 0.10222253203392029
170 0.09119167178869247
171 0.09832461178302765
172 0.13785327970981598
173 0.11210787296295166
174 0.11807998269796371
175 0.09387341886758804
176 0.10324176400899887
177 0.1002134457230568
178 0.10812124609947205
179 0.09323032945394516
180 0.10514485090970993
181 0.0959988534450531
182 0.09437669068574905
183 0.09369201213121414
184 0.0929526537656784
185 0.09413580596446991
186 0.09219391644001007
187 0.11228220164775848
188 0.0900316908955574
189 0.09949854761362076
190 0.10475489497184753
191 0.11416760832071304
192 0.08621194213628769
193 0.10090665519237518
194 0.12312684953212738
195 0.10294640064239502
196 0.09376897662878036
197 0.09768462926149368
198 0.09783025830984116
199 0.08593028038740158
200 0.08980587869882584
201 0.10367284715175629
202 0.10712624341249466
203 0.10682445019483566
204 0.09712827950716019
205 0.1034926325082779
206 0.08494096994400024
207 0.0994429662823677
208 0.11468087881803513
209 0.087999127805233
210 0.09903398156166077
211 0.10379060357809067
212 0.09109079092741013
213 0.10245344042778015
214 0.08953752368688583
215 0.1148432269692421
216 0.13563458621501923
217 0.09220763295888901
218 0.09054604917764664
219 0.07383781671524048
220 0.09086042642593384
221 0.08868296444416046
222 0.1034710481762886
223 0.08955515921115875
224 0.09029080718755722
225 0.09197091311216354
226 0.1085711419582367
227 0.0917818620800972
228 0.09863981604576111
229 0.0951361358165741
230 0.09899531304836273
231 0.07897990196943283
232 0.09614043682813644
233 0.09330783784389496
234 0.09293446689844131
235 0.09068137407302856
236 0.09372578561306
237 0.08402865380048752
238 0.10544919967651367
239 0.10265758633613586
240 0.08265668153762817
241 0.0925375446677208
242 0.11758363991975784
243 0.09944251924753189
244 0.09017180651426315
245 0.0842667743563652
246 0.09349797666072845
247 0.1295882910490036
248 0.09426305443048477
249 0.1032177060842514
250 0.07985474914312363
251 0.08789815753698349
252 0.08805721253156662
253 0.09392467886209488
254 0.0857076421380043
255 0.11627016216516495
256 0.08552181720733643
257 0.07367271929979324
258 0.09081953018903732
259 0.07692870497703552
260 0.09964291006326675
261 0.08036596328020096
262 0.10005570203065872
263 0.08770008385181427
264 0.08712252974510193
265 0.0989765152335167
266 0.10317758470773697
267 0.10378660261631012
268 0.09451933950185776
269 0.08764708042144775
270 0.09779062122106552
271 0.09632912278175354
272 0.08533956855535507
273 0.10333217680454254
274 0.08513405174016953
275 0.09222236275672913
276 0.09764610230922699
277 0.0917794480919838
278 0.08197585493326187
279 0.09707353264093399
280 0.08639728277921677
281 0.10017873346805573
282 0.08954103291034698
283 0.08182700723409653
284 0.11969459056854248
285 0.07692912966012955
286 0.07576275616884232
287 0.0838049128651619
288 0.11489913612604141
289 0.0993729904294014
290 0.08336140960454941
291 0.08145946264266968
292 0.0893883928656578
293 0.1010245680809021
294 0.0911981612443924
295 0.08156022429466248
296 0.09112496674060822
297 0.09113012999296188
298 0.09747587144374847
299 0.08433138579130173
300 0.09507670253515244
301 0.08479197323322296
302 0.08277494460344315
303 0.08401378244161606
304 0.0963115394115448
305 0.10088946670293808
306 0.0870283991098404
307 0.090115025639534
308 0.08041522651910782
309 0.08714937418699265
310 0.08908652514219284
311 0.07942438125610352
312 0.08603741228580475
313 0.10856293141841888
314 0.12550994753837585
315 0.09176162630319595
316 0.07460668683052063
317 0.07252222299575806
318 0.06743757426738739
319 0.08588727563619614
320 0.07894948869943619
321 0.09396953880786896
322 0.08335117250680923
323 0.09331066161394119
324 0.09566958248615265
325 0.0946853905916214
326 0.07439623773097992
327 0.10005015134811401
328 0.10935220867395401
329 0.07631088048219681
330 0.08742091059684753
331 0.09098608791828156
332 0.08107826113700867
333 0.1015482172369957
334 0.09412020444869995
335 0.0814138725399971
336 0.09093113243579865
337 0.09104400128126144
338 0.08880989253520966
339 0.07967838644981384
340 0.0965668186545372
341 0.07236940413713455
342 0.08909349888563156
343 0.07532846182584763
344 0.08563607186079025
345 0.1134800985455513
346 0.07354278862476349
347 0.08684958517551422
348 0.08627994358539581
349 0.08710470050573349
350 0.08035895973443985
351 0.10823369771242142
352 0.08351924270391464
353 0.10438162088394165
354 0.10600484907627106
355 0.07331433892250061
356 0.09245993196964264
357 0.07756420969963074
358 0.08433470875024796
359 0.07793180644512177
360 0.09814909845590591
361 0.07440495491027832
362 0.07986940443515778
363 0.08812301605939865
364 0.09282582998275757
365 0.07392390817403793
366 0.11387724429368973
367 0.07342220097780228
368 0.09910251945257187
369 0.07513155788183212
370 0.07557062804698944
371 0.08361142128705978
372 0.08276422321796417
373 0.07954302430152893
374 0.07731635868549347
375 0.08230295777320862
376 0.09967358410358429
377 0.08182094991207123
378 0.07673955708742142
379 0.09249857068061829
380 0.09328664094209671
381 0.08129175007343292
382 0.08595828711986542
383 0.08435539156198502
384 0.09874185919761658
385 0.07767776399850845
386 0.0966346338391304
387 0.07198408991098404
388 0.0911940410733223
389 0.07626940310001373
390 0.08303137123584747
391 0.0824318379163742
392 0.07095924019813538
393 0.09354989975690842
394 0.0917385071516037
395 0.09209297597408295
396 0.07130739092826843
397 0.07613168656826019
398 0.08552180975675583
399 0.0902412012219429
400 0.07863940298557281
401 0.07581844180822372
402 0.07992550730705261
403 0.09310224652290344
404 0.07922295480966568
405 0.08381006866693497
406 0.0858619287610054
407 0.07894067466259003
408 0.08295217901468277
409 0.10941772162914276
410 0.07434997707605362
411 0.09951795637607574
412 0.0832689106464386
413 0.09746141731739044
414 0.08513180166482925
415 0.09608444571495056
416 0.06489007920026779
417 0.07006504386663437
418 0.08649294078350067
419 0.07874360680580139
420 0.08747097849845886
421 0.07152849435806274
422 0.11472242325544357
423 0.07908071577548981
424 0.09355529397726059
425 0.07643406093120575
426 0.0719309151172638
427 0.07735205441713333
428 0.09213275462388992
429 0.08496679365634918
430 0.08570117503404617
431 0.0832505002617836
432 0.10548510402441025
433 0.07467012107372284
434 0.09444373846054077
435 0.07380373775959015
436 0.08469375222921371
437 0.09259233623743057
438 0.09182114154100418
439 0.09314189851284027
440 0.06915061175823212
441 0.08577778190374374
442 0.09779800474643707
443 0.06893891841173172
444 0.08023323118686676
445 0.09191348403692245
446 0.08816243708133698
447 0.08584350347518921
448 0.08368038386106491
449 0.06323521584272385
450 0.08099384605884552
451 0.07952971011400223
452 0.08344949036836624
453 0.08358974754810333
454 0.08352017402648926
455 0.070369653403759
456 0.06992103159427643
457 0.06897096335887909
458 0.08383476734161377
459 0.08669521659612656
460 0.08409077674150467
461 0.07885099202394485
462 0.09400674700737
463 0.12326034158468246
464 0.0777244120836258
465 0.07483374327421188
466 0.06834213435649872
467 0.10126087069511414
468 0.0872722715139389
469 0.09007492661476135
470 0.0830010399222374
471 0.07287643104791641
472 0.07378968596458435
473 0.07826242595911026
474 0.07672103494405746
475 0.07874613255262375
476 0.06791570782661438
477 0.09205880016088486
478 0.08919362723827362
479 0.07412741333246231
480 0.09165678173303604
481 0.0847940444946289
482 0.08839831501245499
483 0.07221115380525589
484 0.08462931960821152
485 0.0848325714468956
486 0.07125165313482285
487 0.09345369786024094
488 0.0718751922249794
489 0.08196736127138138
490 0.07958497107028961
491 0.08384488523006439
492 0.08173879981040955
493 0.07989398390054703
494 0.07429534941911697
495 0.08963228762149811
496 0.09916490316390991
497 0.07527805864810944
498 0.08279585838317871
499 0.0974557176232338
500 0.08855509012937546
501 0.07401401549577713
502 0.0763062834739685
503 0.0817442536354065
504 0.07737602293491364
505 0.08658492565155029
506 0.0845927894115448
507 0.07431004196405411
508 0.06099749356508255
509 0.08600616455078125
510 0.07462455332279205
511 0.11387264728546143
512 0.07423720508813858
513 0.07755409926176071
514 0.07436778396368027
515 0.07499349117279053
516 0.08883772045373917
517 0.08049125224351883
518 0.08063167333602905
519 0.08169178664684296
520 0.10217122733592987
521 0.08755756169557571
522 0.0661143884062767
523 0.07525526732206345
524 0.06980158388614655
525 0.07326708734035492
526 0.07378210872411728
527 0.07523052394390106
528 0.06947135180234909
529 0.07996805012226105
530 0.09329389035701752
531 0.0782197043299675
532 0.0849781185388565
533 0.07473936676979065
534 0.0729299858212471
535 0.07089749723672867
536 0.09213736653327942
537 0.07775146514177322
538 0.09755637496709824
539 0.06619465351104736
540 0.09334976971149445
541 0.06632106006145477
542 0.08727151155471802
543 0.09518131613731384
544 0.07459816336631775
545 0.08002254366874695
546 0.08615481853485107
547 0.07259528338909149
548 0.0705723837018013
549 0.08778754621744156
550 0.0844389796257019
551 0.07061010599136353
552 0.07227080315351486
553 0.08751396834850311
554 0.07936181128025055
555 0.07848557829856873
556 0.08671634644269943
557 0.07847288995981216
558 0.08031021803617477
559 0.07646560668945312
560 0.09328974038362503
561 0.06752321124076843
562 0.08726893365383148
563 0.07931458950042725
564 0.0677434653043747
565 0.07665148377418518
566 0.07744897156953812
567 0.0839146301150322
568 0.07612207531929016
569 0.06358702480792999
570 0.0620640367269516
571 0.08924257010221481
572 0.07486498355865479
573 0.08533276617527008
574 0.08098898082971573
575 0.06234915554523468
576 0.07533691078424454
577 0.09537070244550705
578 0.06326432526111603
579 0.07249736040830612
580 0.08631324768066406
581 0.08277256041765213
582 0.10885491222143173
583 0.07935312390327454
584 0.07851768285036087
585 0.07931245118379593
586 0.08108250796794891
587 0.07891491055488586
588 0.06026630103588104
589 0.07806559652090073
590 0.07343804091215134
591 0.09684668481349945
592 0.08779285848140717
593 0.06836722046136856
594 0.07838433235883713
595 0.11033415794372559
596 0.08967697620391846
597 0.06341232359409332
598 0.06605885922908783
599 0.0775323435664177
600 0.07143041491508484
601 0.0840492844581604
602 0.06418466567993164
603 0.08464750647544861
604 0.07837161421775818
605 0.07741900533437729
606 0.09134114533662796
607 0.07095838338136673
608 0.05808328464627266
609 0.06613913178443909
610 0.09390708059072495
611 0.07249873876571655
612 0.09587682038545609
613 0.07874022424221039
614 0.07663077116012573
615 0.07313535362482071
616 0.07596728950738907
617 0.07494479417800903
618 0.07240606844425201
619 0.07455191761255264
620 0.0735776498913765
621 0.07615895569324493
622 0.09678953886032104
623 0.07629025727510452
624 0.0934009850025177
625 0.06859754025936127
626 0.07256857305765152
627 0.08276539295911789
628 0.07709182798862457
629 0.0757003054022789
630 0.06341132521629333
631 0.07518590986728668
632 0.09312902390956879
633 0.0911809653043747
634 0.0727752223610878
635 0.09347939491271973
636 0.0733983963727951
637 0.08144909143447876
638 0.0717620775103569
639 0.08023712038993835
640 0.06845033913850784
641 0.0651494488120079
642 0.08131968975067139
643 0.10040081292390823
644 0.08574585616588593
645 0.06890802085399628
646 0.06990333646535873
647 0.0745534896850586
648 0.09240177273750305
649 0.08319000899791718
650 0.0834542065858841
651 0.06859104335308075
652 0.07845094799995422
653 0.09457913041114807
654 0.08638013154268265
655 0.08257143944501877
656 0.0858447328209877
657 0.07536053657531738
658 0.08800962567329407
659 0.07365275174379349
660 0.06435754895210266
661 0.07299081236124039
662 0.06840110570192337
663 0.06816088408231735
664 0.08581312000751495
665 0.08856860548257828
666 0.06829018890857697
667 0.06208198517560959
668 0.07122177630662918
669 0.08286374062299728
670 0.074493907392025
671 0.07882608473300934
672 0.07285618036985397
673 0.07609126716852188
674 0.09126590937376022
675 0.08843863010406494
676 0.08824416995048523
677 0.06388305872678757
678 0.07187025994062424
679 0.09357847273349762
680 0.07696764171123505
681 0.059913165867328644
682 0.07553030550479889
683 0.08293561637401581
684 0.07562147080898285
685 0.07876869291067123
686 0.07582761347293854
687 0.0747266560792923
688 0.08463618159294128
689 0.06598840653896332
690 0.07341127097606659
691 0.06587812304496765
692 0.0687333345413208
693 0.08651287853717804
694 0.10024403780698776
695 0.07879027724266052
696 0.06976121664047241
697 0.07610476016998291
698 0.06655228137969971
699 0.0713987648487091
700 0.0684615969657898
701 0.06976138055324554
702 0.09175695478916168
703 0.07509062439203262
704 0.07730988413095474
705 0.09280586242675781
706 0.07899288833141327
707 0.07350951433181763
708 0.08096065372228622
709 0.07025713473558426
710 0.08681989461183548
711 0.0676124095916748
712 0.08316251635551453
713 0.06638631224632263
714 0.0692005380988121
715 0.08044326305389404
716 0.05663423240184784
717 0.08456633985042572
718 0.07164651155471802
719 0.0699394941329956
720 0.07615931332111359
721 0.07401968538761139
722 0.0746569111943245
723 0.06551273167133331
724 0.07047897577285767
725 0.08808331191539764
726 0.061274249106645584
727 0.08345908671617508
728 0.07820907980203629
729 0.07719071209430695
730 0.08525558561086655
731 0.06937720626592636
732 0.0721992775797844
733 0.07283786684274673
734 0.05839604511857033
735 0.06936493515968323
736 0.09183681011199951
737 0.0925905629992485
738 0.07314064353704453
739 0.07177624851465225
740 0.06638472527265549
741 0.0710936039686203
742 0.07869847863912582
743 0.06497590988874435
744 0.07585655152797699
745 0.06116563081741333
746 0.06814824789762497
747 0.08316723257303238
748 0.0793803408741951
749 0.07595173269510269
750 0.06612478196620941
751 0.07733096927404404
752 0.06681295484304428
753 0.11895376443862915
754 0.06730193644762039
755 0.06206640601158142
756 0.06784819066524506
757 0.08306382596492767
758 0.07859789580106735
759 0.05792605131864548
760 0.067926324903965
761 0.0754941776394844
762 0.06464727967977524
763 0.08738851547241211
764 0.07030612975358963
765 0.07831768691539764
766 0.07681726664304733
767 0.07052045315504074
768 0.07482672482728958
769 0.0629899874329567
770 0.07689633220434189
771 0.07891567796468735
772 0.09578767418861389
773 0.07642638683319092
774 0.0670500248670578
775 0.06363199651241302
776 0.07605043798685074
777 0.06486537307500839
778 0.08399584144353867
779 0.07368803769350052
780 0.05989006906747818
781 0.07424550503492355
782 0.08028597384691238
783 0.09870687872171402
784 0.07772846519947052
785 0.0626983717083931
786 0.06326368451118469
787 0.07536733150482178
788 0.07456393539905548
789 0.07054761797189713
790 0.06737838685512543
791 0.0869368240237236
792 0.08844583481550217
793 0.07392820715904236
794 0.06164458766579628
795 0.07470954954624176
796 0.09905149787664413
797 0.08919114619493484
798 0.09138622134923935
799 0.0894746258854866
800 0.05927539989352226
