1 1.2285282611846924
2 1.1733365058898926
3 1.1597048044204712
4 1.1362595558166504
5 1.0975689888000488
6 1.050262689590454
7 0.9935699701309204
8 0.9398401975631714
9 0.8906181454658508
10 0.8470985889434814
11 0.8080887794494629
12 0.7713024020195007
13 0.7354593276977539
14 0.7077001333236694
15 0.6800394058227539
16 0.6562837958335876
17 0.6300206780433655
18 0.6101000308990479
19 0.5899002552032471
20 0.5707452297210693
21 0.5523175001144409
22 0.5346353054046631
23 0.5205166935920715
24 0.505583643913269
25 0.4912780225276947
26 0.4777023196220398
27 0.46363818645477295
28 0.44945722818374634
29 0.43796202540397644
30 0.42483270168304443
31 0.415486603975296
32 0.4031706154346466
33 0.3934039771556854
34 0.38271602988243103
35 0.3743206560611725
36 0.3627281188964844
37 0.3558097183704376
38 0.34768083691596985
39 0.33997300267219543
40 0.33158788084983826
41 0.3253087103366852
42 0.31679683923721313
43 0.31068798899650574
44 0.30396121740341187
45 0.29691562056541443
46 0.2908337116241455
47 0.2866944968700409
48 0.2796180546283722
49 0.276150107383728
50 0.2699240744113922
51 0.26614660024642944
52 0.2622036039829254
53 0.2554956376552582
54 0.25178590416908264
55 0.24727995693683624
56 0.24416670203208923
57 0.2403559684753418
58 0.23582172393798828
59 0.23317861557006836
60 0.23050861060619354
61 0.225751593708992
62 0.22228004038333893
63 0.22003231942653656
64 0.2164670079946518
65 0.21377912163734436
66 0.21068820357322693
67 0.20879606902599335
68 0.203838050365448
69 0.2020985186100006
70 0.20096802711486816
71 0.19724665582180023
72 0.19566717743873596
73 0.19416947662830353
74 0.1924862414598465
75 0.18876886367797852
76 0.18666021525859833
77 0.18637943267822266
78 0.18379487097263336
79 0.18280409276485443
80 0.17967750132083893
81 0.17720521986484528
82 0.17655254900455475
83 0.17460104823112488
84 0.17197714745998383
85 0.17073246836662292
86 0.16904766857624054
87 0.16868507862091064
88 0.1688900887966156
89 0.16505344212055206
90 0.16331210732460022
91 0.16220735013484955
92 0.1613856703042984
93 0.16154401004314423
94 0.1587086021900177
95 0.15697553753852844
96 0.15611591935157776
97 0.15573365986347198
98 0.15372788906097412
99 0.15304939448833466
100 0.15166112780570984
101 0.1499088853597641
102 0.14894266426563263
103 0.14920498430728912
104 0.14751917123794556
105 0.14577063918113708
106 0.14601242542266846
107 0.14468660950660706
108 0.14346690475940704
109 0.14159858226776123
110 0.14088782668113708
111 0.1413385272026062
112 0.13970978558063507
113 0.1389613002538681
114 0.13931506872177124
115 0.13821181654930115
116 0.13735158741474152
117 0.13553105294704437
118 0.13533765077590942
119 0.13571763038635254
120 0.13487808406352997
121 0.1329784244298935
122 0.13118988275527954
123 0.1322646141052246
124 0.1310807764530182
125 0.12992896139621735
126 0.12933719158172607
127 0.13017688691616058
128 0.12911705672740936
129 0.1280580312013626
130 0.12694387137889862
131 0.12648874521255493
132 0.12438026070594788
133 0.12724462151527405
134 0.12424047291278839
135 0.1241602972149849
136 0.12404824048280716
137 0.12328033149242401
138 0.12170273065567017
139 0.12161313742399216
140 0.1223066970705986
141 0.12082639336585999
142 0.12200421839952469
143 0.11777700483798981
144 0.1196078434586525
145 0.11871836334466934
146 0.11741877347230911
147 0.11804667860269547
148 0.119327113032341
149 0.11665432900190353
150 0.1159849762916565
151 0.11674758791923523
152 0.11466705054044724
153 0.11521969735622406
154 0.11491487920284271
155 0.11579132080078125
156 0.1128055602312088
157 0.11363211274147034
158 0.11283315718173981
159 0.11175665259361267
160 0.11244065314531326
161 0.1111106351017952
162 0.11212886869907379
163 0.11170053482055664
164 0.1108354777097702
165 0.1100679486989975
166 0.11018160730600357
167 0.10916061699390411
168 0.1106116846203804
169 0.10859659314155579
170 0.10931101441383362
171 0.10764869302511215
172 0.10844657570123672
173 0.10872486978769302
174 0.10707245767116547
175 0.10799451917409897
176 0.10663119703531265
177 0.10604863613843918
178 0.10565879195928574
179 0.10582932084798813
180 0.1068197637796402
181 0.10563575476408005
182 0.10453755408525467
183 0.10425178706645966
184 0.10411947965621948
185 0.10337045043706894
186 0.10321957617998123
187 0.10404261946678162
188 0.1030573919415474
189 0.10219917446374893
190 0.10313846915960312
191 0.10229142010211945
192 0.10232669115066528
193 0.10181055217981339
194 0.1016102060675621
195 0.10027559846639633
196 0.09992249310016632
197 0.10148699581623077
198 0.10019417852163315
199 0.10078109800815582
200 0.09917306154966354
201 0.09991465508937836
202 0.09819793701171875
203 0.09859177470207214
204 0.09998667240142822
205 0.09707033634185791
206 0.09903974831104279
207 0.09931788593530655
208 0.09719885885715485
209 0.10000985115766525
210 0.09731502830982208
211 0.09623546153306961
212 0.097525954246521
213 0.09789973497390747
214 0.09754732251167297
215 0.09440472722053528
216 0.09504001587629318
217 0.0955912321805954
218 0.09710682183504105
219 0.09534674137830734
220 0.09558610618114471
221 0.09502291679382324
222 0.09468924254179001
223 0.09457878023386002
224 0.09490794688463211
225 0.09337753802537918
226 0.09326838701963425
227 0.09421373158693314
228 0.09368905425071716
229 0.09288240224123001
230 0.0926188975572586
231 0.0950486809015274
232 0.09380771964788437
233 0.09207385778427124
234 0.09269557148218155
235 0.0923437774181366
236 0.09255123138427734
237 0.09053167700767517
238 0.09210601449012756
239 0.09270016103982925
240 0.09159482270479202
241 0.0908341333270073
242 0.0905526876449585
243 0.09038304537534714
244 0.09069224447011948
245 0.08955789357423782
246 0.09147337079048157
247 0.09005773812532425
248 0.09008283168077469
249 0.0888860672712326
250 0.08890792727470398
251 0.08925171941518784
252 0.09022693336009979
253 0.08911311626434326
254 0.08849965035915375
255 0.08884481340646744
256 0.08792287856340408
257 0.08789345622062683
258 0.08870995044708252
259 0.09139252454042435
260 0.08787298947572708
261 0.08689409494400024
262 0.08662717789411545
263 0.08825811743736267
264 0.08621162921190262
265 0.08791548013687134
266 0.08651682734489441
267 0.08772438764572144
268 0.08586956560611725
269 0.08679628372192383
270 0.08700069785118103
271 0.08815626055002213
272 0.08500952273607254
273 0.08640750497579575
274 0.08627166599035263
275 0.08612778782844543
276 0.08591867238283157
277 0.08573871850967407
278 0.08559086918830872
279 0.08552780747413635
280 0.08463238924741745
281 0.08425109088420868
282 0.08535490930080414
283 0.0848049744963646
284 0.0847095474600792
285 0.08427752554416656
286 0.08499656617641449
287 0.08333989977836609
288 0.08381588757038116
289 0.08312759548425674
290 0.08233391493558884
291 0.08203179389238358
292 0.0834515318274498
293 0.08417759835720062
294 0.08277344703674316
295 0.08270623534917831
296 0.08474302291870117
297 0.08010637760162354
298 0.08151304721832275
299 0.08265916258096695
300 0.08231818675994873
301 0.08236462622880936
302 0.08180275559425354
303 0.08136884868144989
304 0.08167843520641327
305 0.08145029842853546
306 0.08215158432722092
307 0.08021640032529831
308 0.0828341543674469
309 0.08049962669610977
310 0.08041226863861084
311 0.08084096014499664
312 0.07988584786653519
313 0.08021661639213562
314 0.07951067388057709
315 0.07952465862035751
316 0.08019214868545532
317 0.08152209222316742
318 0.07923343777656555
319 0.0794592946767807
320 0.07980956137180328
321 0.07906998693943024
322 0.07952677458524704
323 0.08041299879550934
324 0.07836068421602249
325 0.07839132100343704
326 0.07981652766466141
327 0.07893257588148117
328 0.07832498103380203
329 0.07892373949289322
330 0.08044016361236572
331 0.07988907396793365
332 0.07717770338058472
333 0.07799825817346573
334 0.07841578871011734
335 0.07808908820152283
336 0.07798312604427338
337 0.07900407910346985
338 0.0774499922990799
339 0.07698750495910645
340 0.07706935703754425
341 0.07981554418802261
342 0.07722610235214233
343 0.07726693898439407
344 0.07731463760137558
345 0.07705079764127731
346 0.07665816694498062
347 0.07701598107814789
348 0.07711455971002579
349 0.07646805047988892
350 0.07773786038160324
351 0.0759064182639122
352 0.07520262897014618
353 0.07539152354001999
354 0.07697746902704239
355 0.07689330726861954
356 0.07547782361507416
357 0.07482324540615082
358 0.07549618184566498
359 0.07707537710666656
360 0.07581224292516708
361 0.07494000345468521
362 0.07491843402385712
363 0.07397910952568054
364 0.0749346986413002
365 0.07882218807935715
366 0.0747581198811531
367 0.07494273781776428
368 0.07479291409254074
369 0.07425703853368759
370 0.07331115007400513
371 0.07406467944383621
372 0.07462567090988159
373 0.07594156265258789
374 0.0741022601723671
375 0.07376758009195328
376 0.07466405630111694
377 0.07484477013349533
378 0.07497614622116089
379 0.07545816898345947
380 0.075337253510952
381 0.07369905710220337
382 0.07246094197034836
383 0.07332463562488556
384 0.07509693503379822
385 0.07195190340280533
386 0.07265140861272812
387 0.07388099282979965
388 0.07395046204328537
389 0.07410981506109238
390 0.07314994186162949
391 0.0721125453710556
392 0.07279355078935623
393 0.0719837099313736
394 0.07322054356336594
395 0.07276511937379837
396 0.07263653725385666
397 0.07334518432617188
398 0.07285822927951813
399 0.075328029692173
400 0.07197980582714081
401 0.07205893844366074
402 0.07240902632474899
403 0.0732031837105751
404 0.0703093558549881
405 0.07234225422143936
406 0.07110919058322906
407 0.07234546542167664
408 0.07108627259731293
409 0.0711020678281784
410 0.07194839417934418
411 0.07087432593107224
412 0.0700615867972374
413 0.07115021347999573
414 0.0722724124789238
415 0.07095909118652344
416 0.07089464366436005
417 0.07150158286094666
418 0.07028478384017944
419 0.07319331169128418
420 0.0704418197274208
421 0.07033845782279968
422 0.07084014266729355
423 0.06991077959537506
424 0.07040576636791229
425 0.0710049644112587
426 0.07019095122814178
427 0.06876841932535172
428 0.07022212445735931
429 0.06904762238264084
430 0.07058826088905334
431 0.07156048715114594
432 0.06818798184394836
433 0.06909389793872833
434 0.06827858835458755
435 0.07029730826616287
436 0.06667903810739517
437 0.06881263852119446
438 0.06898806244134903
439 0.06968411803245544
440 0.07004093378782272
441 0.06854744255542755
442 0.06970283389091492
443 0.06760983169078827
444 0.06821878999471664
445 0.0680442750453949
446 0.06753844767808914
447 0.06912657618522644
448 0.06947525590658188
449 0.06725461781024933
450 0.070389024913311
451 0.06706156581640244
452 0.06794653832912445
453 0.06723886728286743
454 0.06976014375686646
455 0.06635269522666931
456 0.06635650992393494
457 0.06771904975175858
458 0.06743433326482773
459 0.06808353960514069
460 0.06912018358707428
461 0.06771458685398102
462 0.07037827372550964
463 0.06642531603574753
464 0.06818276643753052
465 0.06654123961925507
466 0.06746459007263184
467 0.0673939660191536
468 0.06746799498796463
469 0.06679168343544006
470 0.0661989375948906
471 0.06679055839776993
472 0.06617743521928787
473 0.06608207523822784
474 0.06705500185489655
475 0.06610085070133209
476 0.06707227230072021
477 0.06606324017047882
478 0.06677158176898956
479 0.0663188248872757
480 0.06853625178337097
481 0.06664874404668808
482 0.06530053168535233
483 0.06581080704927444
484 0.06530827283859253
485 0.06627193093299866
486 0.06710512191057205
487 0.06530555337667465
488 0.0657462477684021
489 0.06516324728727341
490 0.06546925008296967
491 0.06627309322357178
492 0.06497875601053238
493 0.06541383266448975
494 0.0647570788860321
495 0.06584274768829346
496 0.06525249779224396
497 0.06325867772102356
498 0.06426273286342621
499 0.06295228004455566
500 0.06553464382886887
501 0.06709551066160202
502 0.06626884639263153
503 0.06429631263017654
504 0.0648610070347786
505 0.06483478844165802
506 0.06486520916223526
507 0.06670316308736801
508 0.06394169479608536
509 0.06499674916267395
510 0.06448575109243393
511 0.06358840316534042
512 0.06522360444068909
513 0.06469297409057617
514 0.0641772523522377
515 0.06332670897245407
516 0.06407947838306427
517 0.06397422403097153
518 0.06345062702894211
519 0.06239353492856026
520 0.06351366639137268
521 0.06551472097635269
522 0.06358978152275085
523 0.06346571445465088
524 0.06425508856773376
525 0.06360967457294464
526 0.06246177479624748
527 0.06418895721435547
528 0.06269953399896622
529 0.06369051337242126
530 0.06182731315493584
531 0.0618351548910141
532 0.06194267049431801
533 0.0617385134100914
534 0.06239376217126846
535 0.06341960281133652
536 0.06129651889204979
537 0.0624079555273056
538 0.06318370252847672
539 0.06328459829092026
540 0.061602428555488586
541 0.06276565045118332
542 0.06166192516684532
543 0.063231460750103
544 0.06274957209825516
545 0.061699029058218
546 0.06184824928641319
547 0.06245213374495506
548 0.062482643872499466
549 0.06063256785273552
550 0.062072526663541794
551 0.061847101897001266
552 0.0611143484711647
553 0.06179370731115341
554 0.06162717938423157
555 0.06143858656287193
556 0.061464615166187286
557 0.06193854287266731
558 0.06323035806417465
559 0.06097112223505974
560 0.0595344714820385
561 0.060965169221162796
562 0.060827046632766724
563 0.06078189238905907
564 0.060508713126182556
565 0.06061399728059769
566 0.06224348396062851
567 0.060161422938108444
568 0.06123443320393562
569 0.06149878725409508
570 0.060674771666526794
571 0.061692796647548676
572 0.060405321419239044
573 0.0613568089902401
574 0.06006510183215141
575 0.06152403727173805
576 0.06011516600847244
577 0.05925459414720535
578 0.059462882578372955
579 0.060760702937841415
580 0.06243934482336044
581 0.05972824990749359
582 0.058946993201971054
583 0.06005271151661873
584 0.05857411399483681
585 0.05868295207619667
586 0.058850519359111786
587 0.058208443224430084
588 0.05959343537688255
589 0.05973030626773834
590 0.06040335074067116
591 0.05863794684410095
592 0.05961570143699646
593 0.05916988104581833
594 0.05878211557865143
595 0.05942310020327568
596 0.059756986796855927
597 0.05954467132687569
598 0.05860306695103645
599 0.0595221109688282
600 0.06103384494781494
601 0.058686815202236176
602 0.05777435749769211
603 0.06175709515810013
604 0.05798003450036049
605 0.059265248477458954
606 0.059737879782915115
607 0.05820407345890999
608 0.058239832520484924
609 0.05841357633471489
610 0.05841496214270592
611 0.05770648270845413
612 0.05831368267536163
613 0.05784270539879799
614 0.05841850861907005
615 0.06076865643262863
616 0.060249824076890945
617 0.057516295462846756
618 0.05859505385160446
619 0.057690802961587906
620 0.059684108942747116
621 0.05784439668059349
622 0.05734866484999657
623 0.0586836114525795
624 0.05678563192486763
625 0.060026708990335464
626 0.05760110914707184
627 0.0580429807305336
628 0.05821749567985535
629 0.058540452271699905
630 0.05794905871152878
631 0.05873024836182594
632 0.05792241543531418
633 0.0576280914247036
634 0.057951830327510834
635 0.05806906521320343
636 0.05636366084218025
637 0.0561419278383255
638 0.056509871035814285
639 0.05714014172554016
640 0.05672084912657738
641 0.05706799030303955
642 0.05718502029776573
643 0.05693323165178299
644 0.05725228041410446
645 0.058390870690345764
646 0.05680839344859123
647 0.05678695812821388
648 0.05575551092624664
649 0.05539001524448395
650 0.05768543481826782
651 0.05627534165978432
652 0.05504493787884712
653 0.0564560741186142
654 0.05616525188088417
655 0.05753384158015251
656 0.05568300932645798
657 0.05557021126151085
658 0.057679466903209686
659 0.05752976983785629
660 0.056798048317432404
661 0.058308862149715424
662 0.05525244399905205
663 0.05647548288106918
664 0.05578364059329033
665 0.05626802518963814
666 0.0550268180668354
667 0.056407660245895386
668 0.05584625527262688
669 0.05565493553876877
670 0.05618680268526077
671 0.057125069200992584
672 0.05554265156388283
673 0.05525210127234459
674 0.05431143194437027
675 0.054496895521879196
676 0.057713307440280914
677 0.05584200471639633
678 0.05684174597263336
679 0.054364584386348724
680 0.05515339598059654
681 0.056169334799051285
682 0.05476585403084755
683 0.055174101144075394
684 0.05463559180498123
685 0.05496569350361824
686 0.055604029446840286
687 0.055472202599048615
688 0.0563993938267231
689 0.05525631830096245
690 0.0553010068833828
691 0.053838856518268585
692 0.05691004917025566
693 0.054962411522865295
694 0.054938435554504395
695 0.05443715676665306
696 0.05590440705418587
697 0.054287321865558624
698 0.05380548909306526
699 0.05549006909132004
700 0.054833199828863144
701 0.054929930716753006
702 0.05440356954932213
703 0.053726568818092346
704 0.05441931635141373
705 0.05467931181192398
706 0.05392292141914368
707 0.0546003095805645
708 0.05551305413246155
709 0.05458792671561241
710 0.05342027544975281
711 0.05389142781496048
712 0.05353711172938347
713 0.05294785648584366
714 0.052476149052381516
715 0.053870655596256256
716 0.0533641017973423
717 0.05224396660923958
718 0.05484519153833389
719 0.05353955924510956
720 0.053849443793296814
721 0.05465063452720642
722 0.05254381522536278
723 0.05386917665600777
724 0.053616803139448166
725 0.05274663493037224
726 0.05400830879807472
727 0.05466447025537491
728 0.054438941180706024
729 0.05454278737306595
730 0.053362902253866196
731 0.053768355399370193
732 0.052570655941963196
733 0.05337965115904808
734 0.05306396260857582
735 0.05239563807845116
736 0.05381990969181061
737 0.051157768815755844
738 0.05353951454162598
739 0.05277659744024277
740 0.052130211144685745
741 0.05297660827636719
742 0.053154364228248596
743 0.05431918427348137
744 0.05325586348772049
745 0.0522020198404789
746 0.052332982420921326
747 0.05347665026783943
748 0.05264277383685112
749 0.053839996457099915
750 0.05401117727160454
751 0.05208927020430565
752 0.05144116282463074
753 0.052375633269548416
754 0.053413283079862595
755 0.05177270248532295
756 0.05297398939728737
757 0.05277155339717865
758 0.051561858505010605
759 0.05115198716521263
760 0.05302631855010986
761 0.05137268081307411
762 0.05127624049782753
763 0.052964191883802414
764 0.05263205245137215
765 0.05240168049931526
766 0.051430266350507736
767 0.051670726388692856
768 0.05119676515460014
769 0.052218686789274216
770 0.05140382796525955
771 0.051471225917339325
772 0.05266144126653671
773 0.051078177988529205
774 0.05468246340751648
775 0.05213259160518646
776 0.05155302584171295
777 0.05074732005596161
778 0.049957409501075745
779 0.050279032438993454
780 0.05056591331958771
781 0.05031858757138252
782 0.05149973928928375
783 0.051468126475811005
784 0.05092436820268631
785 0.053236138075590134
786 0.051422636955976486
787 0.05107932537794113
788 0.051368799060583115
789 0.050700727850198746
790 0.05190802738070488
791 0.051473218947649
792 0.05139981210231781
793 0.051387157291173935
794 0.05108382925391197
795 0.04957875981926918
796 0.05115356668829918
797 0.05028773844242096
798 0.04979745298624039
799 0.05115916207432747
800 0.0503079779446125
