1 1.4291192293167114
2 1.3962054252624512
3 1.3124102354049683
4 1.37938392162323
5 1.3149791955947876
6 1.317212462425232
7 1.3077090978622437
8 1.333735704421997
9 1.344828486442566
10 1.347914218902588
11 1.380384922027588
12 1.352159023284912
13 1.3018556833267212
14 1.3403047323226929
15 1.3295985460281372
16 1.3276442289352417
17 1.3244181871414185
18 1.3433425426483154
19 1.367071509361267
20 1.3666592836380005
21 1.3413056135177612
22 1.2717511653900146
23 1.3143409490585327
24 1.4107568264007568
25 1.3530527353286743
26 1.3266733884811401
27 1.3516963720321655
28 1.3077775239944458
29 1.3341021537780762
30 1.3585727214813232
31 1.3397915363311768
32 1.3346474170684814
33 1.3027002811431885
34 1.3498344421386719
35 1.3546239137649536
36 1.2890781164169312
37 1.3121919631958008
38 1.3238801956176758
39 1.3691833019256592
40 1.3656028509140015
41 1.365466833114624
42 1.2846524715423584
43 1.3288261890411377
44 1.3353673219680786
45 1.3022966384887695
46 1.3440396785736084
47 1.3794269561767578
48 1.2834335565567017
49 1.3390471935272217
50 1.3728495836257935
51 1.296305537223816
52 1.3116523027420044
53 1.4318950176239014
54 1.2981868982315063
55 1.3273844718933105
56 1.34828782081604
57 1.2944620847702026
58 1.35198974609375
59 1.3461875915527344
60 1.3425235748291016
61 1.315589189529419
62 1.3051230907440186
63 1.359142541885376
64 1.3496320247650146
65 1.3395360708236694
66 1.3925098180770874
67 1.3206144571304321
68 1.3950209617614746
69 1.2911032438278198
70 1.333372712135315
71 1.2935229539871216
72 1.3121709823608398
73 1.3556926250457764
74 1.3028504848480225
75 1.3517786264419556
76 1.3077657222747803
77 1.3786784410476685
78 1.3913754224777222
79 1.4008857011795044
80 1.3553647994995117
81 1.344252109527588
82 1.3130584955215454
83 1.2921497821807861
84 1.2980287075042725
85 1.3595348596572876
86 1.4292665719985962
87 1.360902190208435
88 1.3002995252609253
89 1.3455921411514282
90 1.331146001815796
91 1.3216451406478882
92 1.3585841655731201
93 1.2954440116882324
94 1.3672412633895874
95 1.3207292556762695
96 1.3212571144104004
97 1.3189893960952759
98 1.3854764699935913
99 1.3224377632141113
100 1.3156286478042603
101 1.4545661211013794
102 1.3077610731124878
103 1.3151795864105225
104 1.3511781692504883
105 1.3389297723770142
106 1.350699543952942
107 1.3273109197616577
108 1.3189631700515747
109 1.3443959951400757
110 1.3300257921218872
111 1.3563721179962158
112 1.3508894443511963
113 6.0680952072143555
114 3.6442770957946777
115 2.9411067962646484
116 2.30948543548584
117 2.31400203704834
118 1.9722126722335815
119 1.8028950691223145
120 2.02006459236145
121 2.037060260772705
122 1.8968400955200195
123 1.8327369689941406
124 1.8566468954086304
125 1.9396018981933594
126 1.807519555091858
127 1.842105746269226
128 1.59896981716156
129 1.611965298652649
130 1.7238777875900269
131 1.6579201221466064
132 1.7786633968353271
133 1.8220951557159424
134 1.6831388473510742
135 1.774980068206787
136 1.63881516456604
137 1.8176144361495972
138 1.7209124565124512
139 1.5663319826126099
140 1.8283298015594482
141 1.6727021932601929
142 1.6134458780288696
143 1.6031057834625244
144 1.650163173675537
145 1.7765716314315796
146 1.7573845386505127
147 1.5317504405975342
148 1.6104763746261597
149 1.7182910442352295
150 1.6766648292541504
151 1.7829976081848145
152 1.7213834524154663
153 1.7912893295288086
154 1.7047704458236694
155 1.7207688093185425
156 1.676007866859436
157 1.7800928354263306
158 1.6101540327072144
159 1.8418902158737183
160 1.734349012374878
161 1.624453067779541
162 1.7587027549743652
163 1.6203782558441162
164 1.5763205289840698
165 1.8249015808105469
166 1.6536781787872314
167 1.6877241134643555
168 1.7288447618484497
169 1.623525857925415
170 1.793444275856018
171 1.604711890220642
172 1.736368179321289
173 1.7771002054214478
174 1.6356154680252075
175 1.6505855321884155
176 1.6737185716629028
177 1.6600311994552612
178 1.7110545635223389
179 1.6691300868988037
180 1.7824428081512451
181 1.7295109033584595
182 1.7160825729370117
183 1.7035152912139893
184 1.6654871702194214
185 1.6407853364944458
186 1.697297215461731
187 1.8570631742477417
188 1.6996359825134277
189 1.7719943523406982
190 1.5497710704803467
191 1.5854833126068115
192 1.6606537103652954
193 1.6505850553512573
194 1.609496831893921
195 1.7060933113098145
196 1.7367099523544312
197 1.6700235605239868
198 1.8041753768920898
199 1.6980547904968262
200 1.7324949502944946
