1 1.1101024150848389
2 0.8003061413764954
3 0.6169078350067139
4 0.5125884413719177
5 0.43081802129745483
6 0.3795682191848755
7 0.33381712436676025
8 0.2918313145637512
9 0.2840230464935303
10 0.2641591429710388
11 0.2454145848751068
12 0.23835289478302002
13 0.22783304750919342
14 0.22717732191085815
15 0.22164835035800934
16 0.2205374538898468
17 0.20012260973453522
18 0.19902916252613068
19 0.18886660039424896
20 0.18094322085380554
21 0.19562791287899017
22 0.1805151402950287
23 0.1754918247461319
24 0.17231902480125427
25 0.16628727316856384
26 0.15703539550304413
27 0.16269078850746155
28 0.16430766880512238
29 0.16396771371364594
30 0.15205565094947815
31 0.14643283188343048
32 0.14110687375068665
33 0.1462518274784088
34 0.14182019233703613
35 0.14377470314502716
36 0.1394329071044922
37 0.14411674439907074
38 0.12242501229047775
39 0.12296538054943085
40 0.13751919567584991
41 0.12956568598747253
42 0.13707096874713898
43 0.12377860397100449
44 0.1350056678056717
45 0.1392764151096344
46 0.13874264061450958
47 0.13360515236854553
48 0.1383441835641861
49 0.11907478421926498
50 0.1063457801938057
51 0.13340294361114502
52 0.11677780747413635
53 0.11628688871860504
54 0.11233958601951599
55 0.11526317149400711
56 0.11808816343545914
57 0.10518855601549149
58 0.11665760725736618
59 0.11240433901548386
60 0.15795327723026276
61 0.12403512001037598
62 0.10336543619632721
63 0.11585929989814758
64 0.1280127912759781
65 0.11275886744260788
66 0.11387091130018234
67 0.12635459005832672
68 0.12721918523311615
69 0.10666253417730331
70 0.10061151534318924
71 0.10930563509464264
72 0.10768961906433105
73 0.09763187915086746
74 0.09963474422693253
75 0.11981053650379181
76 0.10502850264310837
77 0.10708050429821014
78 0.10963913053274155
79 0.1137847974896431
80 0.10781625658273697
81 0.09285271912813187
82 0.10449245572090149
83 0.09753596782684326
84 0.10232605040073395
85 0.08798515051603317
86 0.10674774646759033
87 0.10023727267980576
88 0.10040023177862167
89 0.11272632330656052
90 0.09956780076026917
91 0.10246952623128891
92 0.10693816095590591
93 0.09991748631000519
94 0.1053827702999115
95 0.10102865844964981
96 0.08921218663454056
97 0.09710759669542313
98 0.08383294939994812
99 0.10450957715511322
100 0.10410212725400925
101 0.10373033583164215
102 0.14207153022289276
103 0.10405851900577545
104 0.09568691998720169
105 0.1456238180398941
106 0.10041677206754684
107 0.11674229800701141
108 0.09632532298564911
109 0.09808745980262756
110 0.08996333181858063
111 0.08359533548355103
112 0.10422884672880173
113 0.09504062682390213
114 0.11921185255050659
115 0.10310487449169159
116 0.09587284922599792
117 0.08503466099500656
118 0.09485595673322678
119 0.0833209827542305
120 0.0953914076089859
121 0.09962646663188934
122 0.087002694606781
123 0.08004782348871231
124 0.08048423379659653
125 0.0997435450553894
126 0.08109088987112045
127 0.08648887276649475
128 0.08586824685335159
129 0.10143212229013443
130 0.09388122707605362
131 0.08869022876024246
132 0.10282526910305023
133 0.07928422093391418
134 0.08820546418428421
135 0.10946575552225113
136 0.08002682775259018
137 0.10207439213991165
138 0.10246093571186066
139 0.09286908060312271
140 0.08999504148960114
141 0.09134772419929504
142 0.0896056741476059
143 0.11214955896139145
144 0.08087709546089172
145 0.09807921200990677
146 0.07665032893419266
147 0.07690374553203583
148 0.08620316535234451
149 0.09259237349033356
150 0.08671268820762634
151 0.1059565469622612
152 0.08719730377197266
153 0.09274662286043167
154 0.08299251645803452
155 0.09326910227537155
156 0.1029062494635582
157 0.14619965851306915
158 0.13583500683307648
159 0.11714982986450195
160 0.08224526792764664
161 0.09060706198215485
162 0.0825817659497261
163 0.08855395019054413
164 0.08450043946504593
165 0.08674722909927368
166 0.0798080787062645
167 0.08882764726877213
168 0.07650105655193329
169 0.07791538536548615
170 0.07431421428918839
171 0.07930531352758408
172 0.1109783872961998
173 0.0746353343129158
174 0.07896345853805542
175 0.07692308723926544
176 0.06583856791257858
177 0.14836624264717102
178 0.0854683592915535
179 0.07502976059913635
180 0.07338755577802658
181 0.08607818931341171
182 0.11115269362926483
183 0.0805877074599266
184 0.09146039187908173
185 0.09632373601198196
186 0.09143868833780289
187 0.08936769515275955
188 0.08467262983322144
189 0.08542350679636002
190 0.07623137533664703
191 0.08269470185041428
192 0.07523425668478012
193 0.0708141177892685
194 0.10680752247571945
195 0.07257416099309921
196 0.0895019918680191
197 0.07326280325651169
198 0.08058318495750427
199 0.08307383209466934
200 0.09720885753631592
