1 1.2336441278457642
2 1.1593228578567505
3 1.1304410696029663
4 1.0901492834091187
5 1.0453276634216309
6 1.000372052192688
7 0.959320604801178
8 0.9231511354446411
9 0.8905833959579468
10 0.8591795563697815
11 0.8291501998901367
12 0.8040459752082825
13 0.7775871157646179
14 0.7534257769584656
15 0.7296234965324402
16 0.7072205543518066
17 0.6861379146575928
18 0.6659643650054932
19 0.6468203663825989
20 0.6278221011161804
21 0.6109116077423096
22 0.5955545902252197
23 0.5800887942314148
24 0.5636720657348633
25 0.5512803792953491
26 0.5391808748245239
27 0.5254559516906738
28 0.5120651721954346
29 0.5000429153442383
30 0.48818135261535645
31 0.4772174060344696
32 0.4658075273036957
33 0.4550822377204895
34 0.4437718093395233
35 0.4320503771305084
36 0.42205432057380676
37 0.41179344058036804
38 0.40082985162734985
39 0.39209023118019104
40 0.3828086853027344
41 0.3729403018951416
42 0.3637576997280121
43 0.3553440570831299
44 0.3464570939540863
45 0.34032386541366577
46 0.3321576714515686
47 0.32438182830810547
48 0.3164999485015869
49 0.31033745408058167
50 0.3045378625392914
51 0.29727864265441895
52 0.2916069030761719
53 0.2849252223968506
54 0.2805385887622833
55 0.27477341890335083
56 0.269310861825943
57 0.2639879584312439
58 0.25968196988105774
59 0.25491759181022644
60 0.250829815864563
61 0.24808132648468018
62 0.24373482167720795
63 0.2403961718082428
64 0.23584957420825958
65 0.23210620880126953
66 0.22846879065036774
67 0.22588752210140228
68 0.22191323339939117
69 0.21930944919586182
70 0.21644063293933868
71 0.21414777636528015
72 0.21155041456222534
73 0.2088823765516281
74 0.20485363900661469
75 0.20296983420848846
76 0.19999927282333374
77 0.19899919629096985
78 0.1947995126247406
79 0.19365036487579346
80 0.19213266670703888
81 0.18861053884029388
82 0.18790985643863678
83 0.18476955592632294
84 0.18332254886627197
85 0.1822044551372528
86 0.17992790043354034
87 0.17828017473220825
88 0.1753755807876587
89 0.1739300787448883
90 0.173158198595047
91 0.17144493758678436
92 0.1692691594362259
93 0.16823449730873108
94 0.16528302431106567
95 0.16368906199932098
96 0.16332268714904785
97 0.1619592010974884
98 0.1621571034193039
99 0.15995541214942932
100 0.15873095393180847
101 0.15702933073043823
102 0.1556636542081833
103 0.15421505272388458
104 0.15294228494167328
105 0.15190313756465912
106 0.15110823512077332
107 0.15073749423027039
108 0.1497923880815506
109 0.14697694778442383
110 0.1471201628446579
111 0.14489172399044037
112 0.14440803229808807
113 0.14398802816867828
114 0.1417430341243744
115 0.14139766991138458
116 0.1418527513742447
117 0.13942420482635498
118 0.13831186294555664
119 0.13806885480880737
120 0.13723725080490112
121 0.1371581107378006
122 0.13469964265823364
123 0.13472984731197357
124 0.13332033157348633
125 0.1339980512857437
126 0.13214194774627686
127 0.13270828127861023
128 0.12987081706523895
129 0.13090771436691284
130 0.12901946902275085
131 0.12897512316703796
132 0.1279284954071045
133 0.12838225066661835
134 0.12578971683979034
135 0.1263103038072586
136 0.12636226415634155
137 0.1254667490720749
138 0.12423384934663773
139 0.12288461625576019
140 0.12285158038139343
141 0.12177913635969162
142 0.12252461165189743
143 0.12051200866699219
144 0.12113365530967712
145 0.11940144002437592
146 0.11663645505905151
147 0.11833815276622772
148 0.11926417052745819
149 0.11683912575244904
150 0.11756091564893723
151 0.11698915809392929
152 0.11766789853572845
153 0.11604517698287964
154 0.11594371497631073
155 0.11480854451656342
156 0.11366070061922073
157 0.11385175585746765
158 0.11246085911989212
159 0.11334323137998581
160 0.11199358105659485
161 0.11215918511152267
162 0.1113361194729805
163 0.11138655990362167
164 0.11036302894353867
165 0.11176937073469162
166 0.11084288358688354
167 0.11081976443529129
168 0.10841945558786392
169 0.10997288674116135
170 0.10825099050998688
171 0.10814905166625977
172 0.10680216550827026
173 0.1072475016117096
174 0.10706675052642822
175 0.10653376579284668
176 0.10666916519403458
177 0.10749173164367676
178 0.10433279722929001
179 0.10454248636960983
180 0.104850172996521
181 0.1040925458073616
182 0.10513000935316086
183 0.10330045223236084
184 0.10414909571409225
185 0.10248591005802155
186 0.1036360040307045
187 0.10251584649085999
188 0.10208547115325928
189 0.10344956815242767
190 0.10194667428731918
191 0.10108020901679993
192 0.10016800463199615
193 0.10028976947069168
194 0.10086410492658615
195 0.09999901056289673
196 0.10028336197137833
197 0.100637286901474
198 0.09964365512132645
199 0.0996914803981781
200 0.09907219558954239
