1 1.0452802181243896
2 0.678493082523346
3 0.5007635951042175
4 0.39923974871635437
5 0.29945534467697144
6 0.25934770703315735
7 0.24080681800842285
8 0.2095511108636856
9 0.20965959131717682
10 0.18898460268974304
11 0.1721431016921997
12 0.19622477889060974
13 0.1497131586074829
14 0.16387556493282318
15 0.16204790771007538
16 0.1566447764635086
17 0.17011649906635284
18 0.17215976119041443
19 0.14716379344463348
20 0.13625633716583252
21 0.12812772393226624
22 0.12394733726978302
23 0.15547305345535278
24 0.15455445647239685
25 0.1314832866191864
26 0.11537604033946991
27 0.11681891977787018
28 0.11644060909748077
29 0.12768395245075226
30 0.1422976404428482
31 0.1208256185054779
32 0.11572811752557755
33 0.10908962786197662
34 0.11666756868362427
35 0.12506382167339325
36 0.10102441906929016
37 0.11724347621202469
38 0.14791369438171387
39 0.1078144907951355
40 0.11303528398275375
41 0.11762896180152893
42 0.1329149603843689
43 0.11431363970041275
44 0.12798768281936646
45 0.11796875298023224
46 0.09461501240730286
47 0.10218612849712372
48 0.09756863117218018
49 0.11266293376684189
50 0.0960565060377121
51 0.10749742388725281
52 0.10239943861961365
53 0.10660137236118317
54 0.09025010466575623
55 0.08424395322799683
56 0.11428020149469376
57 0.09376347064971924
58 0.09659724682569504
59 0.10766754299402237
60 0.10841622203588486
61 0.10732927173376083
62 0.11059144884347916
63 0.10597672313451767
64 0.11679323762655258
65 0.13250893354415894
66 0.09868517518043518
67 0.1127728670835495
68 0.10395445674657822
69 0.08769875019788742
70 0.10586203634738922
71 0.09956821799278259
72 0.116928331553936
73 0.11615032702684402
74 0.11376114934682846
75 0.07509694993495941
76 0.08914737403392792
77 0.0888504832983017
78 0.11431940644979477
79 0.0942278727889061
80 0.10036970674991608
81 0.10384974628686905
82 0.092908576130867
83 0.08758841454982758
84 0.11938956379890442
85 0.0845533162355423
86 0.116028793156147
87 0.09520231187343597
88 0.10171715170145035
89 0.07822257280349731
90 0.08408227562904358
91 0.10580741614103317
92 0.08881523460149765
93 0.07941631227731705
94 0.07919960469007492
95 0.09033146500587463
96 0.08561216294765472
97 0.09530986100435257
98 0.09334635734558105
99 0.06680554896593094
100 0.10871940106153488
101 0.08081914484500885
102 0.09239619970321655
103 0.08857224136590958
104 0.08824094384908676
105 0.10525062680244446
106 0.09632066637277603
107 0.108928382396698
108 0.08284062147140503
109 0.08710045367479324
110 0.09607775509357452
111 0.07441193610429764
112 0.08506741374731064
113 0.09411174803972244
114 0.12856648862361908
115 0.08315376192331314
116 0.09770325571298599
117 0.06890320777893066
118 0.06493036448955536
119 0.0708889439702034
120 0.07032088190317154
121 0.08737515658140182
122 0.07848885655403137
123 0.10341949015855789
124 0.10292369872331619
125 0.09475834667682648
126 0.08193669468164444
127 0.09679245203733444
128 0.10264917463064194
129 0.09717092663049698
130 0.09112163633108139
131 0.07404593378305435
132 0.07996644824743271
133 0.08081339299678802
134 0.08843138813972473
135 0.07733825594186783
136 0.0694846510887146
137 0.09151088446378708
138 0.11522350460290909
139 0.10419897735118866
140 0.07020901143550873
141 0.0968005508184433
142 0.07632987946271896
143 0.08542486280202866
144 0.08044710755348206
145 0.0995744839310646
146 0.08806336671113968
147 0.07373852282762527
148 0.08454039692878723
149 0.0819530263543129
150 0.07250727713108063
151 0.08213767409324646
152 0.06462734192609787
153 0.07286086678504944
154 0.08289820700883865
155 0.09177055209875107
156 0.12148241698741913
157 0.0656944215297699
158 0.08309532701969147
159 0.0805017352104187
160 0.141171395778656
161 0.070118248462677
162 0.07489117980003357
163 0.07185476273298264
164 0.08857032656669617
165 0.08828289806842804
166 0.08321992307901382
167 0.08286645263433456
168 0.06225192919373512
169 0.0880085676908493
170 0.06603659689426422
171 0.10207020491361618
172 0.08534281700849533
173 0.0869736596941948
174 0.06884799152612686
175 0.07714246213436127
176 0.0756031796336174
177 0.07798122614622116
178 0.0743200033903122
179 0.07244417071342468
180 0.16309678554534912
181 0.07721182703971863
182 0.07240939140319824
183 0.0679493322968483
184 0.06435643136501312
185 0.06866826862096786
186 0.07374060153961182
187 0.08552830666303635
188 0.09758993238210678
189 0.07193368673324585
190 0.08471302688121796
191 0.09401094913482666
192 0.06802725791931152
193 0.07139480113983154
194 0.06106532737612724
195 0.08225241303443909
196 0.12023281306028366
197 0.08011596649885178
198 0.06999967247247696
199 0.11042122542858124
200 0.05721978098154068
