1 1.0240957736968994
2 0.6514893174171448
3 0.5023962259292603
4 0.38254496455192566
5 0.3288303017616272
6 0.261921226978302
7 0.23731516301631927
8 0.22901557385921478
9 0.19231227040290833
10 0.20103885233402252
11 0.21641315519809723
12 0.1792643517255783
13 0.1778612583875656
14 0.15773546695709229
15 0.13797540962696075
16 0.1592826247215271
17 0.14910994470119476
18 0.13181523978710175
19 0.1559322625398636
20 0.14188601076602936
21 0.14186395704746246
22 0.130986750125885
23 0.13354700803756714
24 0.1405022293329239
25 0.13204972445964813
26 0.12472405284643173
27 0.11685721576213837
28 0.11717206239700317
29 0.1181943416595459
30 0.13835850358009338
31 0.12075135856866837
32 0.11626911163330078
33 0.1332855373620987
34 0.10561608523130417
35 0.13339431583881378
36 0.11842205375432968
37 0.1312076598405838
38 0.11125754565000534
39 0.10885009169578552
40 0.09586048871278763
41 0.10977555811405182
42 0.10888824611902237
43 0.13158337771892548
44 0.12345650792121887
45 0.09843111783266068
46 0.11175927519798279
47 0.10485535115003586
48 0.10448423027992249
49 0.0870891734957695
50 0.09313365072011948
51 0.09012425690889359
52 0.10552407801151276
53 0.09772557765245438
54 0.10771163552999496
55 0.09792980551719666
56 0.11061040312051773
57 0.0982934907078743
58 0.09283260256052017
59 0.09841066598892212
60 0.129912868142128
61 0.0906904935836792
62 0.0834730938076973
63 0.1177661195397377
64 0.09850434958934784
65 0.11730428040027618
66 0.08711709082126617
67 0.10152220726013184
68 0.08344573527574539
69 0.0912756621837616
70 0.1399584859609604
71 0.1340927928686142
72 0.09356577694416046
73 0.0937337726354599
74 0.09542763233184814
75 0.10531032830476761
76 0.08892770856618881
77 0.0981215164065361
78 0.09371528029441833
79 0.095485620200634
80 0.09277045726776123
81 0.08784161508083344
82 0.08917532861232758
83 0.08799527585506439
84 0.08881783485412598
85 0.0914156511425972
86 0.09844166785478592
87 0.07491758465766907
88 0.10061538964509964
89 0.11723572015762329
90 0.10032633692026138
91 0.11435742676258087
92 0.08855243772268295
93 0.08674564212560654
94 0.1175246313214302
95 0.07980795204639435
96 0.0975145623087883
97 0.08882259577512741
98 0.09025888890028
99 0.12926273047924042
100 0.08165498077869415
101 0.08471169322729111
102 0.08599149435758591
103 0.10461533814668655
104 0.09274039417505264
105 0.09119371324777603
106 0.07711911201477051
107 0.07562080025672913
108 0.11007439345121384
109 0.07801254838705063
110 0.11328459531068802
111 0.07804950326681137
112 0.09721788763999939
113 0.07166683673858643
114 0.07253345102071762
115 0.11736749112606049
116 0.08595787733793259
117 0.09904009103775024
118 0.12256621569395065
119 0.0863659456372261
120 0.0862535908818245
121 0.0852028951048851
122 0.07272472232580185
123 0.07217143476009369
124 0.08123429119586945
125 0.10217130184173584
126 0.08886246383190155
127 0.09042570739984512
128 0.09029005467891693
129 0.11398687213659286
130 0.0832543894648552
131 0.09407143294811249
132 0.09645505249500275
133 0.08604972064495087
134 0.12089138478040695
135 0.06772281974554062
136 0.06492438167333603
137 0.11140598356723785
138 0.1236584484577179
139 0.07701663672924042
140 0.08322090655565262
141 0.10706887394189835
142 0.0645119771361351
143 0.07574762403964996
144 0.1152733787894249
145 0.07584141194820404
146 0.06173727288842201
147 0.09036707133054733
148 0.06969773024320602
149 0.0767604410648346
150 0.08162830770015717
151 0.07760824263095856
152 0.07499027252197266
153 0.07808986306190491
154 0.13369600474834442
155 0.07073937356472015
156 0.07836896181106567
157 0.07428513467311859
158 0.08749236166477203
159 0.06632515043020248
160 0.09711873531341553
161 0.08441390842199326
162 0.10044489055871964
163 0.0781429186463356
164 0.07491553574800491
165 0.06811662018299103
166 0.08198003470897675
167 0.10388952493667603
168 0.08915243297815323
169 0.06703053414821625
170 0.09300194680690765
171 0.07277491688728333
172 0.08771602809429169
173 0.08558463305234909
174 0.06772740930318832
175 0.07380261272192001
176 0.06391493231058121
177 0.08350743353366852
178 0.12016210705041885
179 0.09399088472127914
180 0.11274156719446182
181 0.07513649761676788
182 0.06728518009185791
183 0.09927690774202347
184 0.08011221140623093
185 0.07452072203159332
186 0.10502994805574417
187 0.07391737401485443
188 0.06925426423549652
189 0.06599642336368561
190 0.06371811777353287
191 0.05867135524749756
192 0.05911308899521828
193 0.08742846548557281
194 0.07307177037000656
195 0.05909273400902748
196 0.06417683511972427
197 0.1038648784160614
198 0.07176610082387924
199 0.08822233229875565
200 0.07012078166007996
201 0.10083310306072235
202 0.08140817284584045
203 0.10320019721984863
204 0.05470496416091919
205 0.08586110174655914
206 0.06339678168296814
207 0.06924058496952057
208 0.05989665538072586
209 0.09235891699790955
210 0.06742972135543823
211 0.057967521250247955
212 0.07004767656326294
213 0.06901916861534119
214 0.090048648416996
215 0.06951804459095001
216 0.10674245655536652
217 0.07795283943414688
218 0.06472141295671463
219 0.06420194357633591
220 0.0803479552268982
221 0.07095973938703537
222 0.11142945289611816
223 0.113442562520504
224 0.08035068213939667
225 0.09133951365947723
226 0.05666841194033623
227 0.07154535502195358
228 0.06341790407896042
229 0.08318610489368439
230 0.14326119422912598
231 0.06248859688639641
232 0.06355977803468704
233 0.07482147961854935
234 0.08574707061052322
235 0.06247758865356445
236 0.08957108110189438
237 0.0746195837855339
238 0.06412556022405624
239 0.08848340064287186
240 0.08484680950641632
241 0.09738780558109283
242 0.062079932540655136
243 0.08839941769838333
244 0.07384850084781647
245 0.06852951645851135
246 0.08227448165416718
247 0.06521867215633392
248 0.08030618727207184
249 0.0823090448975563
250 0.08800732344388962
251 0.060025352984666824
252 0.0655442550778389
253 0.07059666514396667
254 0.09599576890468597
255 0.0721675306558609
256 0.061757221817970276
257 0.0639423206448555
258 0.07053354382514954
259 0.07424473017454147
260 0.06800603866577148
261 0.08244994282722473
262 0.09697150439023972
263 0.07102987170219421
264 0.08994478732347488
265 0.1048961728811264
266 0.093952476978302
267 0.09412960708141327
268 0.0636386126279831
269 0.05638203024864197
270 0.054735343903303146
271 0.07186222076416016
272 0.07771692425012589
273 0.09098163992166519
274 0.06843356788158417
275 0.0667831227183342
276 0.05473865196108818
277 0.07222609966993332
278 0.05948220193386078
279 0.07195631414651871
280 0.07085061818361282
281 0.06901460886001587
282 0.07667703926563263
283 0.07904864102602005
284 0.07317511737346649
285 0.0758054107427597
286 0.060719069093465805
287 0.07866597175598145
288 0.11761686205863953
289 0.07854359596967697
290 0.0860038623213768
291 0.07350214570760727
292 0.06177276000380516
293 0.06345254182815552
294 0.05052363499999046
295 0.06461969017982483
296 0.07934451848268509
297 0.07035480439662933
298 0.08202899247407913
299 0.061620939522981644
300 0.07492567598819733
301 0.06517577916383743
302 0.07803201675415039
303 0.05979684367775917
304 0.06846081465482712
305 0.07032113522291183
306 0.061354003846645355
307 0.084225594997406
308 0.10612092167139053
309 0.06541623920202255
310 0.08390792459249496
311 0.06012297421693802
312 0.06388221681118011
313 0.05306185781955719
314 0.07099660485982895
315 0.0722666084766388
316 0.07505100965499878
317 0.046806421130895615
318 0.09076014906167984
319 0.04784007743000984
320 0.12993738055229187
321 0.07207269221544266
322 0.06224372982978821
323 0.06434155255556107
324 0.05115130543708801
325 0.08661234378814697
326 0.06081123650074005
327 0.07097740471363068
328 0.0639938935637474
329 0.07227957993745804
330 0.06627656519412994
331 0.08584899455308914
332 0.049570467323064804
333 0.06632345914840698
334 0.07989958673715591
335 0.05901668593287468
336 0.07119957357645035
337 0.08215589821338654
338 0.07387232035398483
339 0.06822408735752106
340 0.07508080452680588
341 0.07482163608074188
342 0.060628172010183334
343 0.054351288825273514
344 0.08070339262485504
345 0.06287136673927307
346 0.05516775697469711
347 0.07306067645549774
348 0.07889942824840546
349 0.08021220564842224
350 0.0666307806968689
351 0.052975673228502274
352 0.09768640249967575
353 0.06430669128894806
354 0.06575403362512589
355 0.06534510105848312
356 0.097136490046978
357 0.07634028792381287
358 0.07643663883209229
359 0.06690756231546402
360 0.058528799563646317
361 0.055980388075113297
362 0.04407896474003792
363 0.07511628419160843
364 0.07793210446834564
365 0.06688307225704193
366 0.058813732117414474
367 0.06841035932302475
368 0.055579815059900284
369 0.10888855159282684
370 0.05391658842563629
371 0.052643030881881714
372 0.04601782560348511
373 0.0819561630487442
374 0.06966381520032883
375 0.06971322000026703
376 0.08256587386131287
377 0.092951200902462
378 0.05280104652047157
379 0.08238466084003448
380 0.052674900740385056
381 0.06782761961221695
382 0.04300997033715248
383 0.06090857833623886
384 0.0692155510187149
385 0.05619791895151138
386 0.056734610348939896
387 0.05972429737448692
388 0.05956612899899483
389 0.0605374313890934
390 0.06208755448460579
391 0.07252442836761475
392 0.05575037747621536
393 0.06458558887243271
394 0.08501750975847244
395 0.07512596994638443
396 0.05640706047415733
397 0.0510331355035305
398 0.053745780140161514
399 0.05753382667899132
400 0.10270293802022934
401 0.05725068226456642
402 0.05394721031188965
403 0.06201345846056938
404 0.07846703380346298
405 0.06354239583015442
406 0.06074057146906853
407 0.07825762778520584
408 0.04646005481481552
409 0.06848949193954468
410 0.0633251741528511
411 0.07099321484565735
412 0.07612437754869461
413 0.062368087470531464
414 0.05512489750981331
415 0.057650163769721985
416 0.0649385079741478
417 0.04552135244011879
418 0.06186406686902046
419 0.0604420006275177
420 0.09473041445016861
421 0.06040676310658455
422 0.04956088215112686
423 0.04483380913734436
424 0.07984048873186111
425 0.06645361334085464
426 0.0659475177526474
427 0.06759347021579742
428 0.07351040840148926
429 0.06850776076316833
430 0.05638479068875313
431 0.0642952024936676
432 0.06652766466140747
433 0.05288096144795418
434 0.08129609376192093
435 0.0779763013124466
436 0.0629955530166626
437 0.05244480445981026
438 0.058344192802906036
439 0.055150099098682404
440 0.08681924641132355
441 0.06110532209277153
442 0.0961088240146637
443 0.05611242726445198
444 0.0497143492102623
445 0.05099331960082054
446 0.055262140929698944
447 0.04748046025633812
448 0.09549012035131454
449 0.06945819407701492
450 0.067707858979702
451 0.05061417073011398
452 0.05585774779319763
453 0.06197674572467804
454 0.04495204985141754
455 0.05526440963149071
456 0.08108387142419815
457 0.09131564199924469
458 0.08491966873407364
459 0.06725064665079117
460 0.05496642366051674
461 0.05529144033789635
462 0.05484510213136673
463 0.04298647493124008
464 0.05968839302659035
465 0.06100097671151161
466 0.07094278186559677
467 0.07092752307653427
468 0.04979827255010605
469 0.0490800179541111
470 0.08427374809980392
471 0.06298675388097763
472 0.08648904412984848
473 0.06537963449954987
474 0.04998040199279785
475 0.060723114758729935
476 0.05050726607441902
477 0.06462322175502777
478 0.06045018881559372
479 0.04167691618204117
480 0.05014008656144142
481 0.05832027643918991
482 0.0875755250453949
483 0.054144613444805145
484 0.05468889698386192
485 0.053044334053993225
486 0.05873653292655945
487 0.048930827528238297
488 0.07501529157161713
489 0.04130656272172928
490 0.06467770040035248
491 0.06898003071546555
492 0.07238379865884781
493 0.053914159536361694
494 0.0707225650548935
495 0.061564404517412186
496 0.08025404810905457
497 0.05832623317837715
498 0.046342067420482635
499 0.0689215362071991
500 0.06280473619699478
501 0.049503546208143234
502 0.06177831441164017
503 0.06359559297561646
504 0.06189212575554848
505 0.053813282400369644
506 0.046088024973869324
507 0.055788107216358185
508 0.06533323228359222
509 0.06544490903615952
510 0.05435751751065254
511 0.05334801971912384
512 0.06926518678665161
513 0.11364904791116714
514 0.06545238196849823
515 0.07098900526762009
516 0.04170677810907364
517 0.06211697310209274
518 0.05748051032423973
519 0.07262218743562698
520 0.05673664063215256
521 0.060934025794267654
522 0.060078948736190796
523 0.0551149956882
524 0.06768368929624557
525 0.049654312431812286
526 0.05516117811203003
527 0.06318818777799606
528 0.05420847609639168
529 0.04430433362722397
530 0.05767732858657837
531 0.05790918320417404
532 0.05129095911979675
533 0.09077391773462296
534 0.06317587196826935
535 0.04794672131538391
536 0.04629501327872276
537 0.07462261617183685
538 0.05119723454117775
539 0.06355161219835281
540 0.0602232851088047
541 0.06846240162849426
542 0.0676586851477623
543 0.06223934888839722
544 0.05242789536714554
545 0.06915590167045593
546 0.0518793947994709
547 0.043465979397296906
548 0.05538742244243622
549 0.04857831075787544
550 0.04404081776738167
551 0.05363524705171585
552 0.04502378776669502
553 0.07670824229717255
554 0.063131183385849
555 0.04492414370179176
556 0.04272818937897682
557 0.07806428521871567
558 0.06425317376852036
559 0.07380542159080505
560 0.05303840711712837
561 0.052079927176237106
562 0.060145676136016846
563 0.04897443950176239
564 0.04154844582080841
565 0.04784112051129341
566 0.06967291980981827
567 0.04194372892379761
568 0.047605518251657486
569 0.06691856682300568
570 0.08752444386482239
571 0.0515192486345768
572 0.05174170434474945
573 0.08322300016880035
574 0.04380505904555321
575 0.05834438279271126
576 0.089985191822052
577 0.05761772766709328
578 0.06275541335344315
579 0.043372053653001785
580 0.047244444489479065
581 0.05251491814851761
582 0.08031062036752701
583 0.052289653569459915
584 0.044406186789274216
585 0.05503373593091965
586 0.06931158900260925
587 0.04577692225575447
588 0.05144050344824791
589 0.04231175035238266
590 0.04862404614686966
591 0.06901531666517258
592 0.047473471611738205
593 0.051752928644418716
594 0.05954062566161156
595 0.06551000475883484
596 0.04999114200472832
597 0.05728638917207718
598 0.061296653002500534
599 0.07281924039125443
600 0.05199902132153511
601 0.07454608380794525
602 0.06285140663385391
603 0.064407579600811
604 0.06339418888092041
605 0.048305679112672806
606 0.05711347982287407
607 0.04896995797753334
608 0.07528772950172424
609 0.04509195312857628
610 0.056588854640722275
611 0.04867009073495865
612 0.04206560552120209
613 0.0997694805264473
614 0.08286640793085098
615 0.05633532255887985
616 0.060580022633075714
617 0.08460456877946854
618 0.06062993407249451
619 0.049914341419935226
620 0.06011590734124184
621 0.05123518034815788
622 0.05986471101641655
623 0.04883567616343498
624 0.04319705069065094
625 0.06173760071396828
626 0.05584500730037689
627 0.08747006952762604
628 0.04092669486999512
629 0.05716259405016899
630 0.05827518552541733
631 0.041789378970861435
632 0.04915190115571022
633 0.04300059378147125
634 0.047573480755090714
635 0.05770768225193024
636 0.05592901632189751
637 0.07644060999155045
638 0.04714154079556465
639 0.05528368800878525
640 0.0422445684671402
641 0.06365296989679337
642 0.06253261864185333
643 0.05101750046014786
644 0.049923449754714966
645 0.05072173476219177
646 0.05641346797347069
647 0.049019504338502884
648 0.04739196598529816
649 0.06029782071709633
650 0.03820795565843582
651 0.04179757833480835
652 0.05677012726664543
653 0.05339600890874863
654 0.059315696358680725
655 0.05121636763215065
656 0.05052229017019272
657 0.05701754614710808
658 0.04676629602909088
659 0.07078395038843155
660 0.08914326131343842
661 0.04631539434194565
662 0.07310091704130173
663 0.05655239522457123
664 0.07857657223939896
665 0.0512615442276001
666 0.05570037290453911
667 0.05288205295801163
668 0.03707199916243553
669 0.04933502525091171
670 0.048470381647348404
671 0.06631983071565628
672 0.04623832181096077
673 0.03905150294303894
674 0.04985972121357918
675 0.046214018017053604
676 0.045381441712379456
677 0.07946711033582687
678 0.07131317257881165
679 0.07893094420433044
680 0.06609488278627396
681 0.04537619650363922
682 0.058591652661561966
683 0.04661642014980316
684 0.055483702570199966
685 0.04035412147641182
686 0.036630332469940186
687 0.049075618386268616
688 0.05144964158535004
689 0.05808161944150925
690 0.058492906391620636
691 0.051820266991853714
692 0.08106955885887146
693 0.07302766293287277
694 0.043596941977739334
695 0.06054365262389183
696 0.05034516751766205
697 0.05897270888090134
698 0.04171347990632057
699 0.04721292108297348
700 0.05500127002596855
701 0.07293716818094254
702 0.060319285839796066
703 0.05358128994703293
704 0.07859287410974503
705 0.05461502447724342
706 0.07847415655851364
707 0.04880242422223091
708 0.07247131317853928
709 0.04134668782353401
710 0.05916368588805199
711 0.0461471788585186
712 0.06242109462618828
713 0.04579531401395798
714 0.050287313759326935
715 0.03711104020476341
716 0.04621941223740578
717 0.04008607938885689
718 0.03957349807024002
719 0.05880644544959068
720 0.04903479665517807
721 0.06682232767343521
722 0.0577092282474041
723 0.041009027510881424
724 0.057729002088308334
725 0.04133108630776405
726 0.036268945783376694
727 0.0968027263879776
728 0.056860268115997314
729 0.06187454238533974
730 0.041897352784872055
731 0.04823511466383934
732 0.03814036026597023
733 0.05830485373735428
734 0.04889878258109093
735 0.06618823856115341
736 0.06140496954321861
737 0.05001286044716835
738 0.07493472099304199
739 0.04907994344830513
740 0.05172239989042282
741 0.03663080558180809
742 0.05335040017962456
743 0.047633931040763855
744 0.04378702864050865
745 0.06709538400173187
746 0.07041806727647781
747 0.04901880398392677
748 0.046367112547159195
749 0.043023690581321716
750 0.041446663439273834
751 0.05441698431968689
752 0.03958090394735336
753 0.05208274722099304
754 0.056480515748262405
755 0.052665162831544876
756 0.04481375589966774
757 0.04434632509946823
758 0.06539218127727509
759 0.04367999732494354
760 0.06698886305093765
761 0.05416883900761604
762 0.04383512958884239
763 0.08217224478721619
764 0.047689039260149
765 0.03519359603524208
766 0.08560306578874588
767 0.045783523470163345
768 0.07666677236557007
769 0.047896839678287506
770 0.04902806133031845
771 0.06900431960821152
772 0.048553671687841415
773 0.05019718036055565
774 0.04021897166967392
775 0.04578240215778351
776 0.09302467107772827
777 0.06006571277976036
778 0.056111615151166916
779 0.04697191342711449
780 0.07794789224863052
781 0.04431280121207237
782 0.05911553278565407
783 0.049130503088235855
784 0.050198864191770554
785 0.04250629246234894
786 0.0549161359667778
787 0.042245544493198395
788 0.04394436627626419
789 0.0663389042019844
790 0.04438183084130287
791 0.07449866086244583
792 0.044197678565979004
793 0.043755143880844116
794 0.04960358142852783
795 0.04286229610443115
796 0.048620592802762985
797 0.06543879956007004
798 0.040021054446697235
799 0.05985559523105621
800 0.04313424602150917
