1 1.1180249452590942
2 0.7995597124099731
3 0.6341871619224548
4 0.5372834205627441
5 0.46875080466270447
6 0.40125563740730286
7 0.35355693101882935
8 0.30876094102859497
9 0.27220556139945984
10 0.25170639157295227
11 0.24085980653762817
12 0.23001793026924133
13 0.20455512404441833
14 0.20209194719791412
15 0.19282233715057373
16 0.1781204342842102
17 0.18446625769138336
18 0.17409272491931915
19 0.1625749170780182
20 0.1514606475830078
21 0.15491001307964325
22 0.16073580086231232
23 0.14293749630451202
24 0.1498623490333557
25 0.1590557098388672
26 0.15329302847385406
27 0.1595057249069214
28 0.13217660784721375
29 0.1308782994747162
30 0.1283014714717865
31 0.14639461040496826
32 0.1310769021511078
33 0.1338067203760147
34 0.13594768941402435
35 0.14567826688289642
36 0.11905627697706223
37 0.1248084232211113
38 0.12846103310585022
39 0.12111334502696991
40 0.127320796251297
41 0.1134054884314537
42 0.12199050933122635
43 0.1177711933851242
44 0.11766211688518524
45 0.11983710527420044
46 0.11313485354185104
47 0.12141603976488113
48 0.1109752282500267
49 0.11363082379102707
50 0.11576429754495621
51 0.11922257393598557
52 0.12221717089414597
53 0.10567525029182434
54 0.10525719821453094
55 0.10210783034563065
56 0.10834651440382004
57 0.10312824696302414
58 0.12715452909469604
59 0.10785548388957977
60 0.10358153283596039
61 0.10371450334787369
62 0.12569880485534668
63 0.10553449392318726
64 0.10249427706003189
65 0.0959637314081192
66 0.10522554069757462
67 0.09586924314498901
68 0.09317661821842194
69 0.1002485603094101
70 0.10507997125387192
71 0.10555912554264069
72 0.09457149356603622
73 0.10562498867511749
74 0.10352577269077301
75 0.11041757464408875
76 0.09580161422491074
77 0.09231820702552795
78 0.09984937310218811
79 0.10040556639432907
80 0.091263048350811
81 0.10872042179107666
82 0.13668718934059143
83 0.0997096374630928
84 0.1061367616057396
85 0.11401889473199844
86 0.09293573349714279
87 0.09374582767486572
88 0.09710844606161118
89 0.09724422544240952
90 0.09715542942285538
91 0.09534018486738205
92 0.10581578314304352
93 0.08587323129177094
94 0.08893553912639618
95 0.08255192637443542
96 0.08943760395050049
97 0.08577720820903778
98 0.0914035364985466
99 0.10516493767499924
100 0.10294948518276215
101 0.0920133963227272
102 0.09071377664804459
103 0.10203926265239716
104 0.07887093722820282
105 0.08531175553798676
106 0.11326867341995239
107 0.0937369167804718
108 0.09209982305765152
109 0.0943494513630867
110 0.08263996988534927
111 0.09216470271348953
112 0.08623944222927094
113 0.11039882898330688
114 0.09037552028894424
115 0.08462414890527725
116 0.08749891072511673
117 0.09739898145198822
118 0.0918860211968422
119 0.11380557715892792
120 0.08562402427196503
121 0.08370628952980042
122 0.08600416779518127
123 0.08724077045917511
124 0.10239577293395996
125 0.09110727906227112
126 0.08687274158000946
127 0.08345913887023926
128 0.07993075996637344
129 0.07371676713228226
130 0.07838194817304611
131 0.0883716270327568
132 0.08059906959533691
133 0.08330344408750534
134 0.0779246911406517
135 0.09718780219554901
136 0.10182133316993713
137 0.07765945047140121
138 0.07713040709495544
139 0.09307145327329636
140 0.12693718075752258
141 0.08495546877384186
142 0.0869048684835434
143 0.07436900585889816
144 0.10003552585840225
145 0.0714760273694992
146 0.08997581899166107
147 0.07284333556890488
148 0.06500738859176636
149 0.10463645309209824
150 0.08463053405284882
151 0.09265227615833282
152 0.07427489757537842
153 0.08583894371986389
154 0.08276396989822388
155 0.09828120470046997
156 0.08599931746721268
157 0.09570279717445374
158 0.0754341185092926
159 0.09171919524669647
160 0.07561005651950836
161 0.0858941599726677
162 0.09096892923116684
163 0.06947721540927887
164 0.08441085368394852
165 0.11106192320585251
166 0.08569318056106567
167 0.08550850301980972
168 0.08200570940971375
169 0.07479832321405411
170 0.07613696902990341
171 0.08412612229585648
172 0.07766881585121155
173 0.08017919212579727
174 0.07247777283191681
175 0.08207391947507858
176 0.100233294069767
177 0.0740557610988617
178 0.08078266680240631
179 0.06810621917247772
180 0.08984298259019852
181 0.0697970911860466
182 0.07976769655942917
183 0.08137020468711853
184 0.0790441483259201
185 0.08894536644220352
186 0.09210579097270966
187 0.09374864399433136
188 0.07090864330530167
189 0.08432511985301971
190 0.1031576544046402
191 0.08180838823318481
192 0.08065395057201385
193 0.07499032467603683
194 0.0839214101433754
195 0.07410337030887604
196 0.07275368273258209
197 0.08393047004938126
198 0.07097805291414261
199 0.0653613731265068
200 0.06566473841667175
