1 1.4559921026229858
2 2.3748693466186523
3 1.817842960357666
4 1.278054118156433
5 1.274996042251587
6 1.3002841472625732
7 1.2556990385055542
8 1.303695559501648
9 1.2744441032409668
10 1.367781162261963
11 1.3614673614501953
12 1.3383458852767944
13 1.298962950706482
14 1.295836329460144
15 1.3127349615097046
16 1.3488250970840454
17 1.364206314086914
18 1.2853636741638184
19 1.344188928604126
20 1.3345195055007935
21 1.2878633737564087
22 1.3454419374465942
23 1.3474905490875244
24 1.323307991027832
25 1.3391177654266357
26 1.3489220142364502
27 1.3588223457336426
28 1.3433274030685425
29 1.3562854528427124
30 1.3112081289291382
31 1.3313339948654175
32 1.3111648559570312
33 1.313673734664917
34 1.3099294900894165
35 1.3687782287597656
36 1.3522734642028809
37 1.350903034210205
38 1.3737138509750366
39 1.3284567594528198
40 1.3360410928726196
41 1.2995113134384155
42 1.3915213346481323
43 1.3249621391296387
44 1.3396140336990356
45 1.3340587615966797
46 1.303165316581726
47 1.3509483337402344
48 1.339443325996399
49 1.3722691535949707
50 1.326827883720398
51 1.356893539428711
52 1.3273558616638184
53 1.3767880201339722
54 1.3245022296905518
55 1.335798740386963
56 1.274399995803833
57 1.3205376863479614
58 1.3492845296859741
59 1.3663822412490845
60 1.3690024614334106
61 1.3323298692703247
62 1.3671433925628662
63 1.3702677488327026
64 2.298475742340088
65 5.237387180328369
66 3.4843549728393555
67 2.585088014602661
68 2.36689829826355
69 2.1709136962890625
70 1.7516130208969116
71 2.0392637252807617
72 1.9689737558364868
73 1.8781155347824097
74 1.9319087266921997
75 1.8470699787139893
76 1.744693636894226
77 1.7537569999694824
78 1.8399757146835327
79 1.8013536930084229
80 1.7162972688674927
81 1.7838361263275146
82 1.8011223077774048
83 1.7613059282302856
84 1.680686354637146
85 1.9046962261199951
86 1.7022433280944824
87 1.7059639692306519
88 1.6928822994232178
89 1.791142463684082
90 1.7354389429092407
91 1.5683046579360962
92 1.697218656539917
93 1.795591950416565
94 1.6553823947906494
95 1.716796875
96 1.7102967500686646
97 1.6614649295806885
98 1.65687894821167
99 1.5679274797439575
100 1.8877298831939697
101 1.7102046012878418
102 1.7198774814605713
103 1.6074649095535278
104 1.6457089185714722
105 1.7679413557052612
106 1.7508667707443237
107 1.761960744857788
108 1.6445813179016113
109 1.6021385192871094
110 1.6843546628952026
111 1.7536089420318604
112 1.7203270196914673
113 1.5884870290756226
114 1.8529186248779297
115 1.6562148332595825
116 1.7805521488189697
117 1.691619634628296
118 1.7110687494277954
119 1.7616347074508667
120 1.7653881311416626
121 1.6976191997528076
122 1.640114188194275
123 1.6875375509262085
124 1.7977980375289917
125 1.5985804796218872
126 1.6146621704101562
127 1.6437723636627197
128 1.8254975080490112
129 1.6097508668899536
130 1.7402081489562988
131 1.6402562856674194
132 1.6573094129562378
133 1.6913162469863892
134 1.835128903388977
135 1.7413057088851929
136 1.7433061599731445
137 1.6923434734344482
138 1.7885081768035889
139 1.658260703086853
140 1.6583620309829712
141 1.6926757097244263
142 1.6451597213745117
143 1.6905341148376465
144 1.6493359804153442
145 1.6690641641616821
146 1.7197946310043335
147 1.6762524843215942
148 1.8638222217559814
149 1.7201306819915771
150 1.6713876724243164
151 1.7282956838607788
152 1.6310522556304932
153 1.5919551849365234
154 1.7629616260528564
155 1.7194933891296387
156 1.5711387395858765
157 1.8501330614089966
158 1.697566032409668
159 1.6919994354248047
160 1.743852138519287
161 1.6491053104400635
162 1.604642391204834
163 1.6642405986785889
164 1.7142491340637207
165 1.7068543434143066
166 1.687488079071045
167 1.5638447999954224
168 1.7944945096969604
169 1.719753384590149
170 1.6214796304702759
171 1.6567203998565674
172 1.7092047929763794
173 1.7978168725967407
174 1.7211016416549683
175 1.9024662971496582
176 1.584079623222351
177 1.6232211589813232
178 1.7141348123550415
179 1.7209807634353638
180 1.7088432312011719
181 1.6907793283462524
182 1.6433950662612915
183 1.6998454332351685
184 1.6499756574630737
185 1.6074637174606323
186 1.6112701892852783
187 1.5772570371627808
188 1.5515986680984497
189 1.7021559476852417
190 1.62680184841156
191 1.9122008085250854
192 1.717200756072998
193 1.7508565187454224
194 1.7041151523590088
195 1.7553536891937256
196 1.6622852087020874
197 1.7729171514511108
198 1.7640148401260376
199 1.7943967580795288
200 1.672644019126892
201 1.7938977479934692
202 1.6426410675048828
203 1.8366175889968872
204 1.7556713819503784
205 1.5924738645553589
206 1.8230341672897339
207 1.780219316482544
208 1.711834192276001
209 1.6804211139678955
210 1.6771667003631592
211 1.648245930671692
212 1.6353988647460938
213 1.589317798614502
214 1.6260393857955933
215 1.6372898817062378
216 1.7811392545700073
217 1.5835857391357422
218 1.737537145614624
219 1.5701833963394165
220 1.874954342842102
221 1.6530132293701172
222 1.5932174921035767
223 1.7099072933197021
224 1.8127278089523315
225 1.72050142288208
226 1.6038687229156494
227 1.6668076515197754
228 1.8289930820465088
229 1.571460485458374
230 1.7052916288375854
231 1.7203176021575928
232 1.750046968460083
233 1.6349661350250244
234 1.7198026180267334
235 1.7905970811843872
236 1.7321324348449707
237 1.5840219259262085
238 1.6289620399475098
239 1.6320785284042358
240 1.726894736289978
241 1.7811793088912964
242 1.7232153415679932
243 1.6755998134613037
244 1.6166740655899048
245 1.7842400074005127
246 1.7803101539611816
247 1.770466923713684
248 1.6048243045806885
249 1.693909764289856
250 1.6134955883026123
251 1.6629009246826172
252 1.6946412324905396
253 1.7363731861114502
254 1.694686770439148
255 1.747763991355896
256 1.620902180671692
257 1.7160550355911255
258 1.6074333190917969
259 1.707444667816162
260 1.7375785112380981
261 1.6464895009994507
262 1.7812167406082153
263 1.8240439891815186
264 1.6332480907440186
265 1.7594568729400635
266 1.7623229026794434
267 1.6569064855575562
268 1.7497271299362183
269 1.735305905342102
270 1.60700261592865
271 1.6623330116271973
272 1.6534667015075684
273 1.6879786252975464
274 1.7098115682601929
275 1.7001609802246094
276 1.6332781314849854
277 1.6376757621765137
278 1.731924057006836
279 1.6339143514633179
280 1.8294485807418823
281 1.6246980428695679
282 1.629164218902588
283 1.821484923362732
284 1.6307097673416138
285 1.6793262958526611
286 1.6850401163101196
287 1.8801484107971191
288 1.8205862045288086
289 1.7021509408950806
290 1.7307590246200562
291 1.6220881938934326
292 1.6448452472686768
293 1.6965596675872803
294 1.6768804788589478
295 1.7535663843154907
296 1.6468998193740845
297 1.73907470703125
298 1.6941889524459839
299 1.5553393363952637
300 1.631832242012024
301 1.6679556369781494
302 1.6825400590896606
303 1.7988327741622925
304 1.833649754524231
305 1.6492919921875
306 1.7251620292663574
307 1.9103642702102661
308 1.6586778163909912
309 1.6378209590911865
310 1.502937912940979
311 1.6784038543701172
312 1.6446832418441772
313 1.7341029644012451
314 1.6749913692474365
315 1.8034471273422241
316 1.7663047313690186
317 1.7074812650680542
318 1.6952779293060303
319 1.7389737367630005
320 1.759271502494812
321 1.6747618913650513
322 1.6773464679718018
323 1.6869938373565674
324 1.7641383409500122
325 1.7944930791854858
326 1.714609980583191
327 1.6476359367370605
328 1.7008363008499146
329 1.727623701095581
330 1.6823042631149292
331 1.7184956073760986
332 1.6224240064620972
333 1.6440974473953247
334 1.68861722946167
335 1.7856762409210205
336 1.627814769744873
337 1.6515430212020874
338 1.823197841644287
339 1.6537590026855469
340 1.7007991075515747
341 1.625177264213562
342 1.7503234148025513
343 1.7332805395126343
344 1.6455684900283813
345 1.6160062551498413
346 1.626894235610962
347 1.687335729598999
348 1.7400689125061035
349 1.6696420907974243
350 1.639000654220581
351 1.7861721515655518
352 1.6360374689102173
353 1.7584131956100464
354 1.9170037508010864
355 1.674269676208496
356 1.70209538936615
357 1.7025017738342285
358 1.8034694194793701
359 1.6399509906768799
360 1.6882851123809814
361 1.7040537595748901
362 1.6241956949234009
363 1.658268690109253
364 1.8120172023773193
365 1.691635251045227
366 1.7077194452285767
367 1.6823680400848389
368 1.7052581310272217
369 1.7499843835830688
370 1.7081563472747803
371 1.6167254447937012
372 1.656080722808838
373 1.6694411039352417
374 1.785068392753601
375 1.7440370321273804
376 1.809054970741272
377 1.595048189163208
378 1.7334774732589722
379 1.6562559604644775
380 1.6593194007873535
381 1.6194696426391602
382 1.6326061487197876
383 1.7280762195587158
384 1.613437533378601
385 1.6737523078918457
386 1.63985013961792
387 1.669341802597046
388 1.8283847570419312
389 1.7343653440475464
390 1.711574673652649
391 1.7325687408447266
392 1.8345108032226562
393 1.6322016716003418
394 1.6794188022613525
395 1.6265000104904175
396 1.6559317111968994
397 1.7502506971359253
398 1.6300727128982544
399 1.7132155895233154
400 1.620324969291687
