1 1.1164580583572388
2 0.81784987449646
3 0.704228401184082
4 0.6130592823028564
5 0.5516021847724915
6 0.4760548174381256
7 0.45800110697746277
8 0.4019743502140045
9 0.3759426176548004
10 0.3440171778202057
11 0.3032940924167633
12 0.2886336147785187
13 0.2911559045314789
14 0.27673277258872986
15 0.2598934471607208
16 0.2624569833278656
17 0.22467949986457825
18 0.23983874917030334
19 0.2129848152399063
20 0.21165479719638824
21 0.19475606083869934
22 0.18231819570064545
23 0.23168285191059113
24 0.20263546705245972
25 0.2089819610118866
26 0.1738835871219635
27 0.18378597497940063
28 0.16610652208328247
29 0.18320369720458984
30 0.17716912925243378
31 0.1737707406282425
32 0.14897915720939636
33 0.16360993683338165
34 0.14523626863956451
35 0.16246779263019562
36 0.17010405659675598
37 0.15616396069526672
38 0.13457457721233368
39 0.1614099144935608
40 0.1323903203010559
41 0.14387260377407074
42 0.14211755990982056
43 0.15881088376045227
44 0.15329062938690186
45 0.15703409910202026
46 0.12884923815727234
47 0.12831267714500427
48 0.14189185202121735
49 0.12043505907058716
50 0.12961316108703613
51 0.13426095247268677
52 0.13517901301383972
53 0.138756662607193
54 0.14745546877384186
55 0.17170831561088562
56 0.14458179473876953
57 0.12136492878198624
58 0.15052682161331177
59 0.13016289472579956
60 0.12789028882980347
61 0.15327340364456177
62 0.12952885031700134
63 0.13366955518722534
64 0.11616092175245285
65 0.11204619705677032
66 0.16454030573368073
67 0.13223764300346375
68 0.0998009666800499
69 0.12190480530261993
70 0.1119377464056015
71 0.13860897719860077
72 0.112420454621315
73 0.1270534098148346
74 0.1336987167596817
75 0.10272050648927689
76 0.11533798277378082
77 0.12219985574483871
78 0.12536558508872986
79 0.12611037492752075
80 0.12846121191978455
81 0.12359081953763962
82 0.11701201647520065
83 0.11789973080158234
84 0.11474183201789856
85 0.11138686537742615
86 0.12266413122415543
87 0.11347886174917221
88 0.12633517384529114
89 0.11161009967327118
90 0.12324179708957672
91 0.10322082787752151
92 0.09621801972389221
93 0.1208696961402893
94 0.1269238144159317
95 0.10304640978574753
96 0.12140849977731705
97 0.10484186559915543
98 0.12095068395137787
99 0.10583921521902084
100 0.12336153537034988
101 0.11610282957553864
102 0.15317001938819885
103 0.11958969384431839
104 0.09666930139064789
105 0.10462993383407593
106 0.11091947555541992
107 0.13104522228240967
108 0.09866267442703247
109 0.09797227382659912
110 0.11586099117994308
111 0.13788224756717682
112 0.10494839400053024
113 0.1137189120054245
114 0.10254906862974167
115 0.12694759666919708
116 0.12151122093200684
117 0.10074925422668457
118 0.12544161081314087
119 0.09316454827785492
120 0.10682687908411026
121 0.10967840254306793
122 0.08576351404190063
123 0.13270126283168793
124 0.10031698644161224
125 0.10370038449764252
126 0.10937070846557617
127 0.11662634462118149
128 0.10051915794610977
129 0.10320667177438736
130 0.10756080597639084
131 0.07994808256626129
132 0.10255241394042969
133 0.10927002131938934
134 0.127211794257164
135 0.11228439956903458
136 0.103935107588768
137 0.10320163518190384
138 0.1015399917960167
139 0.10321526974439621
140 0.1006881445646286
141 0.1258092224597931
142 0.10057172179222107
143 0.10001558810472488
144 0.1156696155667305
145 0.1037779375910759
146 0.09284553676843643
147 0.08067329227924347
148 0.10702655464410782
149 0.09932947158813477
150 0.10209570080041885
151 0.10168730467557907
152 0.09322516620159149
153 0.08928343653678894
154 0.09694833308458328
155 0.09392102807760239
156 0.1330331712961197
157 0.09535550326108932
158 0.11332077533006668
159 0.10143958032131195
160 0.09311360120773315
161 0.09855946153402328
162 0.09621419757604599
163 0.09860928356647491
164 0.08511758595705032
165 0.0838966891169548
166 0.10499519109725952
167 0.08729901909828186
168 0.0965784341096878
169 0.11279953271150589
170 0.12781813740730286
171 0.08396977186203003
172 0.09670847654342651
173 0.10005246847867966
174 0.09331865608692169
175 0.08451829850673676
176 0.0864340290427208
177 0.08968690782785416
178 0.08629374951124191
179 0.09264447540044785
180 0.10132463276386261
181 0.0930999219417572
182 0.08451765030622482
183 0.08372042328119278
184 0.10454399138689041
185 0.09111375361680984
186 0.10690216720104218
187 0.0846002846956253
188 0.10786005854606628
189 0.09473037719726562
190 0.10494562238454819
191 0.09422124922275543
192 0.10012619942426682
193 0.0995166003704071
194 0.09129760414361954
195 0.08840002119541168
196 0.09251745790243149
197 0.09780417382717133
198 0.10012274235486984
199 0.07805491238832474
200 0.0887800008058548
