1 1.2099741697311401
2 1.1757031679153442
3 1.1638840436935425
4 1.146159291267395
5 1.1239553689956665
6 1.0960220098495483
7 1.0637686252593994
8 1.028931975364685
9 0.9940539598464966
10 0.95906001329422
11 0.9269142746925354
12 0.8948538303375244
13 0.8656525611877441
14 0.8380564451217651
15 0.8134881854057312
16 0.7897772192955017
17 0.7677912712097168
18 0.746720016002655
19 0.728290855884552
20 0.7106372117996216
21 0.6946290731430054
22 0.6797206401824951
23 0.6648640632629395
24 0.6514694690704346
25 0.6386755108833313
26 0.6261070966720581
27 0.614130973815918
28 0.6026677489280701
29 0.5919261574745178
30 0.580299973487854
31 0.5698539018630981
32 0.5595720410346985
33 0.548421323299408
34 0.5384993553161621
35 0.5288264155387878
36 0.5190137028694153
37 0.5097475647926331
38 0.49974721670150757
39 0.4904595911502838
40 0.48003214597702026
41 0.4721406400203705
42 0.4637218415737152
43 0.4543764591217041
44 0.4459903836250305
45 0.4379342496395111
46 0.42949286103248596
47 0.4226228594779968
48 0.41385042667388916
49 0.4080021381378174
50 0.4005468487739563
51 0.395390123128891
52 0.3883136510848999
53 0.38174277544021606
54 0.3769124150276184
55 0.3719558119773865
56 0.367694616317749
57 0.3627900779247284
58 0.3565272390842438
59 0.3524017632007599
60 0.3484049439430237
61 0.3441251218318939
62 0.34046322107315063
63 0.33709633350372314
64 0.3327663838863373
65 0.3302249312400818
66 0.3259662091732025
67 0.3238030970096588
68 0.3210573196411133
69 0.318309485912323
70 0.31417274475097656
71 0.3118739128112793
72 0.31049659848213196
73 0.3077899217605591
74 0.3047708570957184
75 0.30207687616348267
76 0.3005150556564331
77 0.2977733016014099
78 0.2964126467704773
79 0.29348811507225037
80 0.29256781935691833
81 0.2895263731479645
82 0.28754159808158875
83 0.2874525189399719
84 0.28503575921058655
85 0.2827501893043518
86 0.2811387777328491
87 0.2800420820713043
88 0.2783319056034088
89 0.2762950360774994
90 0.27568191289901733
91 0.27228185534477234
92 0.27244997024536133
93 0.2700442969799042
94 0.26914405822753906
95 0.2684124708175659
96 0.265388548374176
97 0.26515811681747437
98 0.26395103335380554
99 0.26269254088401794
100 0.26277780532836914
101 0.2606031596660614
102 0.2600739598274231
103 0.25901171565055847
104 0.25834161043167114
105 0.2557375133037567
106 0.25513455271720886
107 0.2537962794303894
108 0.2531856298446655
109 0.25260129570961
110 0.25093892216682434
111 0.2506429851055145
112 0.24949021637439728
113 0.24823258817195892
114 0.24835465848445892
115 0.24684162437915802
116 0.24573376774787903
117 0.24419833719730377
118 0.24247226119041443
119 0.2426077127456665
120 0.24228525161743164
121 0.24040421843528748
122 0.24050834774971008
123 0.2392459511756897
124 0.2392040193080902
125 0.23796038329601288
126 0.23725761473178864
127 0.23557128012180328
128 0.23469041287899017
129 0.2354762703180313
130 0.23409566283226013
131 0.2340831458568573
132 0.23140209913253784
133 0.2327583283185959
134 0.23112359642982483
135 0.23044109344482422
136 0.2298378050327301
137 0.22962939739227295
138 0.22892284393310547
139 0.22761347889900208
140 0.2268436998128891
141 0.22551316022872925
142 0.22565099596977234
143 0.2256581038236618
144 0.22416549921035767
145 0.22350695729255676
146 0.22288495302200317
147 0.2228209525346756
148 0.2209264039993286
149 0.220989391207695
150 0.22029845416545868
151 0.22031055390834808
152 0.21931809186935425
153 0.21844550967216492
154 0.2187904417514801
155 0.21725960075855255
156 0.21641691029071808
157 0.2178426831960678
158 0.21570566296577454
159 0.21634013950824738
160 0.2162032127380371
161 0.21462513506412506
162 0.21507862210273743
163 0.21430733799934387
164 0.21298058331012726
165 0.21265847980976105
166 0.2120494544506073
167 0.21177199482917786
168 0.2114461064338684
169 0.21054363250732422
170 0.2111160159111023
171 0.2087218016386032
172 0.20850184559822083
173 0.208302304148674
174 0.20818668603897095
175 0.20828324556350708
176 0.20679986476898193
177 0.2061791718006134
178 0.20575478672981262
179 0.20542478561401367
180 0.20649027824401855
181 0.20489996671676636
182 0.2044263333082199
183 0.2044658660888672
184 0.2036450058221817
185 0.20338062942028046
186 0.20280671119689941
187 0.20376192033290863
188 0.20271159708499908
189 0.20252284407615662
190 0.20181715488433838
191 0.20032243430614471
192 0.200412780046463
193 0.200449138879776
194 0.201129749417305
195 0.19887031614780426
196 0.19839060306549072
197 0.19852060079574585
198 0.19707970321178436
199 0.19851751625537872
200 0.19604507088661194
