1 1.1897131204605103
2 1.1278982162475586
3 1.0697940587997437
4 1.0022190809249878
5 0.9259085655212402
6 0.8556939959526062
7 0.7963547110557556
8 0.7404456734657288
9 0.694744884967804
10 0.6534397602081299
11 0.6198605895042419
12 0.5867140889167786
13 0.5578150749206543
14 0.5319142937660217
15 0.5096015334129333
16 0.4880123436450958
17 0.4648115634918213
18 0.4471518099308014
19 0.42704442143440247
20 0.4110204875469208
21 0.3903983235359192
22 0.37717127799987793
23 0.36139437556266785
24 0.35084500908851624
25 0.34009605646133423
26 0.3256836235523224
27 0.31658923625946045
28 0.3060874044895172
29 0.2959211468696594
30 0.28715166449546814
31 0.27936694025993347
32 0.27377551794052124
33 0.2671706974506378
34 0.26178061962127686
35 0.25436028838157654
36 0.24719004333019257
37 0.24332262575626373
38 0.23797614872455597
39 0.23427322506904602
40 0.2307470440864563
41 0.2247730791568756
42 0.21909023821353912
43 0.21595674753189087
44 0.21315480768680573
45 0.20990003645420074
46 0.20496121048927307
47 0.2031773030757904
48 0.1981910914182663
49 0.19650907814502716
50 0.19391855597496033
51 0.1897374540567398
52 0.19083525240421295
53 0.1870529055595398
54 0.18234719336032867
55 0.18153536319732666
56 0.1790088564157486
57 0.1755513995885849
58 0.17246495187282562
59 0.1719251573085785
60 0.17123444378376007
61 0.1662507802248001
62 0.16516564786434174
63 0.16507600247859955
64 0.16298876702785492
65 0.15811172127723694
66 0.15974687039852142
67 0.15768903493881226
68 0.1589726358652115
69 0.15434814989566803
70 0.15363316237926483
71 0.15256287157535553
72 0.14929869771003723
73 0.14793065190315247
74 0.14740212261676788
75 0.14369817078113556
76 0.14499354362487793
77 0.1442243456840515
78 0.13951146602630615
79 0.14114609360694885
80 0.14214500784873962
81 0.13808289170265198
82 0.13998350501060486
83 0.1370336264371872
84 0.13647441565990448
85 0.13902659714221954
86 0.1354193389415741
87 0.13345259428024292
88 0.13423144817352295
89 0.13036997616291046
90 0.13177582621574402
91 0.12729324400424957
92 0.1292964220046997
93 0.1269865185022354
94 0.12707510590553284
95 0.12539996206760406
96 0.1242665946483612
97 0.12505143880844116
98 0.12299997359514236
99 0.12319038063287735
100 0.1248226910829544
101 0.11986333876848221
102 0.12306366860866547
103 0.11856848746538162
104 0.12473655492067337
105 0.1198400929570198
106 0.11864618957042694
107 0.11547806113958359
108 0.11537426710128784
109 0.11429031193256378
110 0.11583489924669266
111 0.1119113564491272
112 0.11282407492399216
113 0.11715827137231827
114 0.11321908235549927
115 0.11205343157052994
116 0.11357896775007248
117 0.11106689274311066
118 0.11029252409934998
119 0.11253760010004044
120 0.11028075963258743
121 0.10717132687568665
122 0.10926461964845657
123 0.10911587625741959
124 0.10868027061223984
125 0.10805223137140274
126 0.10801039636135101
127 0.108352892100811
128 0.10508406162261963
129 0.1068623811006546
130 0.10571511834859848
131 0.10316566377878189
132 0.10510289669036865
133 0.10617128014564514
134 0.10190438479185104
135 0.10343273729085922
136 0.10488488525152206
137 0.10341453552246094
138 0.1021781861782074
139 0.10479848831892014
140 0.10134489834308624
141 0.1002967357635498
142 0.10086480528116226
143 0.09915324300527573
144 0.10207337141036987
145 0.0984114333987236
146 0.09894046187400818
147 0.09765265882015228
148 0.09842098504304886
149 0.10049671679735184
150 0.09845886379480362
151 0.0973433405160904
152 0.09425923228263855
153 0.09762757271528244
154 0.09482713788747787
155 0.09617365896701813
156 0.09394795447587967
157 0.09736265987157822
158 0.09554331004619598
159 0.09353990107774734
160 0.09672991186380386
161 0.09720450639724731
162 0.09649640321731567
163 0.09116357564926147
164 0.09387839585542679
165 0.09203038364648819
166 0.09269748628139496
167 0.09118359535932541
168 0.09302713721990585
169 0.09192419052124023
170 0.09015309810638428
171 0.0930577889084816
172 0.0889178216457367
173 0.09537099301815033
174 0.09084736555814743
175 0.09304849803447723
176 0.08929179608821869
177 0.08849652111530304
178 0.0899089127779007
179 0.08926914632320404
180 0.08951220661401749
181 0.0923428013920784
182 0.08848736435174942
183 0.08575685322284698
184 0.0877399891614914
185 0.08753754943609238
186 0.08905905485153198
187 0.08682297170162201
188 0.08627955615520477
189 0.09004298597574234
190 0.08527777343988419
191 0.08816289901733398
192 0.08816700428724289
193 0.08561196178197861
194 0.08580508083105087
195 0.08466862142086029
196 0.08400478214025497
197 0.08650730550289154
198 0.08707234263420105
199 0.08657491207122803
200 0.0883021429181099
