1 1.3300045728683472
2 1.2294409275054932
3 1.2226577997207642
4 1.2365587949752808
5 1.221746802330017
6 1.220829725265503
7 1.249237298965454
8 1.2735387086868286
9 1.2727757692337036
10 1.2808589935302734
11 1.4374302625656128
12 1.312461256980896
13 1.2127965688705444
14 1.2124617099761963
15 1.2193090915679932
16 1.231011986732483
17 1.219035029411316
18 1.222301721572876
19 1.2209028005599976
20 1.2534408569335938
21 1.2188217639923096
22 1.2342499494552612
23 1.23853600025177
24 1.2450262308120728
25 1.2264047861099243
26 1.217791199684143
27 1.237515926361084
28 1.23594069480896
29 1.2388499975204468
30 1.2254843711853027
31 1.2433967590332031
32 1.2467598915100098
33 1.2185139656066895
34 1.2317814826965332
35 1.242174744606018
36 1.9576542377471924
37 1.3932231664657593
38 1.3225290775299072
39 1.335853099822998
40 1.3714520931243896
41 1.2857187986373901
42 1.2755284309387207
43 1.3401315212249756
44 1.271385669708252
45 1.280730962753296
46 1.3681833744049072
47 1.2552855014801025
48 1.3324190378189087
49 1.295758605003357
50 1.2968056201934814
51 1.2586408853530884
52 1.2634519338607788
53 1.2719327211380005
54 1.282395839691162
55 1.2582862377166748
56 1.275046944618225
57 1.311003565788269
58 1.2811387777328491
59 1.298750638961792
60 1.2694278955459595
61 1.2861969470977783
62 1.3119860887527466
63 1.2835325002670288
64 1.3413833379745483
65 1.2988182306289673
66 1.282017707824707
67 1.2959636449813843
68 1.2545406818389893
69 1.3041770458221436
70 1.3128241300582886
71 1.2815686464309692
72 1.302065372467041
73 1.3277993202209473
74 1.281125783920288
75 1.2559267282485962
76 1.27239990234375
77 1.2649002075195312
78 1.2526308298110962
79 1.2923552989959717
80 1.3310565948486328
81 1.2913271188735962
82 1.2936370372772217
83 1.294081211090088
84 1.2795913219451904
85 1.3255970478057861
86 1.3234699964523315
87 1.2816684246063232
88 1.2926167249679565
89 1.276578664779663
90 1.3012149333953857
91 1.2868351936340332
92 1.2517493963241577
93 1.2715415954589844
94 1.3350695371627808
95 1.230308175086975
96 1.275348424911499
97 1.25783109664917
98 1.3328584432601929
99 1.2860348224639893
100 1.2662601470947266
101 1.2686244249343872
102 1.293404459953308
103 1.2558393478393555
104 1.3151261806488037
105 1.2748616933822632
106 1.269797444343567
107 1.288940668106079
108 1.270458698272705
109 1.268576979637146
110 1.262986183166504
111 1.2879406213760376
112 1.289602518081665
113 1.2541697025299072
114 1.2865517139434814
115 1.3149751424789429
116 1.3203034400939941
117 1.3108763694763184
118 1.264520287513733
119 1.2567204236984253
120 1.2462188005447388
121 1.2665624618530273
122 1.2626216411590576
123 1.3049662113189697
124 1.2510091066360474
125 1.2972451448440552
126 1.3155094385147095
127 1.2885912656784058
128 1.2520965337753296
129 1.3022063970565796
130 1.270525574684143
131 1.2655630111694336
132 1.2657455205917358
133 1.264041543006897
134 1.2542510032653809
135 1.2673078775405884
136 1.3069629669189453
137 1.2826197147369385
138 1.2582874298095703
139 1.273593783378601
140 1.3106071949005127
141 1.3192486763000488
142 1.3018488883972168
143 1.242148995399475
144 1.2622325420379639
145 1.2797468900680542
146 1.3248744010925293
147 1.334502935409546
148 1.2986000776290894
149 1.296086072921753
150 1.246339201927185
151 1.2800744771957397
152 1.3011401891708374
153 1.295996904373169
154 1.3018054962158203
155 1.3007985353469849
156 1.2836613655090332
157 1.2867956161499023
158 1.300195574760437
159 1.3051643371582031
160 1.2489709854125977
161 1.2381689548492432
162 1.2715522050857544
163 1.2801100015640259
164 1.27012038230896
165 1.268813133239746
166 1.293501377105713
167 1.2996234893798828
168 1.2631428241729736
169 1.2680447101593018
170 1.2851719856262207
171 1.2848896980285645
172 1.2634994983673096
173 1.2616318464279175
174 1.2783052921295166
175 1.2835581302642822
176 1.2478976249694824
177 1.2818992137908936
178 1.2664191722869873
179 1.2743946313858032
180 1.3161892890930176
181 1.3183937072753906
182 1.2693438529968262
183 1.2506520748138428
184 1.2700403928756714
185 1.2716223001480103
186 1.3126498460769653
187 1.2698540687561035
188 1.2840534448623657
189 1.3082574605941772
190 1.3270134925842285
191 1.2487624883651733
192 1.2759451866149902
193 1.2579058408737183
194 1.2606769800186157
195 1.2860935926437378
196 1.2937328815460205
197 1.3066036701202393
198 1.2881115674972534
199 1.2435059547424316
200 1.2977906465530396
201 1.3233150243759155
202 1.2859959602355957
203 1.295185923576355
204 1.2647860050201416
205 1.3012449741363525
206 1.2552958726882935
207 1.2989743947982788
208 1.2979079484939575
209 1.2753299474716187
210 1.3071715831756592
211 1.3059489727020264
212 1.2684465646743774
213 1.2907828092575073
214 1.2607495784759521
215 1.2897406816482544
216 1.2809171676635742
217 1.281165599822998
218 1.2800298929214478
219 1.2717257738113403
220 1.2568254470825195
221 1.259549856185913
222 1.2947670221328735
223 1.2561936378479004
224 1.2662397623062134
225 1.267054557800293
226 1.2604992389678955
227 1.2777791023254395
228 1.3035569190979004
229 1.2851476669311523
230 1.2871068716049194
231 1.2774059772491455
232 1.2512677907943726
233 1.3303914070129395
234 1.2817474603652954
235 1.2768007516860962
236 1.2916231155395508
237 1.3206316232681274
238 1.2739313840866089
239 1.2776803970336914
240 1.2851240634918213
241 1.2648426294326782
242 1.2905668020248413
243 1.2816228866577148
244 1.3031071424484253
245 1.2415248155593872
246 1.2356163263320923
247 1.3070249557495117
248 1.3058123588562012
249 1.258056879043579
250 1.297785997390747
251 1.2820829153060913
252 1.245012879371643
253 1.2798880338668823
254 1.300970196723938
255 1.2987391948699951
256 1.2987552881240845
257 1.2628272771835327
258 1.3232673406600952
259 1.323486566543579
260 1.2765265703201294
261 1.26771080493927
262 1.3269151449203491
263 1.2786256074905396
264 1.2874950170516968
265 1.3337208032608032
266 1.3377238512039185
267 1.2894288301467896
268 1.298019528388977
269 1.315979242324829
270 1.2823526859283447
271 1.236504077911377
272 1.2719793319702148
273 1.254401683807373
274 1.3137543201446533
275 1.2848381996154785
276 1.2821584939956665
277 1.2959948778152466
278 1.2748862504959106
279 1.2844843864440918
280 1.2689709663391113
281 1.2792341709136963
282 1.2616784572601318
283 1.3220641613006592
284 1.2497268915176392
285 1.2927278280258179
286 1.2744358777999878
287 1.2902381420135498
288 1.3185231685638428
289 1.2999647855758667
290 1.286292314529419
291 1.3031280040740967
292 1.3030564785003662
293 1.308573842048645
294 1.2756575345993042
295 1.2590945959091187
296 1.2716140747070312
297 1.3197084665298462
298 1.273797631263733
299 1.2595770359039307
300 1.269062876701355
301 1.3035918474197388
302 1.2891106605529785
303 1.3017548322677612
304 1.262831211090088
305 1.3169242143630981
306 1.30642831325531
307 1.2744942903518677
308 1.2524739503860474
309 1.2817105054855347
310 1.2921638488769531
311 1.311271071434021
312 1.3023152351379395
313 1.2897838354110718
314 1.26982843875885
315 1.261036992073059
316 1.3099712133407593
317 1.2528886795043945
318 1.278126835823059
319 1.3195843696594238
320 1.2508424520492554
321 1.2680327892303467
322 1.2964956760406494
323 1.2762031555175781
324 1.2767736911773682
325 1.2501107454299927
326 1.2554718255996704
327 1.2673020362854004
328 1.2661651372909546
329 1.295393705368042
330 1.2786520719528198
331 1.284510850906372
332 1.2798303365707397
333 1.2572683095932007
334 1.269347906112671
335 1.2723383903503418
336 1.3198354244232178
337 1.2761427164077759
338 1.3051050901412964
339 1.2766417264938354
340 1.2686833143234253
341 1.321596384048462
342 1.3285967111587524
343 1.2946244478225708
344 1.2683833837509155
345 1.2719272375106812
346 1.325446605682373
347 1.2846170663833618
348 1.2842304706573486
349 1.2886768579483032
350 1.289034366607666
351 1.2767564058303833
352 1.2964214086532593
353 1.2894625663757324
354 1.2707146406173706
355 1.3048959970474243
356 1.2686148881912231
357 1.274620532989502
358 1.2689274549484253
359 1.307289958000183
360 1.290484070777893
361 1.262373685836792
362 1.2996515035629272
363 1.2828339338302612
364 1.2710473537445068
365 1.2519086599349976
366 1.2914793491363525
367 1.2751187086105347
368 1.3274354934692383
369 1.2872636318206787
370 1.2913298606872559
371 1.2395812273025513
372 1.276455044746399
373 1.3207201957702637
374 1.2785178422927856
375 1.2643636465072632
376 1.3421967029571533
377 1.2576712369918823
378 1.2691785097122192
379 1.2851428985595703
380 1.2747187614440918
381 1.2989798784255981
382 1.3029571771621704
383 1.3224564790725708
384 1.269586443901062
385 1.2570358514785767
386 1.2523705959320068
387 1.2958903312683105
388 1.2778573036193848
389 1.2747219800949097
390 1.2896841764450073
391 1.2586750984191895
392 1.2735910415649414
393 1.331488847732544
394 1.3467146158218384
395 1.2981597185134888
396 1.2682658433914185
397 1.24126398563385
398 1.278493046760559
399 1.2789067029953003
400 1.2599080801010132
401 1.276645302772522
402 1.2977098226547241
403 1.315838098526001
404 1.321151852607727
405 1.2701579332351685
406 1.2825320959091187
407 1.2573671340942383
408 1.3069027662277222
409 1.277019739151001
410 1.2831989526748657
411 1.2529834508895874
412 1.2587517499923706
413 1.247702717781067
414 1.2885371446609497
415 1.2880322933197021
416 1.296329140663147
417 1.264480710029602
418 1.321757435798645
419 1.283411979675293
420 1.2599740028381348
421 1.2882754802703857
422 1.279889702796936
423 1.2968565225601196
424 1.2629300355911255
425 1.3357776403427124
426 1.2929964065551758
427 1.2975167036056519
428 1.2881299257278442
429 1.3055534362792969
430 1.2581318616867065
431 1.2717375755310059
432 1.2835522890090942
433 1.3170115947723389
434 1.343382477760315
435 1.3037511110305786
436 1.2643030881881714
437 1.2902307510375977
438 1.2793383598327637
439 1.2896239757537842
440 1.2572953701019287
441 1.2679328918457031
442 1.3202991485595703
443 1.2418605089187622
444 1.2661166191101074
445 1.253951907157898
446 1.2894335985183716
447 1.308497428894043
448 1.2607967853546143
449 1.2789548635482788
450 1.3179659843444824
451 1.3023828268051147
452 1.2754122018814087
453 1.334718942642212
454 1.3264762163162231
455 1.338077425956726
456 1.2925028800964355
457 1.2859163284301758
458 1.2829196453094482
459 1.2700996398925781
460 1.294703483581543
461 1.2764114141464233
462 1.3085962533950806
463 1.2660541534423828
464 1.2774988412857056
465 1.2849849462509155
466 1.3076773881912231
467 1.2627480030059814
468 1.3008219003677368
469 1.3240814208984375
470 1.278954267501831
471 1.2802537679672241
472 1.2883234024047852
473 1.2473342418670654
474 1.277437686920166
475 1.2436280250549316
476 1.3063503503799438
477 1.252902626991272
478 1.2748676538467407
479 1.3235371112823486
480 1.3274593353271484
481 1.2834560871124268
482 1.2658692598342896
483 1.2604197263717651
484 1.3520596027374268
485 1.2719990015029907
486 1.2653872966766357
487 1.3005636930465698
488 1.2922974824905396
489 1.2821784019470215
490 1.2542444467544556
491 1.2674249410629272
492 1.3173314332962036
493 1.2533029317855835
494 1.3175698518753052
495 1.2754855155944824
496 1.2679145336151123
497 1.3101640939712524
498 1.2826539278030396
499 1.285636067390442
500 1.3288806676864624
501 1.268620491027832
502 1.3161356449127197
503 1.271317720413208
504 1.2977885007858276
505 1.2906866073608398
506 1.2844432592391968
507 1.2413973808288574
508 1.2917284965515137
509 1.2797763347625732
510 1.3204847574234009
511 1.2484782934188843
512 1.252297282218933
513 1.264650821685791
514 1.2940876483917236
515 1.2717952728271484
516 1.2848800420761108
517 1.2745435237884521
518 1.3034467697143555
519 1.2685537338256836
520 1.3172216415405273
521 1.2768127918243408
522 1.2807872295379639
523 1.2869564294815063
524 1.2831443548202515
525 1.2657705545425415
526 1.3259369134902954
527 1.2668159008026123
528 1.2500081062316895
529 1.3103936910629272
530 1.3259003162384033
531 1.3087009191513062
532 1.2768200635910034
533 1.2660082578659058
534 1.342283844947815
535 1.2963881492614746
536 1.338706374168396
537 1.259787678718567
538 1.3109787702560425
539 1.2963587045669556
540 1.3062382936477661
541 1.302858591079712
542 1.280159592628479
543 1.2759333848953247
544 1.2798436880111694
545 1.2829678058624268
546 1.2758902311325073
547 1.2527070045471191
548 1.2728835344314575
549 1.2712125778198242
550 1.2998168468475342
551 1.263543963432312
552 1.2777178287506104
553 1.2529377937316895
554 1.2916555404663086
555 1.3231463432312012
556 1.2955708503723145
557 1.2642351388931274
558 1.3324902057647705
559 1.2908979654312134
560 1.2526085376739502
561 1.2878626585006714
562 1.2653663158416748
563 1.2543034553527832
564 1.2584069967269897
565 1.270254135131836
566 1.3150417804718018
567 1.2778102159500122
568 1.2788748741149902
569 1.2983195781707764
570 1.2494943141937256
571 1.2848598957061768
572 1.275239109992981
573 1.3131896257400513
574 1.2948061227798462
575 1.2659664154052734
576 1.336848497390747
577 1.2836697101593018
578 1.2940281629562378
579 1.2746493816375732
580 1.3083436489105225
581 1.2595945596694946
582 1.282159447669983
583 1.2845350503921509
584 1.2790610790252686
585 1.3176348209381104
586 1.2842464447021484
587 1.2544223070144653
588 1.2938350439071655
589 1.2811377048492432
590 1.2759737968444824
591 1.2798137664794922
592 1.3024365901947021
593 1.2825871706008911
594 1.256433367729187
595 1.2687724828720093
596 1.258844256401062
597 1.2797396183013916
598 1.2911300659179688
599 1.282833218574524
600 1.3148561716079712
601 1.2874293327331543
602 1.2673425674438477
603 1.2599694728851318
604 1.3232383728027344
605 1.3317745923995972
606 1.2980234622955322
607 1.246524691581726
608 1.2843226194381714
609 1.2841477394104004
610 1.2972773313522339
611 1.2429594993591309
612 1.2697362899780273
613 1.338294506072998
614 1.2773209810256958
615 1.2769666910171509
616 1.3310623168945312
617 1.2639235258102417
618 1.311569094657898
619 1.249100923538208
620 1.247766375541687
621 1.2769744396209717
622 1.2915167808532715
623 1.3224650621414185
624 1.2645231485366821
625 1.2582283020019531
626 1.3005918264389038
627 1.2838534116744995
628 1.2660869359970093
629 1.33986234664917
630 1.3020883798599243
631 1.3170592784881592
632 1.2890385389328003
633 1.2943861484527588
634 1.2690671682357788
635 1.2682054042816162
636 1.2761889696121216
637 1.2935471534729004
638 1.2634530067443848
639 1.2826391458511353
640 1.3036433458328247
641 1.323182225227356
642 1.3056870698928833
643 1.2732527256011963
644 1.2918702363967896
645 1.2569034099578857
646 1.2662311792373657
647 1.2931104898452759
648 1.3507609367370605
649 1.2814242839813232
650 1.278873085975647
651 1.283265233039856
652 1.2688671350479126
653 1.304883360862732
654 1.2706341743469238
655 1.2831484079360962
656 1.2869397401809692
657 1.253609538078308
658 1.2870545387268066
659 1.2436405420303345
660 1.2753227949142456
661 1.3354676961898804
662 1.270104169845581
663 1.2842779159545898
664 1.280164122581482
665 1.2867603302001953
666 1.2940149307250977
667 1.260272741317749
668 1.2643414735794067
669 1.2700531482696533
670 1.3197232484817505
671 1.3148154020309448
672 1.254512906074524
673 1.2783477306365967
674 1.275406002998352
675 1.2897403240203857
676 1.2913544178009033
677 1.2529432773590088
678 1.2930421829223633
679 1.2713665962219238
680 1.2724189758300781
681 1.2811199426651
682 1.278700590133667
683 1.3071987628936768
684 1.2840744256973267
685 1.2712011337280273
686 1.3132450580596924
687 1.247209906578064
688 1.2851935625076294
689 1.255157709121704
690 1.2531450986862183
691 1.28804612159729
692 1.307525873184204
693 1.2794066667556763
694 1.2777117490768433
695 1.2545822858810425
696 1.3005506992340088
697 1.2693184614181519
698 1.2961348295211792
699 1.3152024745941162
700 1.269993543624878
701 1.2598923444747925
702 1.3228989839553833
703 1.2726141214370728
704 1.2915000915527344
705 1.2997112274169922
706 1.2561061382293701
707 1.252521276473999
708 1.2722632884979248
709 1.2819900512695312
710 1.2939120531082153
711 1.338078498840332
712 1.2809938192367554
713 1.2633328437805176
714 1.3026460409164429
715 1.2573384046554565
716 1.2813448905944824
717 1.2600301504135132
718 1.269339919090271
719 1.2919867038726807
720 1.285521388053894
721 1.3100874423980713
722 1.3127704858779907
723 1.2694816589355469
724 1.3001526594161987
725 1.3302282094955444
726 1.2878378629684448
727 1.2995132207870483
728 1.321728229522705
729 1.2946875095367432
730 1.2531121969223022
731 1.2732878923416138
732 1.26670503616333
733 1.2702457904815674
734 1.2702816724777222
735 1.2935636043548584
736 1.2944056987762451
737 1.3283475637435913
738 1.252872347831726
739 1.2782089710235596
740 1.2869508266448975
741 1.3188656568527222
742 1.3141015768051147
743 1.2543003559112549
744 1.3166507482528687
745 1.2805068492889404
746 1.2590049505233765
747 1.2687716484069824
748 1.2997424602508545
749 1.2999852895736694
750 1.3023186922073364
751 1.247158408164978
752 1.2769283056259155
753 1.2927509546279907
754 1.276619553565979
755 1.277453899383545
756 1.3037458658218384
757 1.3028481006622314
758 1.253071904182434
759 1.2741328477859497
760 1.293398141860962
761 1.3098539113998413
762 1.278116226196289
763 1.343799114227295
764 1.27835214138031
765 1.3240773677825928
766 1.2946308851242065
767 1.2718571424484253
768 1.2621351480484009
769 1.2734242677688599
770 1.2884464263916016
771 1.2632189989089966
772 1.2746249437332153
773 1.2566074132919312
774 1.3091167211532593
775 1.3218718767166138
776 1.2493655681610107
777 1.2825751304626465
778 1.3230034112930298
779 1.2680422067642212
780 1.2773151397705078
781 1.2911145687103271
782 1.2584928274154663
783 1.2781826257705688
784 1.2987549304962158
785 1.317740559577942
786 1.298066258430481
787 1.2796019315719604
788 1.3114230632781982
789 1.2806304693222046
790 1.2950928211212158
791 1.2710317373275757
792 1.281741738319397
793 1.2490981817245483
794 1.2705641984939575
795 1.2730157375335693
796 1.2656396627426147
797 1.3072290420532227
798 1.2561852931976318
799 1.3109631538391113
800 1.3018460273742676
