1 1.1634336709976196
2 0.8813121914863586
3 0.673427402973175
4 0.5849756598472595
5 0.5268687009811401
6 0.48751989006996155
7 0.459835022687912
8 0.4340926706790924
9 0.4121969938278198
10 0.3967791795730591
11 0.37619301676750183
12 0.3616982698440552
13 0.35663455724716187
14 0.34368079900741577
15 0.3356339633464813
16 0.3394770920276642
17 0.33076152205467224
18 0.32505011558532715
19 0.3125053346157074
20 0.30908745527267456
21 0.3092600405216217
22 0.30902087688446045
23 0.3068031072616577
24 0.2932884693145752
25 0.2937960922718048
26 0.28990110754966736
27 0.28899312019348145
28 0.2890561521053314
29 0.28189367055892944
30 0.29633423686027527
31 0.27198392152786255
32 0.27993419766426086
33 0.275677353143692
34 0.2625744938850403
35 0.26838821172714233
36 0.2616502642631531
37 0.2615402936935425
38 0.2605665922164917
39 0.25272059440612793
40 0.2515181303024292
41 0.2546941936016083
42 0.24865086376667023
43 0.2398148477077484
44 0.24750317633152008
45 0.25454068183898926
46 0.2502257823944092
47 0.2400023341178894
48 0.2348368763923645
49 0.25075799226760864
50 0.23340171575546265
51 0.22945326566696167
52 0.2327663153409958
53 0.23870857059955597
54 0.23432986438274384
55 0.23139402270317078
56 0.2378275990486145
57 0.22901131212711334
58 0.22534675896167755
59 0.22551845014095306
60 0.22394289076328278
61 0.23376694321632385
62 0.2241877168416977
63 0.2265024036169052
64 0.2139304131269455
65 0.2313050478696823
66 0.21769073605537415
67 0.24058470129966736
68 0.21714866161346436
69 0.21868428587913513
70 0.21624934673309326
71 0.21577604115009308
72 0.227621391415596
73 0.21226085722446442
74 0.21786631643772125
75 0.21439939737319946
76 0.2131389081478119
77 0.21499963104724884
78 0.21412628889083862
79 0.21676716208457947
80 0.20687274634838104
81 0.23890934884548187
82 0.210691437125206
83 0.2054533213376999
84 0.20923671126365662
85 0.20877209305763245
86 0.2119850218296051
87 0.21464549005031586
88 0.20838643610477448
89 0.21695072948932648
90 0.20750027894973755
91 0.21367578208446503
92 0.20736727118492126
93 0.20618271827697754
94 0.2023911327123642
95 0.20961014926433563
96 0.20112939178943634
97 0.20246779918670654
98 0.20448599755764008
99 0.21298520267009735
100 0.20499436557292938
101 0.20582690834999084
102 0.21696051955223083
103 0.19539441168308258
104 0.20113858580589294
105 0.21227872371673584
106 0.19946171343326569
107 0.20843389630317688
108 0.20399348437786102
109 0.19465306401252747
110 0.20376738905906677
111 0.19731177389621735
112 0.2042476385831833
113 0.20210500061511993
114 0.2030382603406906
115 0.20207104086875916
116 0.19650444388389587
117 0.20214387774467468
118 0.19579195976257324
119 0.2008640468120575
120 0.19595077633857727
121 0.20582477748394012
122 0.1933038979768753
123 0.18745717406272888
124 0.2081303894519806
125 0.20518651604652405
126 0.19483231008052826
127 0.19789761304855347
128 0.18942242860794067
129 0.2056628316640854
130 0.19192461669445038
131 0.18567226827144623
132 0.19129836559295654
133 0.20654791593551636
134 0.19413632154464722
135 0.20309793949127197
136 0.18502721190452576
137 0.21354392170906067
138 0.20264007151126862
139 0.19792966544628143
140 0.18883328139781952
141 0.19425421953201294
142 0.19749662280082703
143 0.18990768492221832
144 0.18830606341362
145 0.190754696726799
146 0.1974608451128006
147 0.20222041010856628
148 0.1817140281200409
149 0.19109073281288147
150 0.1879287213087082
151 0.19457964599132538
152 0.21381010115146637
153 0.1852719932794571
154 0.18192629516124725
155 0.19147300720214844
156 0.18126647174358368
157 0.19861260056495667
158 0.21051594614982605
159 0.199500173330307
160 0.18912383913993835
161 0.19134168326854706
162 0.18206971883773804
163 0.17941825091838837
164 0.18349379301071167
165 0.18533489108085632
166 0.1835966557264328
167 0.1835176795721054
168 0.1778339296579361
169 0.1817053109407425
170 0.1833609938621521
171 0.18353310227394104
172 0.1984182894229889
173 0.20776711404323578
174 0.18362481892108917
175 0.18169249594211578
176 0.19931551814079285
177 0.1932866871356964
178 0.18175342679023743
179 0.1755768358707428
180 0.19907420873641968
181 0.19156548380851746
182 0.1822136789560318
183 0.21457400918006897
184 0.1945425122976303
185 0.18091635406017303
186 0.1808711439371109
187 0.18720826506614685
188 0.1880747526884079
189 0.17809288203716278
190 0.1939503252506256
191 0.18318232893943787
192 0.18157130479812622
193 0.18358448147773743
194 0.17822673916816711
195 0.18285328149795532
196 0.1750008910894394
197 0.2462441623210907
198 0.17648929357528687
199 0.18752047419548035
200 0.18033437430858612
201 0.17673221230506897
202 0.1892661601305008
203 0.19290271401405334
204 0.1764707863330841
205 0.180578351020813
206 0.192824587225914
207 0.1880766600370407
208 0.18829931318759918
209 0.1863887906074524
210 0.18387769162654877
211 0.18852704763412476
212 0.17884671688079834
213 0.18770024180412292
214 0.2001459151506424
215 0.18732993304729462
216 0.20071794092655182
217 0.2005920261144638
218 0.1740429550409317
219 0.16471391916275024
220 0.17522817850112915
221 0.17116662859916687
222 0.1849769502878189
223 0.18162426352500916
224 0.17184090614318848
225 0.1804477423429489
226 0.179280623793602
227 0.1701592653989792
228 0.19798623025417328
229 0.18251845240592957
230 0.20065359771251678
231 0.1754884570837021
232 0.166721373796463
233 0.16607904434204102
234 0.18650318682193756
235 0.1794658750295639
236 0.17295095324516296
237 0.2112177312374115
238 0.1768343597650528
239 0.18296754360198975
240 0.17280153930187225
241 0.19272546470165253
242 0.16965384781360626
243 0.17363858222961426
244 0.19754043221473694
245 0.17050692439079285
246 0.1937418133020401
247 0.17249169945716858
248 0.1882944256067276
249 0.2009972333908081
250 0.18016497790813446
251 0.19394011795520782
252 0.18393011391162872
253 0.18557241559028625
254 0.16969461739063263
255 0.18048661947250366
256 0.17581963539123535
257 0.17568211257457733
258 0.19025060534477234
259 0.19773484766483307
260 0.17770658433437347
261 0.1736474633216858
262 0.17327181994915009
263 0.1644958257675171
264 0.1628798395395279
265 0.17264653742313385
266 0.17936909198760986
267 0.17148485779762268
268 0.17849494516849518
269 0.19018679857254028
270 0.16451691091060638
271 0.16430401802062988
272 0.1974136233329773
273 0.17517274618148804
274 0.16978982090950012
275 0.17637117207050323
276 0.16525225341320038
277 0.17932863533496857
278 0.17664620280265808
279 0.19229452311992645
280 0.16222961246967316
281 0.19336648285388947
282 0.17445741593837738
283 0.16868802905082703
284 0.17802849411964417
285 0.16922627389431
286 0.20190756022930145
287 0.16660858690738678
288 0.17375877499580383
289 0.19668158888816833
290 0.16572819650173187
291 0.17641635239124298
292 0.17170004546642303
293 0.16581504046916962
294 0.15674853324890137
295 0.1608656942844391
296 0.16769790649414062
297 0.19837000966072083
298 0.16893571615219116
299 0.16703440248966217
300 0.16092625260353088
301 0.1655781865119934
302 0.1654147505760193
303 0.18293637037277222
304 0.17437760531902313
305 0.15727318823337555
306 0.17269551753997803
307 0.16898036003112793
308 0.18046331405639648
309 0.16692721843719482
310 0.18313780426979065
311 0.1685328185558319
312 0.16649669408798218
313 0.20118679106235504
314 0.17403802275657654
315 0.16094757616519928
316 0.15959948301315308
317 0.15749502182006836
318 0.17152118682861328
319 0.1525423377752304
320 0.16614873707294464
321 0.16868336498737335
322 0.20740051567554474
323 0.17673134803771973
324 0.17266488075256348
325 0.15274225175380707
326 0.16198989748954773
327 0.17321383953094482
328 0.17191386222839355
329 0.16507121920585632
330 0.1625117063522339
331 0.19916869699954987
332 0.18506693840026855
333 0.15800124406814575
334 0.16427813470363617
335 0.19650235772132874
336 0.16870324313640594
337 0.16366088390350342
338 0.17938882112503052
339 0.16147148609161377
340 0.1625458151102066
341 0.16131684184074402
342 0.16014264523983002
343 0.1557770073413849
344 0.18941915035247803
345 0.16044147312641144
346 0.1631004959344864
347 0.1682443469762802
348 0.1526033729314804
349 0.17430640757083893
350 0.19362492859363556
351 0.17740127444267273
352 0.16627317667007446
353 0.16603411734104156
354 0.16649961471557617
355 0.18234783411026
356 0.17288804054260254
357 0.16616016626358032
358 0.17646315693855286
359 0.15666212141513824
360 0.1703789383172989
361 0.16004039347171783
362 0.1766444444656372
363 0.17470704019069672
364 0.15743060410022736
365 0.16565528512001038
366 0.1677042841911316
367 0.17823515832424164
368 0.19482234120368958
369 0.15996399521827698
370 0.15788505971431732
371 0.16815680265426636
372 0.18123002350330353
373 0.18121187388896942
374 0.17435584962368011
375 0.1660693883895874
376 0.18147505819797516
377 0.15649470686912537
378 0.15606403350830078
379 0.16269546747207642
380 0.17517797648906708
381 0.1911676675081253
382 0.1713005006313324
383 0.17143051326274872
384 0.16423286497592926
385 0.179234117269516
386 0.19711261987686157
387 0.19234682619571686
388 0.14965766668319702
389 0.16354621946811676
390 0.18845589458942413
391 0.16955848038196564
392 0.20396198332309723
393 0.16923615336418152
394 0.16627611219882965
395 0.1589222550392151
396 0.17597541213035583
397 0.17054462432861328
398 0.15270277857780457
399 0.17268799245357513
400 0.15737943351268768
401 0.1588181108236313
402 0.1577618271112442
403 0.17088334262371063
404 0.15527091920375824
405 0.15767140686511993
406 0.16999033093452454
407 0.15978343784809113
408 0.160325825214386
409 0.16011346876621246
410 0.16192707419395447
411 0.1518118977546692
412 0.19199353456497192
413 0.17778189480304718
414 0.18915465474128723
415 0.1689288169145584
416 0.1684691458940506
417 0.1466827392578125
418 0.16107861697673798
419 0.18011422455310822
420 0.16720536351203918
421 0.16486476361751556
422 0.16882330179214478
423 0.17092187702655792
424 0.15560780465602875
425 0.15201163291931152
426 0.18395033478736877
427 0.16674502193927765
428 0.16619773209095
429 0.1816987246274948
430 0.1781451553106308
431 0.1581563949584961
432 0.16919323801994324
433 0.15397660434246063
434 0.1731155514717102
435 0.15473319590091705
436 0.1651570349931717
437 0.16182848811149597
438 0.16179242730140686
439 0.18380765616893768
440 0.16014894843101501
441 0.16153265535831451
442 0.16212089359760284
443 0.1554921418428421
444 0.1686554253101349
445 0.16005057096481323
446 0.15517538785934448
447 0.1933917999267578
448 0.1582566201686859
449 0.15011979639530182
450 0.15396657586097717
451 0.1423947662115097
452 0.16467243432998657
453 0.1709619164466858
454 0.1719794124364853
455 0.192178413271904
456 0.1742052435874939
457 0.1662435531616211
458 0.1674899309873581
459 0.1708907186985016
460 0.1584397554397583
461 0.15486527979373932
462 0.14549235999584198
463 0.17737437784671783
464 0.15708614885807037
465 0.1774304211139679
466 0.15001104772090912
467 0.18268628418445587
468 0.16858160495758057
469 0.160949245095253
470 0.14758603274822235
471 0.16794835031032562
472 0.16360600292682648
473 0.17457252740859985
474 0.1535491943359375
475 0.16053315997123718
476 0.1679385006427765
477 0.16277848184108734
478 0.14831772446632385
479 0.16187657415866852
480 0.1484890580177307
481 0.1554795205593109
482 0.15922217071056366
483 0.16312731802463531
484 0.15364901721477509
485 0.15178804099559784
486 0.15054506063461304
487 0.1607903093099594
488 0.15768764913082123
489 0.169585719704628
490 0.16134238243103027
491 0.16354602575302124
492 0.1614847332239151
493 0.16666355729103088
494 0.15078942477703094
495 0.17546381056308746
496 0.16288158297538757
497 0.16913273930549622
498 0.16588370501995087
499 0.1827235072851181
500 0.15087907016277313
501 0.17980673909187317
502 0.14983250200748444
503 0.1589723527431488
504 0.1657858043909073
505 0.17402563989162445
506 0.17246317863464355
507 0.166936993598938
508 0.15540388226509094
509 0.14933046698570251
510 0.15590545535087585
511 0.15997159481048584
512 0.15634776651859283
513 0.14737600088119507
514 0.1754409223794937
515 0.1592738926410675
516 0.14838317036628723
517 0.16982696950435638
518 0.149001345038414
519 0.15700070559978485
520 0.15858706831932068
521 0.15799663960933685
522 0.1492624580860138
523 0.1610533744096756
524 0.1776731312274933
525 0.17139166593551636
526 0.15814943611621857
527 0.15700897574424744
528 0.1497775912284851
529 0.1596589833498001
530 0.15042391419410706
531 0.16983585059642792
532 0.14625447988510132
533 0.19123709201812744
534 0.16971991956233978
535 0.14687852561473846
536 0.14349082112312317
537 0.1535213440656662
538 0.14714650809764862
539 0.1434546411037445
540 0.15843625366687775
541 0.1437491923570633
542 0.1694127917289734
543 0.16434723138809204
544 0.15479518473148346
545 0.1569724828004837
546 0.14579585194587708
547 0.1481482982635498
548 0.1474071741104126
549 0.18902869522571564
550 0.14567889273166656
551 0.17647673189640045
552 0.13680316507816315
553 0.14868424832820892
554 0.1904202103614807
555 0.16335070133209229
556 0.13874390721321106
557 0.17497508227825165
558 0.15723061561584473
559 0.17845399677753448
560 0.16769219934940338
561 0.17145347595214844
562 0.1569681167602539
563 0.1790001094341278
564 0.1593150645494461
565 0.15454499423503876
566 0.18388201296329498
567 0.14906223118305206
568 0.15110543370246887
569 0.15424154698848724
570 0.18593285977840424
571 0.1597020924091339
572 0.15327486395835876
573 0.17009885609149933
574 0.1332031488418579
575 0.14866520464420319
576 0.20629015564918518
577 0.16648034751415253
578 0.14682047069072723
579 0.15483830869197845
580 0.15665781497955322
581 0.2169654816389084
582 0.16099965572357178
583 0.17023791372776031
584 0.16686029732227325
585 0.15228690207004547
586 0.17073515057563782
587 0.1633967012166977
588 0.1525184065103531
589 0.1395721286535263
590 0.1690143644809723
591 0.14724107086658478
592 0.15273787081241608
593 0.1412191241979599
594 0.15207348763942719
595 0.1558905839920044
596 0.156591534614563
597 0.14793190360069275
598 0.17699266970157623
599 0.15379004180431366
600 0.14430372416973114
601 0.16134299337863922
602 0.15683604776859283
603 0.15633925795555115
604 0.1585479974746704
605 0.167707622051239
606 0.1514628380537033
607 0.17876572906970978
608 0.16276639699935913
609 0.15519824624061584
610 0.14639727771282196
611 0.16168320178985596
612 0.1605840027332306
613 0.17316541075706482
614 0.15403185784816742
615 0.15365590155124664
616 0.18301419913768768
617 0.1448715627193451
618 0.2204912155866623
619 0.1578289419412613
620 0.15585103631019592
621 0.14756473898887634
622 0.1506088823080063
623 0.14959299564361572
624 0.17130793631076813
625 0.15286046266555786
626 0.1807127296924591
627 0.1496550440788269
628 0.15509743988513947
629 0.15262232720851898
630 0.1705053150653839
631 0.1659868359565735
632 0.1521306335926056
633 0.1399526447057724
634 0.15933504700660706
635 0.13937246799468994
636 0.1693205088376999
637 0.13928674161434174
638 0.14471757411956787
639 0.14886856079101562
640 0.14007486402988434
641 0.15084144473075867
642 0.15471689403057098
643 0.18670982122421265
644 0.15046988427639008
645 0.15063408017158508
646 0.15671062469482422
647 0.19048932194709778
648 0.15513654053211212
649 0.14897169172763824
650 0.16324031352996826
651 0.15941216051578522
652 0.18576622009277344
653 0.1702733188867569
654 0.15858380496501923
655 0.1624380648136139
656 0.16148866713047028
657 0.15334050357341766
658 0.1488656848669052
659 0.16898730397224426
660 0.15787097811698914
661 0.1721300482749939
662 0.15445660054683685
663 0.17759333550930023
664 0.17161110043525696
665 0.1591503769159317
666 0.15564510226249695
667 0.15690958499908447
668 0.16764436662197113
669 0.15498042106628418
670 0.1686345785856247
671 0.16048207879066467
672 0.1418522298336029
673 0.15947674214839935
674 0.2036292403936386
675 0.14749406278133392
676 0.14308352768421173
677 0.13805365562438965
678 0.18030767142772675
679 0.1606348305940628
680 0.14449523389339447
681 0.14960746467113495
682 0.17864997684955597
683 0.16711506247520447
684 0.1786222904920578
685 0.1601838767528534
686 0.1564856469631195
687 0.16151584684848785
688 0.16597045958042145
689 0.1526096612215042
690 0.1566108763217926
691 0.16417521238327026
692 0.1640489101409912
693 0.1444692760705948
694 0.15290018916130066
695 0.1618693321943283
696 0.15803025662899017
697 0.1414487659931183
698 0.14303407073020935
699 0.1468595415353775
700 0.15609146654605865
701 0.13911883533000946
702 0.14602291584014893
703 0.14905382692813873
704 0.15067288279533386
705 0.15146611630916595
706 0.1889973282814026
707 0.16674862802028656
708 0.1649036407470703
709 0.13882246613502502
710 0.1523294448852539
711 0.14408113062381744
712 0.1534903645515442
713 0.1767996996641159
714 0.1482318490743637
715 0.18818704783916473
716 0.1471024751663208
717 0.16601568460464478
718 0.16310521960258484
719 0.17714811861515045
720 0.15204975008964539
721 0.13820265233516693
722 0.17471735179424286
723 0.15323039889335632
724 0.16316372156143188
725 0.1584150344133377
726 0.16218416392803192
727 0.179632306098938
728 0.1508568376302719
729 0.1592632681131363
730 0.15448220074176788
731 0.14794281125068665
732 0.14202164113521576
733 0.15989641845226288
734 0.149913489818573
735 0.1731613129377365
736 0.14666904509067535
737 0.14782193303108215
738 0.18563438951969147
739 0.1398707777261734
740 0.16653399169445038
741 0.1717490702867508
742 0.16380389034748077
743 0.16771775484085083
744 0.1546899676322937
745 0.163736492395401
746 0.14573964476585388
747 0.16553287208080292
748 0.16689854860305786
749 0.1598256677389145
750 0.14676405489444733
751 0.1653284728527069
752 0.13839499652385712
753 0.16853654384613037
754 0.16705642640590668
755 0.14896278083324432
756 0.14457833766937256
757 0.15065526962280273
758 0.1463632434606552
759 0.1518298089504242
760 0.15371547639369965
761 0.14504672586917877
762 0.16639629006385803
763 0.15483559668064117
764 0.15818460285663605
765 0.1415092945098877
766 0.14411725103855133
767 0.1504833996295929
768 0.14989686012268066
769 0.14582663774490356
770 0.1504657119512558
771 0.15224598348140717
772 0.16007936000823975
773 0.13995811343193054
774 0.1578996628522873
775 0.1505909562110901
776 0.14665919542312622
777 0.16403041779994965
778 0.15376316010951996
779 0.16335785388946533
780 0.15273141860961914
781 0.1525018960237503
782 0.135187566280365
783 0.17415203154087067
784 0.14571405947208405
785 0.1547509878873825
786 0.19713515043258667
787 0.16983634233474731
788 0.14743852615356445
789 0.16301169991493225
790 0.1400846689939499
791 0.1440165787935257
792 0.1394551545381546
793 0.16202326118946075
794 0.1490626186132431
795 0.14143379032611847
796 0.1638282984495163
797 0.16731898486614227
798 0.14931878447532654
799 0.15360021591186523
800 0.13938108086585999
