1 1.356878399848938
2 1.3591572046279907
3 1.2934632301330566
4 1.3551957607269287
5 1.3796716928482056
6 1.316701054573059
7 1.345687985420227
8 1.3932850360870361
9 1.3566256761550903
10 1.2880643606185913
11 1.3382891416549683
12 1.3323140144348145
13 1.3009798526763916
14 1.3351447582244873
15 1.3280811309814453
16 1.4361774921417236
17 1.290764331817627
18 1.3424534797668457
19 1.3010361194610596
20 1.3732550144195557
21 1.344084620475769
22 1.347654104232788
23 1.332891583442688
24 1.3147506713867188
25 1.3846274614334106
26 1.3967598676681519
27 1.3058314323425293
28 1.4083317518234253
29 1.3620104789733887
30 1.3432201147079468
31 1.3336061239242554
32 1.3368436098098755
33 1.3919395208358765
34 1.327592134475708
35 1.3279011249542236
36 1.3476684093475342
37 1.312690258026123
38 1.3599953651428223
39 1.3382569551467896
40 1.3403892517089844
41 1.3313416242599487
42 1.3609426021575928
43 1.3461507558822632
44 1.3334306478500366
45 1.3082622289657593
46 1.351184606552124
47 1.3021091222763062
48 1.413571834564209
49 1.3659892082214355
50 1.303438425064087
51 1.3201972246170044
52 1.3240371942520142
53 1.3565622568130493
54 1.315453052520752
55 1.340387225151062
56 1.39577054977417
57 1.3397769927978516
58 1.3358815908432007
59 1.3471417427062988
60 1.372281789779663
61 1.3032288551330566
62 1.3534729480743408
63 1.3259410858154297
64 1.3394441604614258
65 1.338978886604309
66 1.3086825609207153
67 1.3485504388809204
68 1.2765908241271973
69 1.322483777999878
70 1.300445318222046
71 1.3224436044692993
72 1.3875352144241333
73 1.3110358715057373
74 1.3531721830368042
75 1.377832293510437
76 1.3384348154067993
77 1.3469771146774292
78 1.3336231708526611
79 1.3148335218429565
80 1.340336799621582
81 1.3753198385238647
82 1.3392243385314941
83 1.3901063203811646
84 1.3197333812713623
85 1.336253046989441
86 1.2997268438339233
87 1.3325984477996826
88 1.410860538482666
89 1.3438884019851685
90 1.3260246515274048
91 1.3391458988189697
92 1.3167234659194946
93 1.3151906728744507
94 1.29313063621521
95 1.3144065141677856
96 1.3390084505081177
97 1.2907071113586426
98 1.331739068031311
99 1.3437520265579224
100 1.3436429500579834
101 1.318718671798706
102 1.313248872756958
103 1.346891164779663
104 1.3671884536743164
105 1.3625799417495728
106 1.3425536155700684
107 1.3234150409698486
108 1.3848856687545776
109 1.375490665435791
110 1.3287262916564941
111 1.3201603889465332
112 1.3150101900100708
113 1.3555667400360107
114 1.3323298692703247
115 1.3417221307754517
116 1.3919986486434937
117 1.2871946096420288
118 1.3278650045394897
119 1.3274990320205688
120 1.3579374551773071
121 1.3595726490020752
122 1.3332635164260864
123 1.375048041343689
124 1.3092669248580933
125 1.354390025138855
126 1.3270542621612549
127 1.361791968345642
128 1.3239237070083618
129 1.3008273839950562
130 1.3105324506759644
131 1.3743345737457275
132 1.3397166728973389
133 1.3291900157928467
134 1.3769594430923462
135 1.387308955192566
136 1.3291149139404297
137 1.335954189300537
138 1.3540685176849365
139 1.3349721431732178
140 1.3786673545837402
141 1.3227885961532593
142 1.3200526237487793
143 1.3459562063217163
144 1.3018431663513184
145 1.3464879989624023
146 1.3358268737792969
147 1.345454454421997
148 1.3643311262130737
149 1.2885591983795166
150 1.376131534576416
151 1.3523966073989868
152 1.346472978591919
153 1.3623234033584595
154 1.3251012563705444
155 1.336719274520874
156 1.3003153800964355
157 1.306506633758545
158 1.3186721801757812
159 1.3714126348495483
160 1.3462984561920166
161 1.3233290910720825
162 1.2881526947021484
163 1.2826513051986694
164 1.3258287906646729
165 1.2999387979507446
166 1.357061505317688
167 1.4037421941757202
168 1.3296620845794678
169 1.3365997076034546
170 1.3786942958831787
171 1.3274811506271362
172 1.2920622825622559
173 1.3055394887924194
174 1.3125413656234741
175 1.3562219142913818
176 1.3586426973342896
177 1.3486998081207275
178 1.3566315174102783
179 1.321433186531067
180 1.3604384660720825
181 1.3709603548049927
182 1.3341230154037476
183 1.3295520544052124
184 1.3598536252975464
185 1.3355787992477417
186 1.3615827560424805
187 1.3471540212631226
188 1.3059338331222534
189 1.338814616203308
190 1.2965859174728394
191 1.4201911687850952
192 1.3640583753585815
193 1.2984012365341187
194 1.3636679649353027
195 1.3256558179855347
196 1.3409221172332764
197 1.335668921470642
198 1.3286173343658447
199 1.4112257957458496
200 1.332383394241333
201 1.3394618034362793
202 1.3284175395965576
203 1.3515816926956177
204 1.3099961280822754
205 1.3383605480194092
206 1.3211736679077148
207 1.310289978981018
208 1.3895988464355469
209 1.3006844520568848
210 1.3634145259857178
211 1.3902409076690674
212 1.314298391342163
213 1.3521713018417358
214 1.3680256605148315
215 1.3287632465362549
216 1.3237090110778809
217 1.299129843711853
218 1.3103067874908447
219 1.3871521949768066
220 1.340735912322998
221 1.2896894216537476
222 1.3621010780334473
223 1.3419585227966309
224 1.3413728475570679
225 1.3020219802856445
226 1.343875527381897
227 1.3541892766952515
228 1.3942160606384277
229 1.3628755807876587
230 1.322674036026001
231 1.3540706634521484
232 1.2821182012557983
233 1.3342530727386475
234 1.3483484983444214
235 1.3041713237762451
236 1.357025146484375
237 1.3551931381225586
238 1.3833434581756592
239 1.3350913524627686
240 1.3439925909042358
241 1.3373184204101562
242 1.3275717496871948
243 1.3394298553466797
244 1.3523019552230835
245 1.3493760824203491
246 1.312875747680664
247 1.2946077585220337
248 1.3388811349868774
249 1.3515228033065796
250 1.314415454864502
251 1.31728196144104
252 1.3533393144607544
253 1.3655866384506226
254 1.410155177116394
255 1.3076525926589966
256 1.3368332386016846
257 1.2865211963653564
258 1.3022822141647339
259 1.319833755493164
260 1.3803813457489014
261 1.3636442422866821
262 1.3344616889953613
263 1.3212600946426392
264 1.3788670301437378
265 1.310208797454834
266 1.3528252840042114
267 1.3650575876235962
268 1.320746660232544
269 1.3362905979156494
270 1.3519669771194458
271 1.3472754955291748
272 1.356161117553711
273 1.3386634588241577
274 1.3492072820663452
275 1.3407020568847656
276 1.2995169162750244
277 1.326610803604126
278 1.3185899257659912
279 1.3218151330947876
280 1.339141845703125
281 1.3252822160720825
282 1.4013450145721436
283 1.3889262676239014
284 1.3081152439117432
285 1.3566908836364746
286 1.3554950952529907
287 1.3023775815963745
288 1.3693790435791016
289 1.3365072011947632
290 1.3279608488082886
291 1.3409078121185303
292 1.327142357826233
293 1.3225369453430176
294 1.3360165357589722
295 1.316415786743164
296 1.362432599067688
297 1.421828269958496
298 1.320122480392456
299 1.3293452262878418
300 1.3026008605957031
301 1.2899008989334106
302 1.3459876775741577
303 1.3201934099197388
304 1.3620961904525757
305 1.3295880556106567
306 1.3239187002182007
307 1.419899821281433
308 1.3741110563278198
309 1.375035285949707
310 1.3829572200775146
311 1.3247482776641846
312 1.3698394298553467
313 1.3642255067825317
314 1.2968412637710571
315 1.3452532291412354
316 1.3344714641571045
317 1.3168585300445557
318 1.3065249919891357
319 1.3612372875213623
320 1.414563536643982
321 1.3199682235717773
322 1.3409340381622314
323 1.2890859842300415
324 1.3234772682189941
325 1.338654637336731
326 1.28583824634552
327 1.359232783317566
328 1.4071385860443115
329 1.2902612686157227
330 1.3463118076324463
331 1.3394620418548584
332 1.2909705638885498
333 1.375110149383545
334 1.3359792232513428
335 1.3253612518310547
336 1.3422492742538452
337 1.3764212131500244
338 1.271162748336792
339 1.356582522392273
340 1.4019765853881836
341 1.3010497093200684
342 1.3364605903625488
343 1.3435640335083008
344 1.3131088018417358
345 1.3486050367355347
346 1.3192942142486572
347 1.307708978652954
348 1.349371075630188
349 1.4130855798721313
350 1.3203709125518799
351 1.3589203357696533
352 1.3190003633499146
353 1.377205491065979
354 1.3421114683151245
355 1.3154685497283936
356 1.336463212966919
357 1.2991721630096436
358 1.3148143291473389
359 1.3616186380386353
360 1.3356072902679443
361 1.3488210439682007
362 1.2928165197372437
363 1.2939703464508057
364 1.370755672454834
365 1.3338706493377686
366 1.3161427974700928
367 1.354551911354065
368 1.3859647512435913
369 1.3176683187484741
370 1.3219941854476929
371 1.3601700067520142
372 1.3859399557113647
373 1.3477047681808472
374 1.345693826675415
375 1.3466508388519287
376 1.338768720626831
377 1.3577258586883545
378 1.3285003900527954
379 1.311424732208252
380 1.347345232963562
381 1.3238669633865356
382 1.3208814859390259
383 1.389756679534912
384 1.4094158411026
385 1.3344926834106445
386 1.3368003368377686
387 1.352908730506897
388 1.3085561990737915
389 1.3463674783706665
390 1.3922276496887207
391 1.3458867073059082
392 1.2875880002975464
393 1.3228601217269897
394 1.365484356880188
395 1.2981889247894287
396 1.3278456926345825
397 1.3388633728027344
398 1.3588138818740845
399 1.3293401002883911
400 1.28256094455719
401 1.3251382112503052
402 1.3772422075271606
403 1.3398175239562988
404 1.3133792877197266
405 1.3343806266784668
406 1.3896163702011108
407 1.3172389268875122
408 1.3545420169830322
409 1.3698077201843262
410 1.3252333402633667
411 1.3829724788665771
412 1.3139923810958862
413 1.3438204526901245
414 1.3482321500778198
415 1.3485056161880493
416 1.3093407154083252
417 1.3048688173294067
418 1.3544338941574097
419 1.2967394590377808
420 1.287771463394165
421 1.4166945219039917
422 1.2796680927276611
423 1.3567835092544556
424 1.3132038116455078
425 1.3088672161102295
426 1.3881213665008545
427 1.356590986251831
428 1.3163974285125732
429 1.33379065990448
430 1.3272756338119507
431 1.4035810232162476
432 1.3738828897476196
433 1.335546612739563
434 1.2900265455245972
435 1.3933106660842896
436 1.3260347843170166
437 1.2871323823928833
438 1.38621187210083
439 1.308669924736023
440 1.3452203273773193
441 1.3199212551116943
442 1.3164117336273193
443 1.3960553407669067
444 1.322694182395935
445 1.297546625137329
446 1.3436412811279297
447 1.3219332695007324
448 1.3296829462051392
449 1.320616602897644
450 1.3614224195480347
451 1.4237850904464722
452 1.3503327369689941
453 1.357132077217102
454 1.3163971900939941
455 1.3982921838760376
456 1.323168158531189
457 1.34212064743042
458 1.3111581802368164
459 1.3169703483581543
460 1.3613356351852417
461 1.3837755918502808
462 1.3183454275131226
463 1.2980632781982422
464 1.3470367193222046
465 1.3086016178131104
466 1.3683621883392334
467 1.3308696746826172
468 1.3460757732391357
469 1.335776686668396
470 1.3645793199539185
471 1.3120315074920654
472 1.328261137008667
473 1.3437029123306274
474 1.3228636980056763
475 1.3681761026382446
476 1.3933316469192505
477 1.3415032625198364
478 1.333949089050293
479 1.2606139183044434
480 1.3142644166946411
481 1.347604513168335
482 1.3484201431274414
483 1.3385965824127197
484 1.3478502035140991
485 1.3529152870178223
486 1.3509643077850342
487 1.38027822971344
488 1.3290743827819824
489 1.3185175657272339
490 1.3593112230300903
491 1.3742191791534424
492 1.3224248886108398
493 1.3292242288589478
494 1.3053193092346191
495 1.3350898027420044
496 1.3259685039520264
497 1.2997255325317383
498 1.3633716106414795
499 1.3308932781219482
500 1.2684088945388794
501 1.3414738178253174
502 1.3285852670669556
503 1.3841441869735718
504 1.301811695098877
505 1.3378716707229614
506 1.3174060583114624
507 1.3650684356689453
508 1.3930351734161377
509 1.3654805421829224
510 1.3681718111038208
511 1.3379167318344116
512 1.324696660041809
513 1.301371693611145
514 1.303584098815918
515 1.3310469388961792
516 1.332696557044983
517 1.3176530599594116
518 1.3205561637878418
519 1.4071106910705566
520 1.351309061050415
521 1.3002179861068726
522 1.3042752742767334
523 1.34108304977417
524 1.3355059623718262
525 1.339657187461853
526 1.3275336027145386
527 1.3549777269363403
528 1.4076206684112549
529 1.2995190620422363
530 1.3475011587142944
531 1.3088734149932861
532 1.3245500326156616
533 1.3682571649551392
534 1.325283169746399
535 1.3664547204971313
536 1.329411506652832
537 1.2874361276626587
538 1.3551838397979736
539 1.298696517944336
540 1.3537623882293701
541 1.3658527135849
542 1.322901964187622
543 1.3227914571762085
544 1.3663554191589355
545 1.3351540565490723
546 1.305310845375061
547 1.34246826171875
548 1.350847840309143
549 1.3210670948028564
550 1.3412336111068726
551 1.3298355340957642
552 1.313668131828308
553 1.3337653875350952
554 1.3523402214050293
555 1.3776572942733765
556 1.3497480154037476
557 1.3523989915847778
558 1.3291038274765015
559 1.3905974626541138
560 1.3978798389434814
561 1.3247114419937134
562 1.2966665029525757
563 1.3192009925842285
564 1.3368505239486694
565 1.3346432447433472
566 1.3483680486679077
567 1.3312909603118896
568 1.325748085975647
569 1.3979103565216064
570 1.313786506652832
571 1.3265318870544434
572 1.4125196933746338
573 1.344930648803711
574 1.3211208581924438
575 1.2656468152999878
576 1.323724627494812
577 1.276723861694336
578 1.3434500694274902
579 1.3279659748077393
580 1.340590476989746
581 1.335550308227539
582 1.3516279458999634
583 1.3583379983901978
584 1.3503724336624146
585 1.3556030988693237
586 1.3213573694229126
587 1.3554408550262451
588 1.3579292297363281
589 1.3309906721115112
590 1.3100814819335938
591 1.3713805675506592
592 1.3537375926971436
593 1.4232277870178223
594 1.3518733978271484
595 1.341545581817627
596 1.3416991233825684
597 1.3059568405151367
598 1.380376935005188
599 1.3157821893692017
600 1.2907699346542358
601 1.3463222980499268
602 1.355391263961792
603 1.3749629259109497
604 1.319704532623291
605 1.334359049797058
606 1.3278390169143677
607 1.3070859909057617
608 1.3641258478164673
609 1.3296066522598267
610 1.3506735563278198
611 1.3693408966064453
612 1.34359872341156
613 1.2817538976669312
614 1.3551158905029297
615 1.3083566427230835
616 1.3243144750595093
617 1.3028433322906494
618 1.3721047639846802
619 1.3716402053833008
620 1.309708833694458
621 1.3404494524002075
622 1.3701379299163818
623 1.3803677558898926
624 1.3503588438034058
625 1.313960313796997
626 1.308773398399353
627 1.3469618558883667
628 1.3906705379486084
629 1.3473361730575562
630 1.3564294576644897
631 1.3621937036514282
632 1.3284056186676025
633 1.3174941539764404
634 1.3675837516784668
635 1.281097173690796
636 1.3562694787979126
637 1.3610605001449585
638 1.3627032041549683
639 1.3335621356964111
640 1.2804968357086182
641 1.334398865699768
642 1.3503260612487793
643 1.3840891122817993
644 1.3375244140625
645 1.3439160585403442
646 1.3967021703720093
647 1.3275985717773438
648 1.3300611972808838
649 1.3061115741729736
650 1.3860118389129639
651 1.321350336074829
652 1.3351655006408691
653 1.2929986715316772
654 1.310678482055664
655 1.4069383144378662
656 1.3718135356903076
657 1.347683310508728
658 1.3126461505889893
659 1.3210339546203613
660 1.3483612537384033
661 1.3159534931182861
662 1.3961747884750366
663 1.3380076885223389
664 1.3904398679733276
665 1.3145740032196045
666 1.3363947868347168
667 1.311949372291565
668 1.377575397491455
669 1.3210660219192505
670 1.3139396905899048
671 1.3480502367019653
672 1.357878565788269
673 1.4160630702972412
674 1.321026086807251
675 1.2908935546875
676 1.3658040761947632
677 1.2841471433639526
678 1.3766895532608032
679 1.355117678642273
680 1.2918434143066406
681 1.3325775861740112
682 1.3699299097061157
683 1.3471698760986328
684 1.378678798675537
685 1.2959296703338623
686 1.3569122552871704
687 1.3247625827789307
688 1.3297652006149292
689 1.35853111743927
690 1.3515573740005493
691 1.2881076335906982
692 1.3100470304489136
693 1.3473442792892456
694 1.3764188289642334
695 1.4040017127990723
696 1.3387525081634521
697 1.333130955696106
698 1.3442904949188232
699 1.3811219930648804
700 1.343448281288147
701 1.3179681301116943
702 1.3581557273864746
703 1.3145277500152588
704 1.3288222551345825
705 1.3120609521865845
706 1.3648687601089478
707 1.3070417642593384
708 1.3343734741210938
709 1.2764450311660767
710 1.367256760597229
711 1.353056788444519
712 1.337788701057434
713 1.3614188432693481
714 1.3065868616104126
715 1.3331308364868164
716 1.3247395753860474
717 1.3922955989837646
718 1.3192987442016602
719 1.333501935005188
720 1.3017593622207642
721 1.3432495594024658
722 1.3274132013320923
723 1.3319027423858643
724 1.3936725854873657
725 1.343490481376648
726 1.3290607929229736
727 1.3337775468826294
728 1.3915907144546509
729 1.304502248764038
730 1.3211970329284668
731 1.2898585796356201
732 1.3611348867416382
733 1.3602441549301147
734 1.3625699281692505
735 1.351185917854309
736 1.3352254629135132
737 1.280991554260254
738 1.3055287599563599
739 1.313022494316101
740 1.3296799659729004
741 1.3679240942001343
742 1.3274980783462524
743 1.438668966293335
744 1.3226763010025024
745 1.3652875423431396
746 1.314526915550232
747 1.3120702505111694
748 1.3725615739822388
749 1.3648792505264282
750 1.335678219795227
751 1.3515504598617554
752 1.3044664859771729
753 1.3330719470977783
754 1.341060996055603
755 1.2634509801864624
756 1.4159988164901733
757 1.372882604598999
758 1.308611273765564
759 1.2978123426437378
760 1.3023426532745361
761 1.3525242805480957
762 1.3241087198257446
763 1.3348888158798218
764 1.3279874324798584
765 1.3224905729293823
766 1.3669509887695312
767 1.3353108167648315
768 1.3343430757522583
769 1.352798342704773
770 1.3492511510849
771 1.3448880910873413
772 1.3394993543624878
773 1.328254222869873
774 1.2793737649917603
775 1.3309887647628784
776 1.3770089149475098
777 1.3469347953796387
778 1.3001972436904907
779 1.3652645349502563
780 1.384713053703308
781 1.369246244430542
782 1.3275481462478638
783 1.3286830186843872
784 1.2925090789794922
785 1.4046218395233154
786 1.3150936365127563
787 1.2917392253875732
788 1.3820499181747437
789 1.3711662292480469
790 1.334719181060791
791 1.345587968826294
792 1.353657603263855
793 1.3273404836654663
794 1.330729365348816
795 1.365015983581543
796 1.3370357751846313
797 1.3271909952163696
798 1.2911351919174194
799 1.3405444622039795
800 1.3388327360153198
