1 1.2579509019851685
2 1.2454090118408203
3 1.2282958030700684
4 1.2261106967926025
5 1.2343535423278809
6 1.2188875675201416
7 1.2249102592468262
8 1.2289646863937378
9 1.2194361686706543
10 1.2586233615875244
11 1.2300549745559692
12 1.2249958515167236
13 1.2479878664016724
14 1.2492488622665405
15 1.232496738433838
16 1.2520580291748047
17 1.2391316890716553
18 1.2385108470916748
19 1.2283873558044434
20 1.227576494216919
21 1.2408734560012817
22 1.2430307865142822
23 1.218009352684021
24 1.2319083213806152
25 1.2473030090332031
26 1.2451034784317017
27 1.2208362817764282
28 1.2234240770339966
29 1.230464220046997
30 1.2187094688415527
31 1.2725774049758911
32 1.2214733362197876
33 1.2528176307678223
34 1.2511125802993774
35 1.2228431701660156
36 1.2350904941558838
37 1.22575044631958
38 1.2716331481933594
39 1.2195658683776855
40 1.2196013927459717
41 1.2271472215652466
42 1.2249172925949097
43 1.2325407266616821
44 1.2398319244384766
45 1.2369792461395264
46 1.2492226362228394
47 1.230193018913269
48 1.249161720275879
49 1.2405370473861694
50 1.2609490156173706
51 1.2334989309310913
52 1.2334036827087402
53 1.2303134202957153
54 1.2379692792892456
55 1.2387124300003052
56 1.218213677406311
57 1.2463481426239014
58 1.2406482696533203
59 1.2180200815200806
60 1.225731611251831
61 1.220816731452942
62 1.2101025581359863
63 1.239460825920105
64 1.2214471101760864
65 1.2289721965789795
66 1.2460846900939941
67 1.2230253219604492
68 1.2557060718536377
69 1.2331664562225342
70 1.2370691299438477
71 1.2369080781936646
72 1.2296031713485718
73 1.2208409309387207
74 1.2151472568511963
75 1.2302494049072266
76 1.2322375774383545
77 1.2372715473175049
78 1.237266182899475
79 1.2248159646987915
80 1.2350776195526123
81 1.2394212484359741
82 1.2423475980758667
83 1.225735068321228
84 1.2294303178787231
85 1.2406740188598633
86 1.2140758037567139
87 1.2289386987686157
88 1.2370413541793823
89 1.2522233724594116
90 1.2343474626541138
91 1.2399609088897705
92 1.2333241701126099
93 1.2380868196487427
94 1.23810875415802
95 1.2508037090301514
96 1.2453693151474
97 1.2263678312301636
98 1.2484813928604126
99 1.2292646169662476
100 1.2597334384918213
101 1.2534050941467285
102 1.2301751375198364
103 1.2390727996826172
104 1.2588121891021729
105 1.2364469766616821
106 1.2281476259231567
107 1.2332218885421753
108 1.2201210260391235
109 1.227996826171875
110 1.2315824031829834
111 1.2365233898162842
112 1.2305212020874023
113 1.2511473894119263
114 1.2149882316589355
115 1.2408742904663086
116 1.2217611074447632
117 1.250824213027954
118 1.2471873760223389
119 1.2293951511383057
120 1.2402677536010742
121 1.2439771890640259
122 1.246457576751709
123 1.2148395776748657
124 1.2482141256332397
125 1.234894871711731
126 1.254575252532959
127 1.2244465351104736
128 1.2526570558547974
129 1.2358299493789673
130 1.2301769256591797
131 1.2419298887252808
132 1.230946660041809
133 1.254455327987671
134 1.263193964958191
135 1.2232414484024048
136 1.2327111959457397
137 1.238711953163147
138 1.227971076965332
139 1.2427133321762085
140 1.2238085269927979
141 1.238016128540039
142 1.2363096475601196
143 1.2245243787765503
144 1.243746280670166
145 1.2443326711654663
146 1.2595080137252808
147 1.2533748149871826
148 1.2437269687652588
149 1.2538304328918457
150 1.2248252630233765
151 1.2333474159240723
152 1.2296984195709229
153 1.247300386428833
154 1.2466953992843628
155 1.2263858318328857
156 1.2441140413284302
157 1.2140085697174072
158 1.2155545949935913
159 1.231495976448059
160 1.2286789417266846
161 1.2419328689575195
162 1.2269598245620728
163 1.2278681993484497
164 1.2207560539245605
165 1.234071969985962
166 1.2332419157028198
167 1.2353463172912598
168 1.2316648960113525
169 1.2428532838821411
170 1.2355222702026367
171 1.255945086479187
172 1.2324904203414917
173 1.268273115158081
174 1.2376117706298828
175 1.2214871644973755
176 1.2437856197357178
177 1.2430710792541504
178 1.2360193729400635
179 1.2180898189544678
180 1.2344789505004883
181 1.2267082929611206
182 1.2082914113998413
183 1.2578469514846802
184 1.2402710914611816
185 1.2251378297805786
186 1.2561689615249634
187 1.2321760654449463
188 1.2460150718688965
189 1.2186068296432495
190 1.2538076639175415
191 1.2304471731185913
192 1.2454122304916382
193 1.2189016342163086
194 1.2412735223770142
195 1.2274811267852783
196 1.2287251949310303
197 1.25515615940094
198 1.237565040588379
199 1.2309296131134033
200 1.2387702465057373
201 1.2309765815734863
202 1.2610340118408203
203 1.242964506149292
204 1.2503101825714111
205 1.2432758808135986
206 1.2566161155700684
207 1.235236644744873
208 1.2241698503494263
209 1.236517310142517
210 1.243754506111145
211 1.2278941869735718
212 1.2147202491760254
213 1.2241991758346558
214 1.2292169332504272
215 1.2349562644958496
216 1.234139323234558
217 1.2297279834747314
218 1.2330697774887085
219 1.2348002195358276
220 1.2527905702590942
221 1.2350473403930664
222 1.2207825183868408
223 1.215561866760254
224 1.2255127429962158
225 1.224059820175171
226 1.245911955833435
227 1.2357224225997925
228 1.2500965595245361
229 1.2420629262924194
230 1.2081695795059204
231 1.2209187746047974
232 1.2384400367736816
233 1.2419260740280151
234 1.2415072917938232
235 1.226918339729309
236 1.248298168182373
237 1.2231318950653076
238 1.235314965248108
239 1.2555023431777954
240 1.2559759616851807
241 1.2268275022506714
242 1.2269893884658813
243 1.2408409118652344
244 1.245538592338562
245 1.2411787509918213
246 1.2278656959533691
247 1.2508876323699951
248 1.2317631244659424
249 1.2558320760726929
250 1.2350759506225586
251 1.23774254322052
252 1.243066430091858
253 1.22756826877594
254 1.2358750104904175
255 1.2280808687210083
256 1.2397048473358154
257 1.2338205575942993
258 1.24177885055542
259 1.232614517211914
260 1.2209258079528809
261 1.2300294637680054
262 1.234131097793579
263 1.2437248229980469
264 1.2349191904067993
265 1.2319380044937134
266 1.2238441705703735
267 1.226894497871399
268 1.2471047639846802
269 1.2361011505126953
270 1.2530903816223145
271 1.2191333770751953
272 1.2350711822509766
273 1.2362054586410522
274 1.2313584089279175
275 1.2290619611740112
276 1.235144019126892
277 1.2333130836486816
278 1.2264293432235718
279 1.2207036018371582
280 1.2319793701171875
281 1.231081485748291
282 1.2202084064483643
283 1.217629313468933
284 1.235327124595642
285 1.2516154050827026
286 1.256560206413269
287 1.2266581058502197
288 1.2371758222579956
289 1.2276229858398438
290 1.2352004051208496
291 1.2428078651428223
292 1.237286925315857
293 1.2192366123199463
294 1.2258915901184082
295 1.2486662864685059
296 1.2351189851760864
297 1.2435084581375122
298 1.2582956552505493
299 1.229522943496704
300 1.2249778509140015
301 1.2283176183700562
302 1.2400286197662354
303 1.2381641864776611
304 1.2158386707305908
305 1.2447409629821777
306 1.2482457160949707
307 1.2271077632904053
308 1.2235172986984253
309 1.2189313173294067
310 1.2306185960769653
311 1.2400768995285034
312 1.2476341724395752
313 1.2233158349990845
314 1.234208106994629
315 1.226122498512268
316 1.2256526947021484
317 1.2597802877426147
318 1.2348339557647705
319 1.234838843345642
320 1.2424715757369995
321 1.223993182182312
322 1.2283433675765991
323 1.242160439491272
324 1.2348783016204834
325 1.2392328977584839
326 1.2251133918762207
327 1.2360154390335083
328 1.2346587181091309
329 1.2263147830963135
330 1.2399505376815796
331 1.2245492935180664
332 1.2342463731765747
333 1.2215209007263184
334 1.2289139032363892
335 1.246812343597412
336 1.2479045391082764
337 1.2621041536331177
338 1.2195265293121338
339 1.2607386112213135
340 1.2472357749938965
341 1.2407631874084473
342 1.2658330202102661
343 1.2345147132873535
344 1.2328511476516724
345 1.2318687438964844
346 1.2377156019210815
347 1.2373045682907104
348 1.2434005737304688
349 1.2397191524505615
350 1.2203192710876465
351 1.2475972175598145
352 1.2242586612701416
353 1.2421221733093262
354 1.2366350889205933
355 1.2296555042266846
356 1.2484791278839111
357 1.230315923690796
358 1.231451153755188
359 1.2307296991348267
360 1.2442706823349
361 1.2256319522857666
362 1.2357885837554932
363 1.2373716831207275
364 1.233521580696106
365 1.2350770235061646
366 1.217663049697876
367 1.226776361465454
368 1.2359009981155396
369 1.245370864868164
370 1.240033507347107
371 1.2299538850784302
372 1.2257522344589233
373 1.2438538074493408
374 1.2322059869766235
375 1.2322827577590942
376 1.2611024379730225
377 1.2363189458847046
378 1.2277292013168335
379 1.2335331439971924
380 1.219425916671753
381 1.2425472736358643
382 1.219660758972168
383 1.2336472272872925
384 1.2196918725967407
385 1.2418544292449951
386 1.242990493774414
387 1.2247227430343628
388 1.2363967895507812
389 1.224260687828064
390 1.2296253442764282
391 1.222058653831482
392 1.2431899309158325
393 1.2331671714782715
394 1.2298362255096436
395 1.2329363822937012
396 1.2166149616241455
397 1.2383241653442383
398 1.2174232006072998
399 1.2400702238082886
400 1.2187480926513672
401 1.2741109132766724
402 1.2472234964370728
403 1.2550115585327148
404 1.2599214315414429
405 1.2425838708877563
406 1.237251877784729
407 1.2575234174728394
408 1.2288373708724976
409 1.224308967590332
410 1.2440497875213623
411 1.212437391281128
412 1.2500234842300415
413 1.2299350500106812
414 1.2548003196716309
415 1.2270517349243164
416 1.2286005020141602
417 1.2168678045272827
418 1.2371736764907837
419 1.22672700881958
420 1.2475697994232178
421 1.2266954183578491
422 1.250892996788025
423 1.2295091152191162
424 1.2583467960357666
425 1.2305967807769775
426 1.249651312828064
427 1.2249280214309692
428 1.250756859779358
429 1.2317242622375488
430 1.2423101663589478
431 1.255476951599121
432 1.2470310926437378
433 1.2216366529464722
434 1.222281575202942
435 1.2345354557037354
436 1.2338953018188477
437 1.2178657054901123
438 1.228851079940796
439 1.2379180192947388
440 1.2443004846572876
441 1.252866268157959
442 1.219948172569275
443 1.225295066833496
444 1.2265915870666504
445 1.2391226291656494
446 1.2544915676116943
447 1.234036922454834
448 1.2253086566925049
449 1.2468209266662598
450 1.2464309930801392
451 1.2519893646240234
452 1.272916316986084
453 1.2254098653793335
454 1.213996171951294
455 1.233338713645935
456 1.2220005989074707
457 1.2451825141906738
458 1.2176686525344849
459 1.2360440492630005
460 1.2314950227737427
461 1.2424741983413696
462 1.2437173128128052
463 1.2257776260375977
464 1.2269599437713623
465 1.2199854850769043
466 1.2405250072479248
467 1.2487989664077759
468 1.2264626026153564
469 1.246462106704712
470 1.2440979480743408
471 1.2204302549362183
472 1.2336336374282837
473 1.2189122438430786
474 1.2312194108963013
475 1.2210980653762817
476 1.2327872514724731
477 1.2514854669570923
478 1.2179816961288452
479 1.24558424949646
480 1.2262625694274902
481 1.2508752346038818
482 1.2286118268966675
483 1.233561396598816
484 1.2487739324569702
485 1.2244720458984375
486 1.2286700010299683
487 1.222245454788208
488 1.2324278354644775
489 1.2174110412597656
490 1.2353768348693848
491 1.2331762313842773
492 1.2459676265716553
493 1.227087140083313
494 1.2241432666778564
495 1.2696821689605713
496 1.2257988452911377
497 1.2167447805404663
498 1.220937728881836
499 1.2417798042297363
500 1.2357139587402344
501 1.240309238433838
502 1.2313730716705322
503 1.258632779121399
504 1.2320350408554077
505 1.231125831604004
506 1.246572732925415
507 1.229831337928772
508 1.2484532594680786
509 1.2355660200119019
510 1.2211861610412598
511 1.2386354207992554
512 1.2278105020523071
513 1.2680120468139648
514 1.235414743423462
515 1.2297935485839844
516 1.225361943244934
517 1.2426894903182983
518 1.2401254177093506
519 1.2307056188583374
520 1.2457915544509888
521 1.2340987920761108
522 1.2529441118240356
523 1.2552067041397095
524 1.2220126390457153
525 1.2399921417236328
526 1.2362804412841797
527 1.235768437385559
528 1.237769365310669
529 1.2258296012878418
530 1.2349361181259155
531 1.2245628833770752
532 1.216220736503601
533 1.247835636138916
534 1.226417899131775
535 1.2332838773727417
536 1.2211281061172485
537 1.2434072494506836
538 1.2442758083343506
539 1.220383882522583
540 1.2163006067276
541 1.2589025497436523
542 1.2463276386260986
543 1.2592206001281738
544 1.2302552461624146
545 1.2205991744995117
546 1.2295844554901123
547 1.2288163900375366
548 1.247818112373352
549 1.2227988243103027
550 1.2338145971298218
551 1.225719928741455
552 1.2632523775100708
553 1.236749291419983
554 1.235842227935791
555 1.2752063274383545
556 1.2425886392593384
557 1.2316031455993652
558 1.2304199934005737
559 1.231974720954895
560 1.2418785095214844
561 1.2495328187942505
562 1.2248058319091797
563 1.213932991027832
564 1.2602455615997314
565 1.2282514572143555
566 1.206907868385315
567 1.252648115158081
568 1.2422144412994385
569 1.2567071914672852
570 1.2233870029449463
571 1.2235106229782104
572 1.2485517263412476
573 1.2244644165039062
574 1.2477589845657349
575 1.245632290840149
576 1.243489146232605
577 1.2449586391448975
578 1.230547308921814
579 1.2370761632919312
580 1.247826337814331
581 1.246449589729309
582 1.2176945209503174
583 1.2379587888717651
584 1.2435764074325562
585 1.240810513496399
586 1.2255361080169678
587 1.2280935049057007
588 1.2394521236419678
589 1.227993369102478
590 1.2355176210403442
591 1.2470608949661255
592 1.2147645950317383
593 1.2532156705856323
594 1.2435457706451416
595 1.2621734142303467
596 1.222424864768982
597 1.2471716403961182
598 1.2495790719985962
599 1.2468959093093872
600 1.2497172355651855
601 1.2138704061508179
602 1.232873797416687
603 1.2431203126907349
604 1.2605037689208984
605 1.2232551574707031
606 1.2281081676483154
607 1.246996521949768
608 1.2547032833099365
609 1.2336992025375366
610 1.2479259967803955
611 1.2424577474594116
612 1.2289994955062866
613 1.2306829690933228
614 1.2468277215957642
615 1.2326470613479614
616 1.2435064315795898
617 1.2338582277297974
618 1.2384357452392578
619 1.2430356740951538
620 1.2183576822280884
621 1.2547519207000732
622 1.2363166809082031
623 1.230387568473816
624 1.217573642730713
625 1.2331628799438477
626 1.2489653825759888
627 1.2221293449401855
628 1.2142118215560913
629 1.2242408990859985
630 1.2320561408996582
631 1.2216548919677734
632 1.2381483316421509
633 1.242831826210022
634 1.2489134073257446
635 1.225132942199707
636 1.2351319789886475
637 1.2368038892745972
638 1.2275501489639282
639 1.238542914390564
640 1.241408348083496
641 1.2431896924972534
642 1.2595628499984741
643 1.2272756099700928
644 1.23702871799469
645 1.2245137691497803
646 1.243422508239746
647 1.2523624897003174
648 1.222110390663147
649 1.2510483264923096
650 1.2225204706192017
651 1.2266011238098145
652 1.226853609085083
653 1.2341945171356201
654 1.2617202997207642
655 1.2080259323120117
656 1.2343671321868896
657 1.2194489240646362
658 1.2415562868118286
659 1.2518976926803589
660 1.2292073965072632
661 1.2265487909317017
662 1.2266877889633179
663 1.2645838260650635
664 1.2372472286224365
665 1.2203209400177002
666 1.2241463661193848
667 1.230614423751831
668 1.2299374341964722
669 1.2245105504989624
670 1.2653229236602783
671 1.237999439239502
672 1.2436654567718506
673 1.2242465019226074
674 1.233420729637146
675 1.2274690866470337
676 1.2504826784133911
677 1.241565465927124
678 1.2357972860336304
679 1.2347393035888672
680 1.2318028211593628
681 1.2267725467681885
682 1.2395784854888916
683 1.2492140531539917
684 1.23618483543396
685 1.2347118854522705
686 1.2215405702590942
687 1.2293287515640259
688 1.253427267074585
689 1.2347238063812256
690 1.2277841567993164
691 1.2130520343780518
692 1.224843978881836
693 1.2387797832489014
694 1.2228351831436157
695 1.225076675415039
696 1.2228333950042725
697 1.2426443099975586
698 1.2368412017822266
699 1.2481392621994019
700 1.2367202043533325
701 1.2513518333435059
702 1.2632014751434326
703 1.2231673002243042
704 1.2342528104782104
705 1.2447866201400757
706 1.2191236019134521
707 1.2655584812164307
708 1.2456347942352295
709 1.2409744262695312
710 1.2447470426559448
711 1.2267420291900635
712 1.2296093702316284
713 1.2315189838409424
714 1.2436468601226807
715 1.2341338396072388
716 1.2303849458694458
717 1.2260918617248535
718 1.229312539100647
719 1.22292959690094
720 1.238681674003601
721 1.2244006395339966
722 1.2343398332595825
723 1.2273757457733154
724 1.257729172706604
725 1.2304483652114868
726 1.245397686958313
727 1.2471095323562622
728 1.231793761253357
729 1.228284478187561
730 1.2303881645202637
731 1.2156060934066772
732 1.2368439435958862
733 1.2567167282104492
734 1.240481972694397
735 1.2492812871932983
736 1.2311944961547852
737 1.2573366165161133
738 1.2372238636016846
739 1.2448909282684326
740 1.238631010055542
741 1.2351289987564087
742 1.232378363609314
743 1.2505772113800049
744 1.2172720432281494
745 1.2712323665618896
746 1.235783338546753
747 1.2362148761749268
748 1.2424806356430054
749 1.2480363845825195
750 1.2602111101150513
751 1.2210160493850708
752 1.300674557685852
753 1.2240569591522217
754 1.2426340579986572
755 1.2528326511383057
756 1.250935673713684
757 1.2712178230285645
758 1.2287553548812866
759 1.2456843852996826
760 1.2374836206436157
761 1.21723210811615
762 1.2350775003433228
763 1.238576054573059
764 1.2537930011749268
765 1.2326223850250244
766 1.2377430200576782
767 1.234090805053711
768 1.2605699300765991
769 1.2457524538040161
770 1.2222559452056885
771 1.2267229557037354
772 1.2230850458145142
773 1.2383581399917603
774 1.2281837463378906
775 1.2254167795181274
776 1.2290202379226685
777 1.229516863822937
778 1.2265123128890991
779 1.2324596643447876
780 1.2540042400360107
781 1.258892297744751
782 1.2319179773330688
783 1.2363168001174927
784 1.24192476272583
785 1.2317969799041748
786 1.249079942703247
787 1.226389765739441
788 1.2463099956512451
789 1.2378370761871338
790 1.237517237663269
791 1.2595856189727783
792 1.247575044631958
793 1.2323271036148071
794 1.2496098279953003
795 1.2478244304656982
796 1.2433178424835205
797 1.2244107723236084
798 1.2456769943237305
799 1.223894476890564
800 1.2559373378753662
