1 1.382758617401123
2 1.1958093643188477
3 1.1777961254119873
4 1.1677480936050415
5 1.1524121761322021
6 1.1275745630264282
7 1.0923666954040527
8 1.0515739917755127
9 1.0093632936477661
10 0.9693166017532349
11 0.9327320456504822
12 0.8994140625
13 0.8685306310653687
14 0.8404050469398499
15 0.8137018084526062
16 0.7892109751701355
17 0.7679795026779175
18 0.7468606233596802
19 0.7284477949142456
20 0.7111356854438782
21 0.6952318549156189
22 0.680112361907959
23 0.6659588813781738
24 0.652948796749115
25 0.6400662660598755
26 0.6282868385314941
27 0.6175252199172974
28 0.6072511672973633
29 0.5981747508049011
30 0.5878004431724548
31 0.5792384743690491
32 0.5700477957725525
33 0.5624505281448364
34 0.5541843175888062
35 0.5480011701583862
36 0.5403038859367371
37 0.53373783826828
38 0.5264690518379211
39 0.5199809074401855
40 0.514413595199585
41 0.5078378915786743
42 0.5039035081863403
43 0.49747222661972046
44 0.4924839735031128
45 0.48712804913520813
46 0.4822673499584198
47 0.4774664342403412
48 0.4722910523414612
49 0.4683109521865845
50 0.46325021982192993
51 0.45854654908180237
52 0.4542558789253235
53 0.4493315517902374
54 0.4457457959651947
55 0.44210222363471985
56 0.43819305300712585
57 0.4334554076194763
58 0.43012315034866333
59 0.4265778660774231
60 0.4220612943172455
61 0.41875195503234863
62 0.41608935594558716
63 0.4111469089984894
64 0.40799689292907715
65 0.4043785333633423
66 0.4021984040737152
67 0.39825794100761414
68 0.39486634731292725
69 0.39155903458595276
70 0.38863271474838257
71 0.38627612590789795
72 0.3824332058429718
73 0.3784578740596771
74 0.3767983913421631
75 0.37284597754478455
76 0.3713725507259369
77 0.367495059967041
78 0.36439767479896545
79 0.3624916970729828
80 0.3585302233695984
81 0.35698065161705017
82 0.35416552424430847
83 0.3513605296611786
84 0.34919801354408264
85 0.3469837009906769
86 0.3436986207962036
87 0.34151536226272583
88 0.33873531222343445
89 0.33658039569854736
90 0.33435139060020447
91 0.33124637603759766
92 0.3285868465900421
93 0.3270427882671356
94 0.3247811496257782
95 0.32138949632644653
96 0.3208124339580536
97 0.3185622990131378
98 0.3165075182914734
99 0.3140280246734619
100 0.31395676732063293
101 0.3101402521133423
102 0.3090028166770935
103 0.30577245354652405
104 0.3044482171535492
105 0.3027716279029846
106 0.3010239005088806
107 0.2996729612350464
108 0.29825904965400696
109 0.2961568832397461
110 0.2944253981113434
111 0.29364731907844543
112 0.2908487617969513
113 0.2894923686981201
114 0.288509726524353
115 0.2864575684070587
116 0.28406426310539246
117 0.28441759943962097
118 0.2826026380062103
119 0.2806219458580017
120 0.28020817041397095
121 0.27837058901786804
122 0.2768414616584778
123 0.27610135078430176
124 0.2747880220413208
125 0.2739032208919525
126 0.27279889583587646
127 0.27100104093551636
128 0.2705783247947693
129 0.26786133646965027
130 0.2678523361682892
131 0.26706841588020325
132 0.2651958763599396
133 0.2650105953216553
134 0.2618533968925476
135 0.2629302144050598
136 0.26199856400489807
137 0.26017075777053833
138 0.25910040736198425
139 0.2601099908351898
140 0.25760191679000854
141 0.25788888335227966
142 0.2571679353713989
143 0.2554827332496643
144 0.25433436036109924
145 0.25440463423728943
146 0.25421881675720215
147 0.2513856887817383
148 0.25180187821388245
149 0.2506445646286011
150 0.25023412704467773
151 0.25018808245658875
152 0.24894332885742188
153 0.2478962391614914
154 0.246212437748909
155 0.24798941612243652
156 0.24533529579639435
157 0.24442324042320251
158 0.2443932592868805
159 0.24454264342784882
160 0.2434987872838974
161 0.2420521080493927
162 0.24277617037296295
163 0.24177567660808563
164 0.2413446009159088
165 0.24070526659488678
166 0.23997586965560913
167 0.2396315038204193
168 0.2385367900133133
169 0.23834282159805298
170 0.23845143616199493
171 0.2376312017440796
172 0.23701754212379456
173 0.2376733273267746
174 0.23670640587806702
175 0.23599135875701904
176 0.23498812317848206
177 0.2351679503917694
178 0.23363523185253143
179 0.23366035521030426
180 0.2343096286058426
181 0.2325478047132492
182 0.23203490674495697
183 0.23269963264465332
184 0.2306220382452011
185 0.23032064735889435
186 0.22952844202518463
187 0.23142386972904205
188 0.22948968410491943
189 0.22820547223091125
190 0.22944825887680054
191 0.2286783754825592
192 0.2277437448501587
193 0.2276078462600708
194 0.22736597061157227
195 0.22623763978481293
196 0.22681164741516113
197 0.2260713428258896
198 0.2254648059606552
199 0.2251984179019928
200 0.2248169332742691
201 0.2248855084180832
202 0.22444233298301697
203 0.22409647703170776
204 0.22184208035469055
205 0.22415845096111298
206 0.2236689329147339
207 0.22278068959712982
208 0.2225208878517151
209 0.2208295613527298
210 0.22196805477142334
211 0.2216254323720932
212 0.22035367786884308
213 0.22050490975379944
214 0.2201565057039261
215 0.22007140517234802
216 0.2185695320367813
217 0.2189250886440277
218 0.21944560110569
219 0.21860112249851227
220 0.21942681074142456
221 0.21769791841506958
222 0.2180975079536438
223 0.2170405387878418
224 0.21736133098602295
225 0.2172352373600006
226 0.2170943319797516
227 0.2177642583847046
228 0.21681328117847443
229 0.21572604775428772
230 0.2153533697128296
231 0.21626390516757965
232 0.21472309529781342
233 0.21477897465229034
234 0.21398115158081055
235 0.21287299692630768
236 0.21442706882953644
237 0.21356551349163055
238 0.21404683589935303
239 0.21407660841941833
240 0.21187074482440948
241 0.21276460587978363
242 0.21280646324157715
243 0.21209698915481567
244 0.21146173775196075
245 0.21200890839099884
246 0.212624192237854
247 0.21113085746765137
248 0.21111132204532623
249 0.21004363894462585
250 0.21000896394252777
251 0.20928595960140228
252 0.20980775356292725
253 0.20912224054336548
254 0.21026571094989777
255 0.2090991586446762
256 0.20876769721508026
257 0.20757336914539337
258 0.20794439315795898
259 0.20757372677326202
260 0.2076827734708786
261 0.2077258825302124
262 0.20789827406406403
263 0.2074441760778427
264 0.2072552889585495
265 0.20663559436798096
266 0.2053605616092682
267 0.20713847875595093
268 0.2066469043493271
269 0.2065969705581665
270 0.20572377741336823
271 0.20442205667495728
272 0.20537669956684113
273 0.2041119486093521
274 0.20410902798175812
275 0.2049398571252823
276 0.20418213307857513
277 0.2042911797761917
278 0.20288683474063873
279 0.20512937009334564
280 0.20409990847110748
281 0.20284222066402435
282 0.20460554957389832
283 0.2024514526128769
284 0.20311491191387177
285 0.203159898519516
286 0.20202818512916565
287 0.2025701403617859
288 0.20234747231006622
289 0.2024436891078949
290 0.201627716422081
291 0.20201900601387024
292 0.20153015851974487
293 0.20133908092975616
294 0.2008228898048401
295 0.2007857710123062
296 0.19933684170246124
297 0.1997569501399994
298 0.1996311992406845
299 0.1990772783756256
300 0.1996954083442688
301 0.19952742755413055
302 0.20054197311401367
303 0.19859519600868225
304 0.19883689284324646
305 0.1985366940498352
306 0.1981305330991745
307 0.19840513169765472
308 0.19795529544353485
309 0.19728891551494598
310 0.19896867871284485
311 0.19861967861652374
312 0.19758819043636322
313 0.19772213697433472
314 0.19627995789051056
315 0.19636909663677216
316 0.1973852515220642
317 0.19779333472251892
318 0.19654829800128937
319 0.19609546661376953
320 0.1957572102546692
321 0.1960374414920807
322 0.19596262276172638
323 0.1959346979856491
324 0.19535447657108307
325 0.19677893817424774
326 0.19423072040081024
327 0.1955285370349884
328 0.19542527198791504
329 0.1961129605770111
330 0.19391308724880219
331 0.19374918937683105
332 0.19379697740077972
333 0.19417455792427063
334 0.19391801953315735
335 0.1931384652853012
336 0.19339510798454285
337 0.19291412830352783
338 0.19233471155166626
339 0.1925865262746811
340 0.1930181384086609
341 0.19353696703910828
342 0.19203884899616241
343 0.1918696165084839
344 0.1922963410615921
345 0.19166219234466553
346 0.19232362508773804
347 0.19108964502811432
348 0.19131115078926086
349 0.18857109546661377
350 0.19168783724308014
351 0.19238747656345367
352 0.19065119326114655
353 0.1906156688928604
354 0.19052626192569733
355 0.19049839675426483
356 0.19002611935138702
357 0.19026757776737213
358 0.19058476388454437
359 0.19072005152702332
360 0.1889728456735611
361 0.18957766890525818
362 0.19004417955875397
363 0.189884752035141
364 0.18957678973674774
365 0.1905655413866043
366 0.18873703479766846
367 0.18910129368305206
368 0.1889576017856598
369 0.18862473964691162
370 0.1899079531431198
371 0.18842381238937378
372 0.18850789964199066
373 0.18820753693580627
374 0.18756841123104095
375 0.18646058440208435
376 0.1882564127445221
377 0.1865827441215515
378 0.18883605301380157
379 0.18576985597610474
380 0.18765190243721008
381 0.1870557814836502
382 0.1862003356218338
383 0.18607550859451294
384 0.18610739707946777
385 0.1861642748117447
386 0.18707698583602905
387 0.1862306296825409
388 0.18608060479164124
389 0.18556657433509827
390 0.18470445275306702
391 0.18560439348220825
392 0.18616217374801636
393 0.18491750955581665
394 0.18506895005702972
395 0.18463172018527985
396 0.1846715658903122
397 0.18470744788646698
398 0.18407301604747772
399 0.18471013009548187
400 0.18353420495986938
401 0.1843261569738388
402 0.184518963098526
403 0.18298877775669098
404 0.1841820627450943
405 0.18389935791492462
406 0.18291428685188293
407 0.18374720215797424
408 0.1825576275587082
409 0.18350565433502197
410 0.1838872879743576
411 0.1839318871498108
412 0.18261562287807465
413 0.18300622701644897
414 0.18285927176475525
415 0.18238535523414612
416 0.18386425077915192
417 0.18127134442329407
418 0.18183201551437378
419 0.18157199025154114
420 0.18086127936840057
421 0.18215827643871307
422 0.1816493421792984
423 0.18079867959022522
424 0.1823655664920807
425 0.18267418444156647
426 0.18188287317752838
427 0.18136563897132874
428 0.1811979115009308
429 0.1807318776845932
430 0.1797873079776764
431 0.1808384358882904
432 0.18133321404457092
433 0.1807771474123001
434 0.1798374503850937
435 0.17944538593292236
436 0.18060307204723358
437 0.17939116060733795
438 0.1794806569814682
439 0.18017269670963287
440 0.17934231460094452
441 0.17957110702991486
442 0.17943626642227173
443 0.1787826269865036
444 0.1785128116607666
445 0.17876280844211578
446 0.17797304689884186
447 0.17855976521968842
448 0.17821398377418518
449 0.1779659390449524
450 0.17823925614356995
451 0.17763487994670868
452 0.17793963849544525
453 0.17804355919361115
454 0.17791272699832916
455 0.1791771799325943
456 0.17598046362400055
457 0.1781977266073227
458 0.1764306277036667
459 0.17766523361206055
460 0.17671453952789307
461 0.17624953389167786
462 0.17736081779003143
463 0.17615656554698944
464 0.17681513726711273
465 0.17590172588825226
466 0.17594259977340698
467 0.17705552279949188
468 0.17652083933353424
469 0.17539119720458984
470 0.17553897202014923
471 0.17449931800365448
472 0.17428475618362427
473 0.1750146597623825
474 0.17576484382152557
475 0.17362147569656372
476 0.1747158318758011
477 0.17507441341876984
478 0.1752859354019165
479 0.17527882754802704
480 0.17492006719112396
481 0.17453071475028992
482 0.17476405203342438
483 0.17449040710926056
484 0.17362472414970398
485 0.17545360326766968
486 0.17414085566997528
487 0.17359021306037903
488 0.17471759021282196
489 0.1726308912038803
490 0.1744539886713028
491 0.1741553544998169
492 0.17442306876182556
493 0.17301464080810547
494 0.1731177270412445
495 0.17259442806243896
496 0.17233356833457947
497 0.17226846516132355
498 0.17359283566474915
499 0.17329689860343933
500 0.17379441857337952
501 0.17162226140499115
502 0.17206595838069916
503 0.17301969230175018
504 0.17294840514659882
505 0.1713908463716507
506 0.17200691998004913
507 0.1710042506456375
508 0.1726047247648239
509 0.1723906546831131
510 0.1735471785068512
511 0.17305094003677368
512 0.17366114258766174
513 0.1719546914100647
514 0.17093415558338165
515 0.17158760130405426
516 0.172050341963768
517 0.17066244781017303
518 0.17211689054965973
519 0.17149792611598969
520 0.17106156051158905
521 0.17160069942474365
522 0.17097344994544983
523 0.17115557193756104
524 0.1708226501941681
525 0.1694658398628235
526 0.17031149566173553
527 0.17119133472442627
528 0.17034848034381866
529 0.1684512346982956
530 0.17069852352142334
531 0.17069295048713684
532 0.16887089610099792
533 0.17018800973892212
534 0.16971996426582336
535 0.16955694556236267
536 0.17030316591262817
537 0.16943998634815216
538 0.1680721789598465
539 0.16931287944316864
540 0.16887204349040985
541 0.16890192031860352
542 0.1684282273054123
543 0.16841043531894684
544 0.16872569918632507
545 0.16925039887428284
546 0.1690017580986023
547 0.1677848994731903
548 0.16730152070522308
549 0.16726405918598175
550 0.16715262830257416
551 0.1674770563840866
552 0.16814400255680084
553 0.16774898767471313
554 0.16727514564990997
555 0.16805094480514526
556 0.16616319119930267
557 0.1687680184841156
558 0.16749244928359985
559 0.16667500138282776
560 0.16714605689048767
561 0.16594667732715607
562 0.16609568893909454
563 0.16840064525604248
564 0.16726985573768616
565 0.16760458052158356
566 0.1664048731327057
567 0.16657544672489166
568 0.16603057086467743
569 0.16709351539611816
570 0.16652953624725342
571 0.16644330322742462
572 0.16656599938869476
573 0.16626887023448944
574 0.16648390889167786
575 0.16621878743171692
576 0.16600307822227478
577 0.16723328828811646
578 0.16508784890174866
579 0.16515472531318665
580 0.16635072231292725
581 0.16621391475200653
582 0.16510070860385895
583 0.1648510992527008
584 0.16484126448631287
585 0.16496269404888153
586 0.16423752903938293
587 0.163786843419075
588 0.1639128178358078
589 0.1653914898633957
590 0.16544660925865173
591 0.16440370678901672
592 0.16436073184013367
593 0.16394634544849396
594 0.16373595595359802
595 0.16519497334957123
596 0.16486115753650665
597 0.1648554801940918
598 0.16455961763858795
599 0.16287852823734283
600 0.16509956121444702
601 0.16417111456394196
602 0.16378054022789001
603 0.16328983008861542
604 0.16343781352043152
605 0.16203656792640686
606 0.16297729313373566
607 0.16273926198482513
608 0.16430741548538208
609 0.16206412017345428
610 0.16353608667850494
611 0.1628294289112091
612 0.1638113558292389
613 0.16175080835819244
614 0.16332754492759705
615 0.1622304767370224
616 0.1633395403623581
617 0.1616598218679428
618 0.16154134273529053
619 0.16216932237148285
620 0.16208802163600922
621 0.16206006705760956
622 0.16229213774204254
623 0.16225598752498627
624 0.16140307486057281
625 0.1614011824131012
626 0.16151615977287292
627 0.1619342565536499
628 0.1629282683134079
629 0.16198629140853882
630 0.160758376121521
631 0.16180507838726044
632 0.16038252413272858
633 0.15954908728599548
634 0.16085787117481232
635 0.16090984642505646
636 0.1622234582901001
637 0.16040511429309845
638 0.1603166162967682
639 0.1606900542974472
640 0.16160878539085388
641 0.16000322997570038
642 0.16033145785331726
643 0.16113491356372833
644 0.16062821447849274
645 0.15954206883907318
646 0.16018833220005035
647 0.1609901785850525
648 0.1603681445121765
649 0.1593209058046341
650 0.15925562381744385
651 0.15998312830924988
652 0.1610010862350464
653 0.15958303213119507
654 0.15925702452659607
655 0.1601719856262207
656 0.15792310237884521
657 0.1598033308982849
658 0.15874238312244415
659 0.15933774411678314
660 0.16008886694908142
661 0.15956458449363708
662 0.15918377041816711
663 0.15975439548492432
664 0.15889286994934082
665 0.1590307652950287
666 0.1591501086950302
667 0.16023382544517517
668 0.15895256400108337
669 0.1594591736793518
670 0.15880310535430908
671 0.15774814784526825
672 0.1573600322008133
673 0.15852507948875427
674 0.1575770229101181
675 0.15882140398025513
676 0.15813656151294708
677 0.15821166336536407
678 0.15817752480506897
679 0.15782715380191803
680 0.1589832901954651
681 0.15790019929409027
682 0.15789248049259186
683 0.15687549114227295
684 0.15695008635520935
685 0.15723125636577606
686 0.15686571598052979
687 0.15619994699954987
688 0.1564180552959442
689 0.15656650066375732
690 0.1570829302072525
691 0.1564180701971054
692 0.15691567957401276
693 0.15668784081935883
694 0.15669821202754974
695 0.15648603439331055
696 0.15614262223243713
697 0.1563364416360855
698 0.15614664554595947
699 0.15614382922649384
700 0.15677843987941742
701 0.15468814969062805
702 0.15634334087371826
703 0.15626160800457
704 0.15327395498752594
705 0.1565360426902771
706 0.15551170706748962
707 0.15464410185813904
708 0.1550641506910324
709 0.15592199563980103
710 0.15557704865932465
711 0.15551495552062988
712 0.15565314888954163
713 0.15475690364837646
714 0.15527985990047455
715 0.15556958317756653
716 0.15419453382492065
717 0.15391649305820465
718 0.15482497215270996
719 0.15410730242729187
720 0.15448084473609924
721 0.15535591542720795
722 0.1539222151041031
723 0.15462082624435425
724 0.15514320135116577
725 0.1542271077632904
726 0.15601685643196106
727 0.15343917906284332
728 0.15412278473377228
729 0.15534758567810059
730 0.1545453816652298
731 0.15338636934757233
732 0.154260516166687
733 0.15335462987422943
734 0.15290677547454834
735 0.15426602959632874
736 0.15403541922569275
737 0.15314728021621704
738 0.15382812917232513
739 0.1530333161354065
740 0.15396425127983093
741 0.15119820833206177
742 0.1534356325864792
743 0.1519996076822281
744 0.1536695659160614
745 0.15144063532352448
746 0.15438051521778107
747 0.15342923998832703
748 0.1540374755859375
749 0.15400807559490204
750 0.15195484459400177
751 0.15255634486675262
752 0.15270070731639862
753 0.1525004506111145
754 0.15122239291667938
755 0.15153174102306366
756 0.15292315185070038
757 0.15341705083847046
758 0.15247169137001038
759 0.1526208370923996
760 0.15247584879398346
761 0.1532803177833557
762 0.15211458504199982
763 0.15072773396968842
764 0.15167486667633057
765 0.15147310495376587
766 0.15270286798477173
767 0.1506861001253128
768 0.15093137323856354
769 0.15288399159908295
770 0.15082736313343048
771 0.1512811779975891
772 0.1509721279144287
773 0.15226991474628448
774 0.15136019885540009
775 0.15072213113307953
776 0.15108202397823334
777 0.15133902430534363
778 0.14985927939414978
779 0.1524999439716339
780 0.1499992311000824
781 0.15032093226909637
782 0.15199239552021027
783 0.15146706998348236
784 0.1488836407661438
785 0.15204691886901855
786 0.15008564293384552
787 0.1486884206533432
788 0.1502542793750763
789 0.15062007308006287
790 0.14991752803325653
791 0.15032219886779785
792 0.14931534230709076
793 0.14987526834011078
794 0.1495146006345749
795 0.14993372559547424
796 0.149275004863739
797 0.1500919610261917
798 0.1504238098859787
799 0.14863380789756775
800 0.14982716739177704
