1 1.3343842029571533
2 1.3195226192474365
3 1.3586891889572144
4 1.313359022140503
5 1.3827062845230103
6 1.3711323738098145
7 1.3204412460327148
8 1.2802886962890625
9 1.352188229560852
10 1.3594814538955688
11 1.3693305253982544
12 1.2949031591415405
13 1.3530619144439697
14 1.344352126121521
15 1.4002726078033447
16 1.3036725521087646
17 1.309004306793213
18 1.321685552597046
19 1.3149036169052124
20 1.369326114654541
21 1.317274808883667
22 1.3569101095199585
23 1.3681327104568481
24 1.344207525253296
25 1.3552919626235962
26 1.3355892896652222
27 1.3193131685256958
28 1.390127420425415
29 1.3180524110794067
30 1.3177381753921509
31 1.3391674757003784
32 1.3418024778366089
33 1.3350063562393188
34 1.3304040431976318
35 1.353718638420105
36 1.3736281394958496
37 1.3510112762451172
38 1.3535884618759155
39 1.3496700525283813
40 1.3198636770248413
41 1.334707498550415
42 1.3733470439910889
43 1.3244613409042358
44 1.2714320421218872
45 1.375113606452942
46 1.3580753803253174
47 1.332565188407898
48 1.3703778982162476
49 1.3073161840438843
50 1.3308104276657104
51 1.3674083948135376
52 1.3803346157073975
53 1.3288294076919556
54 1.2860556840896606
55 1.3544459342956543
56 1.3105244636535645
57 1.3163013458251953
58 1.3363982439041138
59 1.3808990716934204
60 1.3406875133514404
61 1.3340637683868408
62 1.307249665260315
63 1.382383942604065
64 1.2944658994674683
65 1.3274081945419312
66 1.3259713649749756
67 1.3860033750534058
68 1.3508238792419434
69 1.324880599975586
70 1.3388986587524414
71 1.328992247581482
72 1.3445494174957275
73 1.325299620628357
74 1.364013433456421
75 1.3082802295684814
76 1.3485379219055176
77 1.2974393367767334
78 1.3439414501190186
79 1.3261651992797852
80 1.3058041334152222
81 1.3508827686309814
82 1.3721503019332886
83 1.3255243301391602
84 1.34810209274292
85 1.3411383628845215
86 1.3452500104904175
87 1.3632491827011108
88 1.3681139945983887
89 1.356593132019043
90 1.3238660097122192
91 1.3345963954925537
92 1.2649178504943848
93 1.3921220302581787
94 1.3042200803756714
95 1.3658888339996338
96 1.3463585376739502
97 1.3203885555267334
98 1.3530502319335938
99 1.3388506174087524
100 1.3286277055740356
101 1.361214518547058
102 1.3391057252883911
103 1.3069406747817993
104 1.3400664329528809
105 1.3487532138824463
106 1.3272274732589722
107 1.376165509223938
108 1.3572697639465332
109 1.3643690347671509
110 1.30691397190094
111 1.3249316215515137
112 1.3773984909057617
113 1.3567793369293213
114 1.3602200746536255
115 1.3436881303787231
116 1.3196282386779785
117 1.3090062141418457
118 1.304690957069397
119 1.3941266536712646
120 1.2952618598937988
121 1.3488655090332031
122 1.3259207010269165
123 1.3583356142044067
124 1.3804949522018433
125 1.26822829246521
126 1.3217564821243286
127 1.2977256774902344
128 1.3500268459320068
129 1.317345142364502
130 1.368736982345581
131 1.3172235488891602
132 1.3825411796569824
133 1.345442295074463
134 1.3172600269317627
135 1.352346420288086
136 1.3403867483139038
137 1.3137269020080566
138 1.3178504705429077
139 1.3324389457702637
140 1.3427242040634155
141 1.3282701969146729
142 1.3333595991134644
143 1.2877187728881836
144 1.37764310836792
145 1.3001664876937866
146 1.3722453117370605
147 1.3529233932495117
148 1.3506828546524048
149 1.3236315250396729
150 1.3416414260864258
151 1.354172945022583
152 1.3904134035110474
153 1.3252290487289429
154 1.3151037693023682
155 1.313084363937378
156 1.3486909866333008
157 1.3653725385665894
158 1.349337100982666
159 1.3310773372650146
160 1.3373355865478516
161 1.323637843132019
162 1.3612428903579712
163 1.3499133586883545
164 1.3773735761642456
165 1.361904263496399
166 1.3689533472061157
167 1.3419252634048462
168 1.2993359565734863
169 1.3528871536254883
170 1.329376220703125
171 1.3233380317687988
172 1.289457082748413
173 1.3951677083969116
174 1.3114759922027588
175 1.340488076210022
176 1.3998091220855713
177 1.3183468580245972
178 1.3171614408493042
179 1.3297704458236694
180 1.3460438251495361
181 1.3296586275100708
182 1.3244171142578125
183 1.3287521600723267
184 1.3611290454864502
185 1.3190141916275024
186 1.357046365737915
187 1.3652960062026978
188 1.3319536447525024
189 1.341104507446289
190 1.3712867498397827
191 1.3671035766601562
192 1.3324308395385742
193 1.3206071853637695
194 1.3357480764389038
195 1.340572714805603
196 1.3408540487289429
197 1.3302726745605469
198 1.382789969444275
199 1.310802936553955
200 1.3205773830413818
201 1.3232024908065796
202 1.3386362791061401
203 1.3242048025131226
204 1.3308322429656982
205 1.3240776062011719
206 1.337482213973999
207 1.2893441915512085
208 1.3371788263320923
209 1.357399344444275
210 1.3680566549301147
211 1.3374561071395874
212 1.3531415462493896
213 1.323365330696106
214 1.3260914087295532
215 1.3378921747207642
216 1.3368399143218994
217 1.3056581020355225
218 1.3633739948272705
219 1.283752202987671
220 1.3844314813613892
221 1.294703483581543
222 1.3418124914169312
223 1.4129602909088135
224 1.3429394960403442
225 1.406396508216858
226 1.3827928304672241
227 1.35775887966156
228 1.2971432209014893
229 1.2989168167114258
230 1.305519938468933
231 1.3230618238449097
232 1.3505210876464844
233 1.3015722036361694
234 1.2890918254852295
235 1.3281515836715698
236 1.3757694959640503
237 1.369654655456543
238 1.3832963705062866
239 1.3153833150863647
240 1.2975425720214844
241 1.312212586402893
242 1.3085997104644775
243 1.373367190361023
244 1.3643840551376343
245 1.3288103342056274
246 1.3395648002624512
247 1.3810347318649292
248 1.3826236724853516
249 1.327672004699707
250 1.4116427898406982
251 1.3360068798065186
252 1.3049311637878418
253 1.3174219131469727
254 1.3473609685897827
255 1.358073353767395
256 1.31758451461792
257 1.3846278190612793
258 1.3348851203918457
259 1.2966868877410889
260 1.3177448511123657
261 1.370267629623413
262 1.3704006671905518
263 1.3351695537567139
264 1.340214729309082
265 1.369507908821106
266 1.3614623546600342
267 1.3603912591934204
268 1.346678376197815
269 1.3604885339736938
270 1.3191335201263428
271 1.370010256767273
272 1.3108769655227661
273 1.3147279024124146
274 1.3542382717132568
275 1.3356691598892212
276 1.328335165977478
277 1.3090084791183472
278 1.306219220161438
279 1.3459416627883911
280 1.3471404314041138
281 1.3663994073867798
282 1.3569722175598145
283 1.328045129776001
284 1.3288109302520752
285 1.324692964553833
286 1.3572767972946167
287 1.36481511592865
288 1.267720103263855
289 1.3823449611663818
290 1.3563811779022217
291 1.3186458349227905
292 1.3403173685073853
293 1.33082115650177
294 1.3282136917114258
295 1.3450846672058105
296 1.3979805707931519
297 1.3237380981445312
298 1.3255181312561035
299 1.373807668685913
300 1.3681726455688477
301 1.3163813352584839
302 1.32970130443573
303 1.3328417539596558
304 1.3131518363952637
305 1.3488199710845947
306 1.3960705995559692
307 1.3172110319137573
308 1.3186300992965698
309 1.3248521089553833
310 1.354185938835144
311 1.2994004487991333
312 1.3146908283233643
313 1.3648135662078857
314 1.363519549369812
315 1.3262224197387695
316 1.314082384109497
317 1.312031865119934
318 1.3242653608322144
319 1.3994982242584229
320 1.3145841360092163
321 1.3670635223388672
322 1.3782788515090942
323 1.3103994131088257
324 1.3208204507827759
325 1.3500689268112183
326 1.4125252962112427
327 1.3568154573440552
328 1.2987419366836548
329 1.3055317401885986
330 1.3502609729766846
331 1.3568099737167358
332 1.326407790184021
333 1.3514554500579834
334 1.3205173015594482
335 1.3080246448516846
336 1.3610107898712158
337 1.3533762693405151
338 1.3864449262619019
339 1.309880018234253
340 1.337897777557373
341 1.3401728868484497
342 1.3434832096099854
343 1.3152570724487305
344 1.3449013233184814
345 1.3173855543136597
346 1.301826000213623
347 1.3602535724639893
348 1.3329284191131592
349 1.3871873617172241
350 1.3913828134536743
351 1.2891534566879272
352 1.2924593687057495
353 1.3398228883743286
354 1.3744133710861206
355 1.3180855512619019
356 1.334044098854065
357 1.337581992149353
358 1.3436245918273926
359 1.369994878768921
360 1.3130446672439575
361 1.3697339296340942
362 1.3351315259933472
363 1.3529375791549683
364 1.3764684200286865
365 1.321550726890564
366 1.348985195159912
367 1.4058456420898438
368 1.357855200767517
369 1.3042877912521362
370 1.314727783203125
371 1.3930779695510864
372 1.3566721677780151
373 1.3388309478759766
374 1.3282725811004639
375 1.3559596538543701
376 1.3676185607910156
377 1.3677375316619873
378 1.2915104627609253
379 1.2985649108886719
380 1.3949267864227295
381 1.3753682374954224
382 1.349833369255066
383 1.3124110698699951
384 1.3220115900039673
385 1.2762722969055176
386 1.3074407577514648
387 1.3703036308288574
388 1.3575419187545776
389 1.4113918542861938
390 1.3263219594955444
391 1.371124029159546
392 1.3349823951721191
393 1.3505945205688477
394 1.3238180875778198
395 1.3291319608688354
396 1.328452229499817
397 1.352878451347351
398 1.3388941287994385
399 1.3222532272338867
400 1.323418378829956
