1 1.4254977703094482
2 1.227750539779663
3 1.2250854969024658
4 1.2247812747955322
5 1.2355927228927612
6 1.2765222787857056
7 1.2257506847381592
8 1.2705661058425903
9 1.2496777772903442
10 1.2911510467529297
11 1.2424471378326416
12 1.2307350635528564
13 1.2222810983657837
14 1.221521019935608
15 1.2600406408309937
16 1.2372312545776367
17 1.2393383979797363
18 1.269925594329834
19 1.2466247081756592
20 1.2253824472427368
21 1.2487106323242188
22 1.2303487062454224
23 1.2496769428253174
24 1.2284317016601562
25 1.3673828840255737
26 1.2311861515045166
27 1.248017430305481
28 1.2384990453720093
29 1.24957275390625
30 1.2479286193847656
31 1.2282518148422241
32 1.2827256917953491
33 1.2388644218444824
34 1.2287704944610596
35 1.2223793268203735
36 1.2387418746948242
37 1.2228500843048096
38 1.224804401397705
39 1.2338922023773193
40 1.217790126800537
41 1.2354425191879272
42 1.2388417720794678
43 1.2125364542007446
44 1.2379231452941895
45 1.2312573194503784
46 1.2314023971557617
47 1.2217518091201782
48 1.2414422035217285
49 1.2306007146835327
50 1.2689924240112305
51 1.2193858623504639
52 1.218854546546936
53 1.2528457641601562
54 1.219466209411621
55 1.2377299070358276
56 1.2655181884765625
57 1.2174286842346191
58 1.241147756576538
59 1.2521581649780273
60 1.2271935939788818
61 1.232279658317566
62 1.2407869100570679
63 1.2236053943634033
64 1.2383816242218018
65 1.212711215019226
66 1.236991286277771
67 1.2474827766418457
68 1.2582353353500366
69 1.245798945426941
70 1.251805067062378
71 1.2678468227386475
72 1.227983832359314
73 1.2440822124481201
74 1.2520936727523804
75 1.225777506828308
76 1.2239128351211548
77 1.239234209060669
78 1.2522194385528564
79 1.2404887676239014
80 1.2398505210876465
81 1.2444684505462646
82 1.238647699356079
83 1.2436199188232422
84 1.2540905475616455
85 1.2439919710159302
86 1.224575400352478
87 1.2428256273269653
88 1.2830010652542114
89 1.2391618490219116
90 1.2338449954986572
91 1.2649521827697754
92 1.2398144006729126
93 1.2489925622940063
94 1.233811855316162
95 1.2136731147766113
96 1.2361127138137817
97 1.2400918006896973
98 1.2161401510238647
99 1.230965256690979
100 1.2391117811203003
101 1.222875952720642
102 1.2421272993087769
103 1.2421146631240845
104 1.252402663230896
105 1.2341183423995972
106 1.2384374141693115
107 1.2405506372451782
108 1.250459909439087
109 1.2431323528289795
110 1.2488269805908203
111 1.218274712562561
112 1.2271510362625122
113 1.2185676097869873
114 1.251542568206787
115 1.2228518724441528
116 1.2377865314483643
117 1.2385292053222656
118 1.2416167259216309
119 1.2482860088348389
120 1.238732099533081
121 1.2309198379516602
122 1.2262262105941772
123 1.2372339963912964
124 1.220574975013733
125 1.2320291996002197
126 1.2270691394805908
127 1.9891661405563354
128 1.4957318305969238
129 1.3599653244018555
130 1.3251639604568481
131 1.2894115447998047
132 1.311254620552063
133 1.3006556034088135
134 1.3191590309143066
135 1.3786708116531372
136 1.351549506187439
137 1.2930604219436646
138 1.2866909503936768
139 1.2909656763076782
140 1.2861945629119873
141 1.2794084548950195
142 1.2998331785202026
143 1.4382381439208984
144 1.2655110359191895
145 1.3095285892486572
146 1.247485637664795
147 1.3123767375946045
148 1.2670382261276245
149 1.2785598039627075
150 1.3126773834228516
151 1.281224012374878
152 1.289240837097168
153 1.2790099382400513
154 1.2777073383331299
155 1.2568120956420898
156 1.2871931791305542
157 1.324159860610962
158 1.281804084777832
159 1.2754676342010498
160 1.2825944423675537
161 1.3080757856369019
162 1.261405110359192
163 1.3148115873336792
164 1.313498616218567
165 1.2620729207992554
166 1.2620024681091309
167 1.2580317258834839
168 1.3080201148986816
169 1.2648085355758667
170 1.2855275869369507
171 1.2872052192687988
172 1.2869340181350708
173 1.288390874862671
174 1.2724510431289673
175 1.2898685932159424
176 1.325323224067688
177 1.2561230659484863
178 1.310484528541565
179 1.2711342573165894
180 1.2941759824752808
181 1.2851147651672363
182 1.2791932821273804
183 1.2511203289031982
184 1.2756128311157227
185 1.3380916118621826
186 1.2863720655441284
187 1.2735909223556519
188 1.2615225315093994
189 1.283691644668579
190 1.2763015031814575
191 1.2837390899658203
192 1.3024311065673828
193 1.2808822393417358
194 1.2986292839050293
195 1.3435099124908447
196 1.2593783140182495
197 1.2612346410751343
198 1.3152965307235718
199 1.2561886310577393
200 1.2773560285568237
