1 1.0967727899551392
2 0.8185579180717468
3 0.6402260661125183
4 0.5704692602157593
5 0.4637371897697449
6 0.43468862771987915
7 0.3316285312175751
8 0.3590955138206482
9 0.30122676491737366
10 0.3254009485244751
11 0.28899306058883667
12 0.28724998235702515
13 0.2517332136631012
14 0.19824232161045074
15 0.2536061108112335
16 0.19067338109016418
17 0.2113022655248642
18 0.2179042547941208
19 0.2483258843421936
20 0.17056827247142792
21 0.18947644531726837
22 0.24491409957408905
23 0.1519298106431961
24 0.21020075678825378
25 0.1486627757549286
26 0.23001357913017273
27 0.15033215284347534
28 0.23783372342586517
29 0.17651136219501495
30 0.1529664695262909
31 0.14391443133354187
32 0.17223110795021057
33 0.16999660432338715
34 0.1663755625486374
35 0.17356179654598236
36 0.18263834714889526
37 0.16652485728263855
38 0.18132323026657104
39 0.13945987820625305
40 0.1481514722108841
41 0.14390544593334198
42 0.16541336476802826
43 0.14242610335350037
44 0.20716506242752075
45 0.17231330275535583
46 0.14578579366207123
47 0.1607646495103836
48 0.1589723527431488
49 0.12003792822360992
50 0.16020959615707397
51 0.14849093556404114
52 0.1385834813117981
53 0.14445863664150238
54 0.17827865481376648
55 0.1319015622138977
56 0.14337490499019623
57 0.1476118415594101
58 0.14670835435390472
59 0.15556637942790985
60 0.13469627499580383
61 0.14222963154315948
62 0.1476769745349884
63 0.1463521122932434
64 0.1706695854663849
65 0.11502786725759506
66 0.12669363617897034
67 0.14485546946525574
68 0.12427158653736115
69 0.12660574913024902
70 0.11905674636363983
71 0.1733660250902176
72 0.14297422766685486
73 0.11949819326400757
74 0.13129720091819763
75 0.1569589376449585
76 0.10499665886163712
77 0.12244884669780731
78 0.1563103049993515
79 0.11475852131843567
80 0.13699309527873993
81 0.1578948199748993
82 0.11382953077554703
83 0.1046195849776268
84 0.13685008883476257
85 0.13764238357543945
86 0.10362571477890015
87 0.11384502053260803
88 0.15792348980903625
89 0.13356885313987732
90 0.12378566712141037
91 0.12008443474769592
92 0.10776571929454803
93 0.12136509269475937
94 0.11314720660448074
95 0.14844714105129242
96 0.13204042613506317
97 0.11598099768161774
98 0.10466676205396652
99 0.17114217579364777
100 0.11967898160219193
101 0.09975951164960861
102 0.13759255409240723
103 0.11797791719436646
104 0.10280521214008331
105 0.13716831803321838
106 0.11621008813381195
107 0.11629331111907959
108 0.11787059903144836
109 0.10770855844020844
110 0.1278574913740158
111 0.10928500443696976
112 0.11744938045740128
113 0.1434129774570465
114 0.09303367882966995
115 0.12422177195549011
116 0.10394016653299332
117 0.15100254118442535
118 0.11133989691734314
119 0.1021856740117073
120 0.12008339166641235
121 0.11202412843704224
122 0.09984429180622101
123 0.0986461341381073
124 0.12290021777153015
125 0.11284805089235306
126 0.1301071047782898
127 0.10704190284013748
128 0.09588033705949783
129 0.11482608318328857
130 0.09670716524124146
131 0.1099502295255661
132 0.1005001962184906
133 0.1016891822218895
134 0.1247306689620018
135 0.1075824424624443
136 0.15877819061279297
137 0.09577231854200363
138 0.10200396925210953
139 0.10256679356098175
140 0.10600493848323822
141 0.10433982312679291
142 0.11750958114862442
143 0.09310205280780792
144 0.10889433324337006
145 0.11625807732343674
146 0.10063279420137405
147 0.1333564966917038
148 0.09981419891119003
149 0.09830963611602783
150 0.09990175068378448
151 0.11960865557193756
152 0.08629506826400757
153 0.10376890003681183
154 0.09368234127759933
155 0.10849692672491074
156 0.13182806968688965
157 0.09872733801603317
158 0.11031177639961243
159 0.10782225430011749
160 0.092768594622612
161 0.1060061976313591
162 0.12111657112836838
163 0.10433293879032135
164 0.1045645996928215
165 0.09622295200824738
166 0.11956658214330673
167 0.10641229152679443
168 0.10313939303159714
169 0.10780280083417892
170 0.09466871619224548
171 0.11885299533605576
172 0.09448076039552689
173 0.09101346135139465
174 0.11407316476106644
175 0.11827149242162704
176 0.10401515662670135
177 0.10105963051319122
178 0.08452897518873215
179 0.08555562049150467
180 0.0892377719283104
181 0.09995037317276001
182 0.09146479517221451
183 0.0838879942893982
184 0.11609380692243576
185 0.10284192860126495
186 0.10116349905729294
187 0.095661461353302
188 0.09575454890727997
189 0.09341314435005188
190 0.10440291464328766
191 0.12403368204832077
192 0.08340150862932205
193 0.0952596664428711
194 0.09541608393192291
195 0.11667798459529877
196 0.09378375858068466
197 0.09267307072877884
198 0.11421290785074234
199 0.0982852578163147
200 0.09006816148757935
