1 1.1632437705993652
2 0.9245361685752869
3 0.7621234655380249
4 0.6576755046844482
5 0.573274552822113
6 0.5126355290412903
7 0.4589599668979645
8 0.41143205761909485
9 0.3513602614402771
10 0.30905207991600037
11 0.2728923261165619
12 0.25506117939949036
13 0.23234616219997406
14 0.22346018254756927
15 0.2093096673488617
16 0.19761312007904053
17 0.19134312868118286
18 0.1833103448152542
19 0.17870791256427765
20 0.16661439836025238
21 0.16202102601528168
22 0.15875180065631866
23 0.15566003322601318
24 0.16887769103050232
25 0.14999763667583466
26 0.14008241891860962
27 0.14456458389759064
28 0.13863278925418854
29 0.13982674479484558
30 0.1317872256040573
31 0.1406547874212265
32 0.13046394288539886
33 0.13317221403121948
34 0.1224377378821373
35 0.13942646980285645
36 0.12189667671918869
37 0.12590692937374115
38 0.12471906840801239
39 0.11938770860433578
40 0.13654063642024994
41 0.11275255680084229
42 0.11078215390443802
43 0.1221904531121254
44 0.1130073219537735
45 0.11697673797607422
46 0.1238202154636383
47 0.10425648838281631
48 0.1153433546423912
49 0.11183881014585495
50 0.10478858649730682
51 0.10732869058847427
52 0.1012120172381401
53 0.10500498861074448
54 0.11164408177137375
55 0.11087257415056229
56 0.10986451804637909
57 0.10173951834440231
58 0.10713334381580353
59 0.10078058391809464
60 0.09919805079698563
61 0.09673464298248291
62 0.08832242339849472
63 0.10056720674037933
64 0.10112577676773071
65 0.09792164713144302
66 0.10023923963308334
67 0.09272599965333939
68 0.10069558024406433
69 0.09204865247011185
70 0.10596053302288055
71 0.08953189104795456
72 0.09079962968826294
73 0.0955008789896965
74 0.08433333784341812
75 0.09395575523376465
76 0.08624070137739182
77 0.0909607782959938
78 0.08568098396062851
79 0.0864044725894928
80 0.08131520450115204
81 0.09446784108877182
82 0.08876625448465347
83 0.0986473485827446
84 0.127585306763649
85 0.09635777026414871
86 0.08584509789943695
87 0.08566036075353622
88 0.08459655940532684
89 0.11143767088651657
90 0.086821548640728
91 0.08023682236671448
92 0.09200205653905869
93 0.07965894043445587
94 0.09572135657072067
95 0.0766054019331932
96 0.0876944288611412
97 0.0803673043847084
98 0.08969421684741974
99 0.0874825119972229
100 0.07792961597442627
101 0.08576192706823349
102 0.08599037677049637
103 0.09174906462430954
104 0.08042975515127182
105 0.08232523500919342
106 0.07504895329475403
107 0.08750107884407043
108 0.08629193902015686
109 0.07601466029882431
110 0.07698140293359756
111 0.07975764572620392
112 0.08019091188907623
113 0.09732096642255783
114 0.0881677195429802
115 0.0951138362288475
116 0.07243140041828156
117 0.08781132102012634
118 0.0773988887667656
119 0.07507815957069397
120 0.08110267668962479
121 0.08046573400497437
122 0.0827377513051033
123 0.0758182555437088
124 0.06877421587705612
125 0.06872411072254181
126 0.07577868551015854
127 0.06773720681667328
128 0.08246318250894547
129 0.07889911532402039
130 0.07427410036325455
131 0.07828687131404877
132 0.07266191393136978
133 0.07135706394910812
134 0.0826510339975357
135 0.08520424365997314
136 0.09949098527431488
137 0.08987687528133392
138 0.08732964843511581
139 0.06947246193885803
140 0.07081339508295059
141 0.06626817584037781
142 0.0757487341761589
143 0.07177518308162689
144 0.07065832614898682
145 0.08666350692510605
146 0.09123145043849945
147 0.101548932492733
148 0.07201044261455536
149 0.06820635497570038
150 0.07973907142877579
151 0.07213205099105835
152 0.07291501760482788
153 0.07559458911418915
154 0.07418825477361679
155 0.07261450588703156
156 0.07280789315700531
157 0.07303486764431
158 0.07080517709255219
159 0.08272895961999893
160 0.07363605499267578
161 0.0651339665055275
162 0.06787365674972534
163 0.08919882774353027
164 0.07353079319000244
165 0.06380249559879303
166 0.06377223134040833
167 0.07003120332956314
168 0.06180679425597191
169 0.06227000430226326
170 0.10439641028642654
171 0.0784527137875557
172 0.06667814403772354
173 0.07478009909391403
174 0.07331974804401398
175 0.06436918675899506
176 0.06745768338441849
177 0.0673055499792099
178 0.06440604478120804
179 0.06343802809715271
180 0.07548410445451736
181 0.09623575210571289
182 0.06381319463253021
183 0.06438340991735458
184 0.06957222521305084
185 0.06347204744815826
186 0.08237324655056
187 0.0827861800789833
188 0.06656093895435333
189 0.07242663204669952
190 0.06354928761720657
191 0.06724362820386887
192 0.06459411233663559
193 0.0676632896065712
194 0.06511551886796951
195 0.07551538199186325
196 0.08436430990695953
197 0.06782826781272888
198 0.05646585673093796
199 0.06511423736810684
200 0.07401639223098755
