1 1.0898979902267456
2 0.7840174436569214
3 0.6123433113098145
4 0.5584793090820312
5 0.4477989971637726
6 0.43995463848114014
7 0.3396356403827667
8 0.3717423975467682
9 0.3104718327522278
10 0.30028003454208374
11 0.3045085370540619
12 0.26727402210235596
13 0.2921125590801239
14 0.24000413715839386
15 0.20384632050991058
16 0.2947975993156433
17 0.24029381573200226
18 0.22424370050430298
19 0.22708962857723236
20 0.20506855845451355
21 0.21239447593688965
22 0.21716690063476562
23 0.17289768159389496
24 0.1970365345478058
25 0.18527653813362122
26 0.23320019245147705
27 0.15098561346530914
28 0.1561467945575714
29 0.17958740890026093
30 0.24239765107631683
31 0.15856294333934784
32 0.1744614541530609
33 0.1714654415845871
34 0.17699263989925385
35 0.14067277312278748
36 0.15576787292957306
37 0.15534326434135437
38 0.1865268349647522
39 0.14251992106437683
40 0.18989422917366028
41 0.15013787150382996
42 0.19585643708705902
43 0.15149439871311188
44 0.17388050258159637
45 0.15814436972141266
46 0.11628343909978867
47 0.1627303510904312
48 0.14240437746047974
49 0.1637110412120819
50 0.15055328607559204
51 0.1501729041337967
52 0.13354632258415222
53 0.16501347720623016
54 0.13034220039844513
55 0.12236346304416656
56 0.14368249475955963
57 0.14821527898311615
58 0.16835075616836548
59 0.16471503674983978
60 0.13207240402698517
61 0.11422883719205856
62 0.14425988495349884
63 0.11646011471748352
64 0.12967334687709808
65 0.12290718406438828
66 0.160127654671669
67 0.15083298087120056
68 0.1210220605134964
69 0.1199025809764862
70 0.14758849143981934
71 0.12011311203241348
72 0.16289226710796356
73 0.13452503085136414
74 0.11581498384475708
75 0.1196063682436943
76 0.12546896934509277
77 0.13463737070560455
78 0.12366820126771927
79 0.1106020137667656
80 0.123987577855587
81 0.10722783207893372
82 0.1511121541261673
83 0.12756134569644928
84 0.12040368467569351
85 0.14431919157505035
86 0.14743809401988983
87 0.09804397821426392
88 0.13253389298915863
89 0.12304479628801346
90 0.11835305392742157
91 0.11647484451532364
92 0.11301278322935104
93 0.15739573538303375
94 0.10591935366392136
95 0.1065552830696106
96 0.14718784391880035
97 0.09883346408605576
98 0.11115135997533798
99 0.11328787356615067
100 0.1532680243253708
101 0.10539289563894272
102 0.13396063446998596
103 0.09398224204778671
104 0.14469297230243683
105 0.1055687889456749
106 0.13732284307479858
107 0.1221487745642662
108 0.11435353755950928
109 0.1237630844116211
110 0.10410381853580475
111 0.11891081929206848
112 0.10213368386030197
113 0.0886029377579689
114 0.12195820361375809
115 0.09880925714969635
116 0.11185511946678162
117 0.10856025665998459
118 0.1038484126329422
119 0.12653274834156036
120 0.11072119325399399
121 0.10104510933160782
122 0.12159158289432526
123 0.11467281728982925
124 0.10507448017597198
125 0.11581341177225113
126 0.11394482105970383
127 0.11208204925060272
128 0.11368922144174576
129 0.12710882723331451
130 0.13168840110301971
131 0.08853211253881454
132 0.1013139933347702
133 0.126867413520813
134 0.09240218997001648
135 0.11501102894544601
136 0.1072128415107727
137 0.11562829464673996
138 0.10808084160089493
139 0.12187927961349487
140 0.11101661622524261
141 0.10230429470539093
142 0.10477995872497559
143 0.1117875948548317
144 0.10908521711826324
145 0.08442961424589157
146 0.09976647794246674
147 0.11540715396404266
148 0.0896364226937294
149 0.09828909486532211
150 0.09254968911409378
151 0.1316991150379181
152 0.1186211034655571
153 0.09723559021949768
154 0.12055106461048126
155 0.08616343885660172
156 0.12914150953292847
157 0.08528780192136765
158 0.0948210135102272
159 0.10222543776035309
160 0.09769061952829361
161 0.11402520537376404
162 0.10229412466287613
163 0.08366545289754868
164 0.12582071125507355
165 0.08136025071144104
166 0.0886821448802948
167 0.10252851247787476
168 0.15147045254707336
169 0.08556251227855682
170 0.09891777485609055
171 0.09578899294137955
172 0.106093630194664
173 0.11734853684902191
174 0.13232214748859406
175 0.10783057659864426
176 0.1019008532166481
177 0.10603521019220352
178 0.10058040916919708
179 0.09646036475896835
180 0.09303948283195496
181 0.10606497526168823
182 0.10204773396253586
183 0.10144415497779846
184 0.08916366100311279
185 0.10250900685787201
186 0.09838419407606125
187 0.09675708413124084
188 0.08843029290437698
189 0.12478985637426376
190 0.08372456580400467
191 0.111025869846344
192 0.09669576585292816
193 0.08675151318311691
194 0.09445852786302567
195 0.10362742841243744
196 0.09420117735862732
197 0.08112403750419617
198 0.08890312165021896
199 0.09877129644155502
200 0.0956064835190773
201 0.09838702529668808
202 0.10138483345508575
203 0.100062295794487
204 0.10042383521795273
205 0.09404322504997253
206 0.08469726145267487
207 0.10225086659193039
208 0.09734052419662476
209 0.11594383418560028
210 0.08761438727378845
211 0.08485106378793716
212 0.1084849014878273
213 0.09537436813116074
214 0.08822335302829742
215 0.11635324358940125
216 0.07988007366657257
217 0.11160844564437866
218 0.11567362397909164
219 0.08391433209180832
220 0.0814809575676918
221 0.08417661488056183
222 0.11720793694257736
223 0.08968335390090942
224 0.12289991974830627
225 0.07753393799066544
226 0.09778735786676407
227 0.09086599200963974
228 0.09755171090364456
229 0.1063382625579834
230 0.09302550554275513
231 0.0820598229765892
232 0.13242027163505554
233 0.09147584438323975
234 0.08199707418680191
235 0.09249509871006012
236 0.08103325963020325
237 0.10051462799310684
238 0.10838901996612549
239 0.0792483314871788
240 0.09049928188323975
241 0.09212449938058853
242 0.08117032051086426
243 0.07499926537275314
244 0.09076138585805893
245 0.09912168234586716
246 0.10508156567811966
247 0.09348583221435547
248 0.09050656110048294
249 0.08949475735425949
250 0.09095989912748337
251 0.12349305301904678
252 0.0855482667684555
253 0.08461352437734604
254 0.1152225211262703
255 0.07060376554727554
256 0.0729207918047905
257 0.10365428030490875
258 0.08568374067544937
259 0.07410770654678345
260 0.08141405880451202
261 0.10455197840929031
262 0.09407521039247513
263 0.06853426247835159
264 0.09140972048044205
265 0.10798723250627518
266 0.09886911511421204
267 0.0722605437040329
268 0.07168075442314148
269 0.0885130912065506
270 0.10112808644771576
271 0.10448383539915085
272 0.08317501097917557
273 0.09033562988042831
274 0.08290187269449234
275 0.09637223184108734
276 0.08722244948148727
277 0.07917787879705429
278 0.10785131901502609
279 0.08467705547809601
280 0.08244062215089798
281 0.09409470111131668
282 0.09236142039299011
283 0.08032223582267761
284 0.07622044533491135
285 0.08576623350381851
286 0.09280988574028015
287 0.07937072962522507
288 0.10539814084768295
289 0.07067888975143433
290 0.09231939166784286
291 0.0980825126171112
292 0.07801411300897598
293 0.0790453776717186
294 0.08925839513540268
295 0.09659149497747421
296 0.08173439651727676
297 0.08809923380613327
298 0.07998888194561005
299 0.08980128914117813
300 0.07806652784347534
301 0.09107868373394012
302 0.07632637768983841
303 0.09334005415439606
304 0.08681865781545639
305 0.0783781185746193
306 0.07187383621931076
307 0.10977669805288315
308 0.09466909617185593
309 0.07765265554189682
310 0.0890761986374855
311 0.08432531356811523
312 0.08786214888095856
313 0.07336828857660294
314 0.07797215133905411
315 0.09072107821702957
316 0.0966644287109375
317 0.07830536365509033
318 0.06566155701875687
319 0.0957641676068306
320 0.08136101067066193
321 0.06863164901733398
322 0.09077921509742737
323 0.07753653824329376
324 0.07076156884431839
325 0.09258385747671127
326 0.07538852840662003
327 0.10130572319030762
328 0.0750405341386795
329 0.07559765130281448
330 0.08999061584472656
331 0.077450230717659
332 0.08680470287799835
333 0.06306670606136322
334 0.07666724175214767
335 0.08977213501930237
336 0.1092999130487442
337 0.0746537521481514
338 0.07525688409805298
339 0.10545647144317627
340 0.07661492377519608
341 0.07945224642753601
342 0.07561340183019638
343 0.07162196934223175
344 0.08537371456623077
345 0.08271225541830063
346 0.07299123704433441
347 0.07531183212995529
348 0.06977581232786179
349 0.08825085312128067
350 0.06816055625677109
351 0.08502175658941269
352 0.09378878027200699
353 0.0889650210738182
354 0.06998568028211594
355 0.08069217205047607
356 0.07647287845611572
357 0.08640485256910324
358 0.07497644424438477
359 0.07869803160429001
360 0.06796905398368835
361 0.09108669310808182
362 0.07308737188577652
363 0.0837520882487297
364 0.07228539139032364
365 0.06492722034454346
366 0.12349163740873337
367 0.0729285255074501
368 0.07336699962615967
369 0.09270992130041122
370 0.07644530385732651
371 0.07961909472942352
372 0.08134190738201141
373 0.08079157024621964
374 0.07894134521484375
375 0.07404229789972305
376 0.07690269500017166
377 0.09158060699701309
378 0.07066988199949265
379 0.06405627727508545
380 0.09439705312252045
381 0.08840268850326538
382 0.0690191239118576
383 0.08649016916751862
384 0.06949326395988464
385 0.07535479962825775
386 0.06111057102680206
387 0.08351035416126251
388 0.08748624473810196
389 0.08292895555496216
390 0.0716002881526947
391 0.07907067984342575
392 0.06862382590770721
393 0.07615595310926437
394 0.07455715537071228
395 0.08522620052099228
396 0.07631286233663559
397 0.10159464925527573
398 0.06859679520130157
399 0.07561929523944855
400 0.08463658392429352
401 0.06480054557323456
402 0.10342209786176682
403 0.07404595613479614
404 0.06505496799945831
405 0.06563524156808853
406 0.07218270748853683
407 0.08533056825399399
408 0.05977286025881767
409 0.07940414547920227
410 0.07674822211265564
411 0.07835517078638077
412 0.08592883497476578
413 0.09134690463542938
414 0.070415198802948
415 0.10371094197034836
416 0.07460492104291916
417 0.06391052156686783
418 0.06841138005256653
419 0.08190350234508514
420 0.08339449763298035
421 0.06831803917884827
422 0.07594946026802063
423 0.08639147877693176
424 0.08942772448062897
425 0.07404763996601105
426 0.05700552463531494
427 0.06101890653371811
428 0.07627972960472107
429 0.07730334997177124
430 0.0803392231464386
431 0.050592049956321716
432 0.06970856338739395
433 0.09748506546020508
434 0.07296279072761536
435 0.07321496307849884
436 0.09626166522502899
437 0.059173643589019775
438 0.07480854541063309
439 0.099632628262043
440 0.0735282376408577
441 0.08754413574934006
442 0.08632829785346985
443 0.08063111454248428
444 0.06689662486314774
445 0.058424096554517746
446 0.08749134093523026
447 0.07101915776729584
448 0.08132144808769226
449 0.06998682767152786
450 0.06368919461965561
451 0.06035786122083664
452 0.08253072947263718
453 0.0759979635477066
454 0.06256922334432602
455 0.08310677111148834
456 0.08340667188167572
457 0.06259439885616302
458 0.06693916022777557
459 0.07042188197374344
460 0.0975983589887619
461 0.07842972874641418
462 0.08037055283784866
463 0.06731747835874557
464 0.08473241329193115
465 0.07147140055894852
466 0.06845062971115112
467 0.06216302886605263
468 0.07608267664909363
469 0.08058188110589981
470 0.0699334368109703
471 0.06164313107728958
472 0.08475206047296524
473 0.06655997037887573
474 0.057800233364105225
475 0.06544160842895508
476 0.07553178071975708
477 0.07883881777524948
478 0.0835641399025917
479 0.07064349949359894
480 0.08712787181138992
481 0.06465279310941696
482 0.05866396799683571
483 0.0742301270365715
484 0.09581447392702103
485 0.06882642209529877
486 0.06913887709379196
487 0.06588942557573318
488 0.053373560309410095
489 0.0716693103313446
490 0.08128334581851959
491 0.06775691360235214
492 0.07110346853733063
493 0.08402905613183975
494 0.07407964766025543
495 0.08378955721855164
496 0.06754820793867111
497 0.06349869072437286
498 0.07111342996358871
499 0.05483361333608627
500 0.08540438115596771
501 0.07088132947683334
502 0.08252199739217758
503 0.08164757490158081
504 0.062093015760183334
505 0.061654917895793915
506 0.06831105798482895
507 0.06794276833534241
508 0.09017293155193329
509 0.060676030814647675
510 0.06736636906862259
511 0.06238435581326485
512 0.0689130499958992
513 0.09215500205755234
514 0.08913937956094742
515 0.06262342631816864
516 0.07681296020746231
517 0.07039657235145569
518 0.08379283547401428
519 0.060923509299755096
520 0.06369884312152863
521 0.07110193371772766
522 0.05653214827179909
523 0.05439113825559616
524 0.09198255836963654
525 0.08531243354082108
526 0.06030948832631111
527 0.062287621200084686
528 0.07534492760896683
529 0.07750197499990463
530 0.0755455493927002
531 0.06414458900690079
532 0.07012535631656647
533 0.2164245843887329
534 0.06928113102912903
535 0.07998190820217133
536 0.06786854565143585
537 0.05531689524650574
538 0.09720248728990555
539 0.06765598058700562
540 0.0875665694475174
541 0.06281428784132004
542 0.06467007100582123
543 0.06945312768220901
544 0.0568070113658905
545 0.058622781187295914
546 0.07756797969341278
547 0.08672885596752167
548 0.054549749940633774
549 0.07394082099199295
550 0.07262969762086868
551 0.05205706134438515
552 0.06326229125261307
553 0.06067252904176712
554 0.069975845515728
555 0.06263289600610733
556 0.07011555880308151
557 0.07531265914440155
558 0.057107165455818176
559 0.07716812193393707
560 0.052935030311346054
561 0.057027071714401245
562 0.07171441614627838
563 0.07313931733369827
564 0.07115590572357178
565 0.06288819760084152
566 0.06448541581630707
567 0.08166436105966568
568 0.058762989938259125
569 0.07879944890737534
570 0.0783957690000534
571 0.09399819374084473
572 0.062349043786525726
573 0.06333524733781815
574 0.05943015217781067
575 0.06624747812747955
576 0.09229802340269089
577 0.06020471453666687
578 0.056338854134082794
579 0.07484226673841476
580 0.049624405801296234
581 0.05994988977909088
582 0.07348651438951492
583 0.07530128210783005
584 0.0636458471417427
585 0.07359008491039276
586 0.06868505477905273
587 0.05024128779768944
588 0.05406671017408371
589 0.06009186804294586
590 0.058191586285829544
591 0.059211067855358124
592 0.08697106689214706
593 0.08084896951913834
594 0.0670504942536354
595 0.06644245982170105
596 0.07786276191473007
597 0.07588490098714828
598 0.06783480942249298
599 0.05293942242860794
600 0.05590275675058365
601 0.07421664148569107
602 0.07463318109512329
603 0.06193031743168831
604 0.06260423362255096
605 0.04980906844139099
606 0.06487446278333664
607 0.06225696578621864
608 0.07848596572875977
609 0.07778172940015793
610 0.06541016697883606
611 0.057930294424295425
612 0.08720482885837555
613 0.07797826081514359
614 0.09359681606292725
615 0.08430980145931244
616 0.06164386123418808
617 0.0710316002368927
618 0.05327242985367775
619 0.05068947374820709
620 0.062404144555330276
621 0.05555516108870506
622 0.068484365940094
623 0.06289446353912354
624 0.07245437055826187
625 0.059343863278627396
626 0.056463826447725296
627 0.06419883668422699
628 0.05971428379416466
629 0.04945462942123413
630 0.058404844254255295
631 0.07206393033266068
632 0.07692205905914307
633 0.04969322308897972
634 0.06083456054329872
635 0.057932835072278976
636 0.08983029425144196
637 0.06430551409721375
638 0.11020771414041519
639 0.06069908291101456
640 0.04697280377149582
641 0.06157459691166878
642 0.0698687732219696
643 0.06619276851415634
644 0.07682925462722778
645 0.05685499310493469
646 0.06586179882287979
647 0.061719171702861786
648 0.07655753195285797
649 0.08432220667600632
650 0.06561609357595444
651 0.05746803060173988
652 0.06655023992061615
653 0.059637296944856644
654 0.0653725266456604
655 0.07025013864040375
656 0.06373517215251923
657 0.05757606774568558
658 0.06880969554185867
659 0.057011719793081284
660 0.06853070855140686
661 0.056210681796073914
662 0.049180567264556885
663 0.06077489256858826
664 0.061313558369874954
665 0.06443145871162415
666 0.07962393760681152
667 0.07203460484743118
668 0.07919812202453613
669 0.06986244022846222
670 0.046811792999506
671 0.06340942531824112
672 0.060368604958057404
673 0.06327490508556366
674 0.07275377213954926
675 0.07571298629045486
676 0.05408717691898346
677 0.06482244282960892
678 0.05796203762292862
679 0.054321013391017914
680 0.06646585464477539
681 0.06213779374957085
682 0.0663057416677475
683 0.05094786733388901
684 0.07239002734422684
685 0.06737913936376572
686 0.04764201119542122
687 0.0799737349152565
688 0.07489502429962158
689 0.0549725741147995
690 0.059674572199583054
691 0.05376589670777321
692 0.0831332579255104
693 0.06521368771791458
694 0.062245529145002365
695 0.054997362196445465
696 0.06934046000242233
697 0.06645216047763824
698 0.04989952594041824
699 0.06892423331737518
700 0.07443469762802124
701 0.07032135128974915
702 0.0622224435210228
703 0.051898106932640076
704 0.08595893532037735
705 0.05064605548977852
706 0.069340780377388
707 0.06206182390451431
708 0.06323826313018799
709 0.08674800395965576
710 0.04385022446513176
711 0.06294457614421844
712 0.061244770884513855
713 0.05502858757972717
714 0.0651167780160904
715 0.0569121390581131
716 0.049143023788928986
717 0.06865854561328888
718 0.05237288028001785
719 0.07751477509737015
720 0.06404121965169907
721 0.07521922141313553
722 0.057716913521289825
723 0.06966833770275116
724 0.07206583768129349
725 0.06771695613861084
726 0.07230523228645325
727 0.05035518854856491
728 0.07422809302806854
729 0.07589037716388702
730 0.05542231351137161
731 0.042723894119262695
732 0.062384285032749176
733 0.06920517235994339
734 0.06832202523946762
735 0.05445456877350807
736 0.06340141594409943
737 0.05827848240733147
738 0.0615893229842186
739 0.05560717731714249
740 0.08129614591598511
741 0.06167962774634361
742 0.05757227540016174
743 0.054978080093860626
744 0.061505306512117386
745 0.061019059270620346
746 0.06363730132579803
747 0.07596009224653244
748 0.060829419642686844
749 0.07907474786043167
750 0.05158933997154236
751 0.06849096715450287
752 0.08414935320615768
753 0.06398289650678635
754 0.04862130805850029
755 0.05021267756819725
756 0.06872399151325226
757 0.06248622015118599
758 0.04771747440099716
759 0.07065518200397491
760 0.06314870715141296
761 0.06113145872950554
762 0.06539692729711533
763 0.06902091950178146
764 0.04949864745140076
765 0.055989306420087814
766 0.08792365342378616
767 0.08473628014326096
768 0.05225370079278946
769 0.055270399898290634
770 0.050021566450595856
771 0.06736426055431366
772 0.05047256126999855
773 0.04901939630508423
774 0.049535732716321945
775 0.05497552454471588
776 0.0743231251835823
777 0.061433617025613785
778 0.06967926770448685
779 0.053883686661720276
780 0.059821147471666336
781 0.06328044831752777
782 0.05112166330218315
783 0.05580523610115051
784 0.045325588434934616
785 0.0583907887339592
786 0.0654122531414032
787 0.05260303616523743
788 0.0742265060544014
789 0.05845987796783447
790 0.07499133795499802
791 0.06998581439256668
792 0.06311056017875671
793 0.06298691779375076
794 0.05507021024823189
795 0.06436006724834442
796 0.0720783993601799
797 0.07442391663789749
798 0.046195000410079956
799 0.06475115567445755
800 0.03864932432770729
