1 1.2963613271713257
2 1.1657960414886475
3 1.1387206315994263
4 1.101906180381775
5 1.059631109237671
6 1.0131030082702637
7 0.9675132036209106
8 0.9259244799613953
9 0.8842092752456665
10 0.8484055399894714
11 0.8120788335800171
12 0.7792591452598572
13 0.7481622695922852
14 0.7201675772666931
15 0.6941121220588684
16 0.6718669533729553
17 0.6486417055130005
18 0.6300832033157349
19 0.6120315194129944
20 0.5946947932243347
21 0.5783809423446655
22 0.5642170906066895
23 0.5504137277603149
24 0.5366499423980713
25 0.5254315733909607
26 0.5140265226364136
27 0.5033690929412842
28 0.4901781678199768
29 0.47902175784111023
30 0.4702374339103699
31 0.4601473808288574
32 0.4503001868724823
33 0.44056040048599243
34 0.42924708127975464
35 0.41929200291633606
36 0.4097723364830017
37 0.4001491069793701
38 0.3902372419834137
39 0.3814184069633484
40 0.37163251638412476
41 0.3618868589401245
42 0.3552558124065399
43 0.34626510739326477
44 0.33904629945755005
45 0.3302992284297943
46 0.3229188919067383
47 0.31529292464256287
48 0.3095448315143585
49 0.30217790603637695
50 0.29639706015586853
51 0.29128125309944153
52 0.28382033109664917
53 0.27866384387016296
54 0.27405720949172974
55 0.2694551348686218
56 0.26414954662323
57 0.2603400647640228
58 0.2561277449131012
59 0.25251373648643494
60 0.2473931759595871
61 0.2443370819091797
62 0.23897144198417664
63 0.23723134398460388
64 0.23204122483730316
65 0.22924135625362396
66 0.22583314776420593
67 0.22304366528987885
68 0.22178228199481964
69 0.2174709588289261
70 0.21415647864341736
71 0.21181093156337738
72 0.20964188873767853
73 0.20622330904006958
74 0.2046528458595276
75 0.20232945680618286
76 0.1996910721063614
77 0.19752798974514008
78 0.19539819657802582
79 0.19336353242397308
80 0.1910889744758606
81 0.18863436579704285
82 0.18660958111286163
83 0.18590191006660461
84 0.18467280268669128
85 0.1813238561153412
86 0.18082110583782196
87 0.18020527064800262
88 0.17715580761432648
89 0.1744638979434967
90 0.1721486747264862
91 0.17207741737365723
92 0.16928789019584656
93 0.16978555917739868
94 0.16715292632579803
95 0.16568510234355927
96 0.16384796798229218
97 0.16269353032112122
98 0.1615266054868698
99 0.16040009260177612
100 0.1575731784105301
101 0.15832707285881042
102 0.15597839653491974
103 0.1553964614868164
104 0.15357238054275513
105 0.15423926711082458
106 0.1519901305437088
107 0.15139727294445038
108 0.1507939100265503
109 0.1482972353696823
110 0.14768512547016144
111 0.1465042531490326
112 0.1445259153842926
113 0.14518360793590546
114 0.14443621039390564
115 0.14281027019023895
116 0.14235663414001465
117 0.14101508259773254
118 0.14176684617996216
119 0.13787873089313507
120 0.13742595911026
121 0.13813607394695282
122 0.13728277385234833
123 0.1370687037706375
124 0.13546514511108398
125 0.13495586812496185
126 0.1345026195049286
127 0.13416826725006104
128 0.1316908746957779
129 0.13218681514263153
130 0.1299511045217514
131 0.12986743450164795
132 0.12927304208278656
133 0.12795206904411316
134 0.12704606354236603
135 0.12702591717243195
136 0.12685978412628174
137 0.12675099074840546
138 0.12419847398996353
139 0.1255626380443573
140 0.12302464246749878
141 0.12401224672794342
142 0.12452343851327896
143 0.12121864408254623
144 0.12116391956806183
145 0.12199433147907257
146 0.12165919691324234
147 0.1201917976140976
148 0.11930225789546967
149 0.11889901757240295
150 0.11851855367422104
151 0.1177392527461052
152 0.11768218874931335
153 0.11754018813371658
154 0.1177356168627739
155 0.11606110632419586
156 0.1157972514629364
157 0.11483727395534515
158 0.11535228788852692
159 0.11305306851863861
160 0.11380371451377869
161 0.11382217705249786
162 0.11530274897813797
163 0.11347547918558121
164 0.11215067654848099
165 0.11098669469356537
166 0.11165396124124527
167 0.11057456582784653
168 0.1109507605433464
169 0.10920318216085434
170 0.11070112884044647
171 0.10811901092529297
172 0.10967808216810226
173 0.10777221620082855
174 0.10949944704771042
175 0.1090528815984726
176 0.10716935992240906
177 0.10641559213399887
178 0.10590218752622604
179 0.10519225150346756
180 0.10528551042079926
181 0.10552988201379776
182 0.10451345145702362
183 0.10344872623682022
184 0.10521836578845978
185 0.10502973198890686
186 0.10622259974479675
187 0.10356166213750839
188 0.10240918397903442
189 0.10221295803785324
190 0.10173358023166656
191 0.10459022969007492
192 0.1017989069223404
193 0.10171635448932648
194 0.10051368176937103
195 0.10163309425115585
196 0.09995134174823761
197 0.0996098741889
198 0.10037574172019958
199 0.10075455904006958
200 0.09875398129224777
