1 1.2854139804840088
2 1.1779183149337769
3 1.161435604095459
4 1.137859582901001
5 1.104753851890564
6 1.0630589723587036
7 1.0170516967773438
8 0.968309223651886
9 0.9189444780349731
10 0.8725970387458801
11 0.8278319835662842
12 0.7871631383895874
13 0.7492499947547913
14 0.7159982919692993
15 0.6845882534980774
16 0.6564294099807739
17 0.6307711601257324
18 0.6071484088897705
19 0.585324227809906
20 0.5637584328651428
21 0.5449668169021606
22 0.5263156294822693
23 0.5098146200180054
24 0.49363774061203003
25 0.4778118133544922
26 0.46289706230163574
27 0.4488634169101715
28 0.435005784034729
29 0.4221820533275604
30 0.41037940979003906
31 0.39785444736480713
32 0.38639023900032043
33 0.377673864364624
34 0.36555036902427673
35 0.35534051060676575
36 0.34778639674186707
37 0.33608123660087585
38 0.330034464597702
39 0.32124367356300354
40 0.3134421408176422
41 0.30578741431236267
42 0.299224853515625
43 0.29262781143188477
44 0.28647086024284363
45 0.2798885405063629
46 0.274314284324646
47 0.2694520354270935
48 0.26374995708465576
49 0.259602814912796
50 0.2526181936264038
51 0.24908217787742615
52 0.24501845240592957
53 0.2417556643486023
54 0.2362767606973648
55 0.2320045679807663
56 0.22901035845279694
57 0.22463460266590118
58 0.22194574773311615
59 0.21883153915405273
60 0.21493545174598694
61 0.2118707001209259
62 0.20941142737865448
63 0.2064053863286972
64 0.20347222685813904
65 0.20174364745616913
66 0.19848287105560303
67 0.1966407597064972
68 0.19392573833465576
69 0.19230298697948456
70 0.18950583040714264
71 0.18691395223140717
72 0.18483665585517883
73 0.18277136981487274
74 0.18061594665050507
75 0.17959894239902496
76 0.1776491105556488
77 0.1744028925895691
78 0.17297369241714478
79 0.17100001871585846
80 0.1697605550289154
81 0.16815893352031708
82 0.16641269624233246
83 0.16585302352905273
84 0.16375289857387543
85 0.1620955616235733
86 0.15988557040691376
87 0.16013933718204498
88 0.15768100321292877
89 0.1576012521982193
90 0.15454399585723877
91 0.15357337892055511
92 0.1532386839389801
93 0.15301303565502167
94 0.15001168847084045
95 0.14837689697742462
96 0.14711956679821014
97 0.1471448540687561
98 0.14693541824817657
99 0.14594130218029022
100 0.14315591752529144
101 0.14261029660701752
102 0.14174897968769073
103 0.1407429575920105
104 0.13996672630310059
105 0.13929566740989685
106 0.13853687047958374
107 0.1379605531692505
108 0.13742558658123016
109 0.13588474690914154
110 0.13476842641830444
111 0.13396841287612915
112 0.13381782174110413
113 0.13180655241012573
114 0.13060936331748962
115 0.13142628967761993
116 0.13073956966400146
117 0.12912064790725708
118 0.1277022510766983
119 0.12895628809928894
120 0.12663619220256805
121 0.12606245279312134
122 0.12485907971858978
123 0.12523281574249268
124 0.12427987158298492
125 0.12428151071071625
126 0.12396703660488129
127 0.12246168404817581
128 0.12110962718725204
129 0.12100150436162949
130 0.1206783577799797
131 0.11892963945865631
132 0.1212332546710968
133 0.11844612658023834
134 0.11951420456171036
135 0.11815731972455978
136 0.11918164044618607
137 0.1171676367521286
138 0.1164994090795517
139 0.11572615802288055
140 0.11597075313329697
141 0.11446874588727951
142 0.11397220194339752
143 0.11385783553123474
144 0.11439584195613861
145 0.11215338855981827
146 0.11265025287866592
147 0.11133214831352234
148 0.11306595057249069
149 0.11087458580732346
150 0.11051970720291138
151 0.11076747626066208
152 0.11107531189918518
153 0.10884320735931396
154 0.10880662500858307
155 0.10824336111545563
156 0.10806498676538467
157 0.10716434568166733
158 0.1079457476735115
159 0.10763704031705856
160 0.10780736804008484
161 0.1063670814037323
162 0.10655992478132248
163 0.10616649687290192
164 0.10587285459041595
165 0.10488623380661011
166 0.1031966507434845
167 0.10430921614170074
168 0.10443033277988434
169 0.10447394102811813
170 0.10347010940313339
171 0.10176869481801987
172 0.10245167464017868
173 0.10197197645902634
174 0.10148493200540543
175 0.10176297277212143
176 0.10178234428167343
177 0.10112138092517853
178 0.10114724189043045
179 0.09982171654701233
180 0.09968253970146179
181 0.09986791014671326
182 0.09908711910247803
183 0.09924309700727463
184 0.09841576963663101
185 0.09952263534069061
186 0.09746239334344864
187 0.09763926267623901
188 0.0984664186835289
189 0.09755721688270569
190 0.09663809835910797
191 0.09618382155895233
192 0.09585583209991455
193 0.09661916643381119
194 0.09509944170713425
195 0.09632301330566406
196 0.09569675475358963
197 0.09477013349533081
198 0.09416993707418442
199 0.09407311677932739
200 0.09594880044460297
201 0.094368577003479
202 0.09331826865673065
203 0.09459151327610016
204 0.09393142908811569
205 0.09316030889749527
206 0.09294772893190384
207 0.09229247272014618
208 0.09143414348363876
209 0.09146804362535477
210 0.0923878401517868
211 0.09125718474388123
212 0.09110768884420395
213 0.09041314572095871
214 0.09169457107782364
215 0.09116722643375397
216 0.09140787273645401
217 0.08914106339216232
218 0.0895492285490036
219 0.09022743254899979
220 0.08893536031246185
221 0.09110356122255325
222 0.08980594575405121
223 0.08937648683786392
224 0.08764278143644333
225 0.08756054937839508
226 0.08868040889501572
227 0.08898311853408813
228 0.0880565419793129
229 0.08744676411151886
230 0.08762404322624207
231 0.0881190076470375
232 0.08791158348321915
233 0.0882268026471138
234 0.08783483505249023
235 0.08614807575941086
236 0.08665486425161362
237 0.08576938509941101
238 0.0875171646475792
239 0.0859311893582344
240 0.08466140180826187
241 0.08623433113098145
242 0.08651130646467209
243 0.08501803874969482
244 0.0849662572145462
245 0.08476017415523529
246 0.08507874608039856
247 0.08419891446828842
248 0.08393160998821259
249 0.08457525074481964
250 0.08388815820217133
251 0.08460218459367752
252 0.08334328979253769
253 0.08269007503986359
254 0.08298350125551224
255 0.08233732730150223
256 0.08261719346046448
257 0.08373316377401352
258 0.0809183269739151
259 0.08205591142177582
260 0.08217277377843857
261 0.08216967433691025
262 0.0826307162642479
263 0.08214066922664642
264 0.08137743920087814
265 0.08054712414741516
266 0.08097090572118759
267 0.08115182816982269
268 0.07984760403633118
269 0.0812215730547905
270 0.08160419762134552
271 0.08071412146091461
272 0.08076086640357971
273 0.08007372915744781
274 0.07954563945531845
275 0.08018243312835693
276 0.0799199789762497
277 0.07917506247758865
278 0.07780732214450836
279 0.07864418625831604
280 0.07846514880657196
281 0.07840891927480698
282 0.07909611612558365
283 0.07860495895147324
284 0.07935485243797302
285 0.07704217731952667
286 0.07954933494329453
287 0.07775916904211044
288 0.07848552614450455
289 0.07742559909820557
290 0.07889069616794586
291 0.07752879709005356
292 0.07835753262042999
293 0.07666850835084915
294 0.077985480427742
295 0.07591794431209564
296 0.07658667862415314
297 0.07579289376735687
298 0.07598036527633667
299 0.07606501877307892
300 0.07914800196886063
301 0.07571489363908768
302 0.07640776038169861
303 0.07536444813013077
304 0.07570429146289825
305 0.07650204747915268
306 0.0766691043972969
307 0.07552089542150497
308 0.07579778134822845
309 0.07442336529493332
310 0.07522290199995041
311 0.07604674249887466
312 0.07422923296689987
313 0.07480742782354355
314 0.07466574758291245
315 0.07434582710266113
316 0.07560219615697861
317 0.0741780623793602
318 0.07513458281755447
319 0.07454278320074081
320 0.07439541816711426
321 0.07255150377750397
322 0.07401398569345474
323 0.07294882088899612
324 0.07355417311191559
325 0.07342158257961273
326 0.07420124113559723
327 0.07301408797502518
328 0.07208530604839325
329 0.07185925543308258
330 0.07261635363101959
331 0.07279427349567413
332 0.07219210267066956
333 0.07254459708929062
334 0.07135797291994095
335 0.07283967733383179
336 0.07186422497034073
337 0.07207918912172318
338 0.071591816842556
339 0.0713886246085167
340 0.07052510231733322
341 0.07155739516019821
342 0.07194216549396515
343 0.07136683166027069
344 0.0709245353937149
345 0.07035282999277115
346 0.07007762044668198
347 0.07124048471450806
348 0.06989354640245438
349 0.06995570659637451
350 0.0709761381149292
351 0.07028471678495407
352 0.07149595022201538
353 0.0696825161576271
354 0.06930442899465561
355 0.07009747624397278
356 0.07065322250127792
357 0.06940148770809174
358 0.06846074759960175
359 0.0702059268951416
360 0.06884592026472092
361 0.06916958838701248
362 0.0686131939291954
363 0.06915035843849182
364 0.06948446482419968
365 0.0686102956533432
366 0.06879907846450806
367 0.0686042383313179
368 0.06777649372816086
369 0.06882238388061523
370 0.06890366226434708
371 0.06839629262685776
372 0.06760463118553162
373 0.06816593557596207
374 0.06731284409761429
375 0.06738240271806717
376 0.06939805299043655
377 0.0677020326256752
378 0.06733687967061996
379 0.06719214469194412
380 0.06884531676769257
381 0.06759389489889145
382 0.06755132228136063
383 0.0674562007188797
384 0.0678238645195961
385 0.06647153943777084
386 0.06712143868207932
387 0.06693734973669052
388 0.06613893806934357
389 0.06694983690977097
390 0.06731760501861572
391 0.0669558197259903
392 0.06619470566511154
393 0.0676812157034874
394 0.0681629478931427
395 0.06608423590660095
396 0.06616092473268509
397 0.06667692214250565
398 0.06499525159597397
399 0.06514935195446014
400 0.06535442173480988
