1 1.1894196271896362
2 1.1504161357879639
3 1.1156213283538818
4 1.0673974752426147
5 1.0121026039123535
6 0.9608233571052551
7 0.9118004441261292
8 0.8692010045051575
9 0.8268595337867737
10 0.7896591424942017
11 0.7572926878929138
12 0.7262542843818665
13 0.6992014050483704
14 0.6735519766807556
15 0.6530277729034424
16 0.6323941946029663
17 0.6132791638374329
18 0.5969303846359253
19 0.5819352269172668
20 0.567347526550293
21 0.554655134677887
22 0.5410860776901245
23 0.5284717082977295
24 0.517468273639679
25 0.506066083908081
26 0.4946148991584778
27 0.4849697947502136
28 0.474674791097641
29 0.4640446603298187
30 0.45417001843452454
31 0.44470226764678955
32 0.4342735707759857
33 0.42282629013061523
34 0.4138866364955902
35 0.4044027626514435
36 0.3946487605571747
37 0.3868913948535919
38 0.37696734070777893
39 0.36756157875061035
40 0.36009740829467773
41 0.3504939079284668
42 0.3423081338405609
43 0.3365119993686676
44 0.32848840951919556
45 0.3219527304172516
46 0.3150814175605774
47 0.3091735541820526
48 0.301889032125473
49 0.29697373509407043
50 0.2907980978488922
51 0.28457722067832947
52 0.28137490153312683
53 0.2748772203922272
54 0.2705855369567871
55 0.2660154402256012
56 0.2613297402858734
57 0.2573595643043518
58 0.2533209025859833
59 0.249017596244812
60 0.24509741365909576
61 0.2421405017375946
62 0.238625168800354
63 0.23660090565681458
64 0.23273515701293945
65 0.22923986613750458
66 0.22624948620796204
67 0.22401365637779236
68 0.21998457610607147
69 0.2170451581478119
70 0.21445603668689728
71 0.21209284663200378
72 0.21112409234046936
73 0.20845800638198853
74 0.2056373655796051
75 0.20418143272399902
76 0.20239704847335815
77 0.20048077404499054
78 0.1950751096010208
79 0.19651725888252258
80 0.1930164396762848
81 0.19185391068458557
82 0.18902021646499634
83 0.18774956464767456
84 0.18489719927310944
85 0.1839638352394104
86 0.1824711114168167
87 0.18160414695739746
88 0.17994526028633118
89 0.1780194193124771
90 0.177667036652565
91 0.17382332682609558
92 0.17366880178451538
93 0.17294453084468842
94 0.17056992650032043
95 0.17117248475551605
96 0.16780240833759308
97 0.1677074432373047
98 0.16598011553287506
99 0.16489897668361664
100 0.16315720975399017
101 0.1618240922689438
102 0.16253475844860077
103 0.16021059453487396
104 0.15897390246391296
105 0.15733115375041962
106 0.1566411852836609
107 0.15599095821380615
108 0.1547899842262268
109 0.1523026078939438
110 0.15358221530914307
111 0.15249885618686676
112 0.15153060853481293
113 0.14984411001205444
114 0.1498323231935501
115 0.14743730425834656
116 0.14800554513931274
117 0.14618566632270813
118 0.14546741545200348
119 0.14513400197029114
120 0.14430908858776093
121 0.1434810310602188
122 0.14264842867851257
123 0.14190296828746796
124 0.14148202538490295
125 0.13868072628974915
126 0.1382155567407608
127 0.13925011456012726
128 0.1373913437128067
129 0.13824769854545593
130 0.1369526982307434
131 0.1352575421333313
132 0.13584332168102264
133 0.135479137301445
134 0.13354992866516113
135 0.13266851007938385
136 0.13373826444149017
137 0.13158030807971954
138 0.131876602768898
139 0.13066281378269196
140 0.1300119012594223
141 0.12946058809757233
142 0.130263552069664
143 0.12905950844287872
144 0.12796902656555176
145 0.1276746392250061
146 0.12660446763038635
147 0.12537015974521637
148 0.12568987905979156
149 0.12538371980190277
150 0.12398118525743484
151 0.12439104914665222
152 0.12364928424358368
153 0.12206774204969406
154 0.1224871575832367
155 0.1224241852760315
156 0.12291009724140167
157 0.12158673256635666
158 0.12085121124982834
159 0.1205553263425827
160 0.12024430930614471
161 0.1182294636964798
162 0.11807470768690109
163 0.118065744638443
164 0.11801546066999435
165 0.11946003884077072
166 0.11676125228404999
167 0.11725359410047531
168 0.11691469699144363
169 0.11608108878135681
170 0.115075021982193
171 0.11623144894838333
172 0.11461915075778961
173 0.11471748352050781
174 0.11405516415834427
175 0.11379089951515198
176 0.11282986402511597
177 0.11171108484268188
178 0.11334200203418732
179 0.11228066682815552
180 0.1113867461681366
181 0.11266613006591797
182 0.11093450337648392
183 0.11138579249382019
184 0.10945110768079758
185 0.11016225814819336
186 0.10962425917387009
187 0.10867028683423996
188 0.10979132354259491
189 0.10771235078573227
190 0.10772432386875153
191 0.10804388672113419
192 0.10531000047922134
193 0.10610497742891312
194 0.10700837522745132
195 0.10822271555662155
196 0.10602949559688568
197 0.10583137720823288
198 0.1054808646440506
199 0.10514992475509644
200 0.1044524535536766
