1 1.1769757270812988
2 1.120381236076355
3 1.0508464574813843
4 0.9765951037406921
5 0.9071542024612427
6 0.8441779613494873
7 0.786243736743927
8 0.7374966740608215
9 0.6939312815666199
10 0.6553817391395569
11 0.6208363771438599
12 0.5937619805335999
13 0.565791130065918
14 0.5429335236549377
15 0.5180263519287109
16 0.4962221682071686
17 0.48018577694892883
18 0.4559161961078644
19 0.438610315322876
20 0.41912373900413513
21 0.4041348397731781
22 0.39035436511039734
23 0.3723894953727722
24 0.3584783971309662
25 0.34815916419029236
26 0.3339633047580719
27 0.32656896114349365
28 0.3138933777809143
29 0.30364155769348145
30 0.2940545678138733
31 0.2870389223098755
32 0.27860069274902344
33 0.2717917263507843
34 0.26597365736961365
35 0.2567668557167053
36 0.25226500630378723
37 0.2444801926612854
38 0.24176637828350067
39 0.2400868684053421
40 0.23231326043605804
41 0.22575676441192627
42 0.223709836602211
43 0.21857929229736328
44 0.21426919102668762
45 0.2122880220413208
46 0.2065771371126175
47 0.2028542309999466
48 0.20073936879634857
49 0.19824935495853424
50 0.1957382708787918
51 0.19472624361515045
52 0.18885399401187897
53 0.1877949982881546
54 0.18405583500862122
55 0.1816001534461975
56 0.17848847806453705
57 0.17661389708518982
58 0.17399488389492035
59 0.1731284111738205
60 0.1711094081401825
61 0.16810794174671173
62 0.1661006063222885
63 0.1643752008676529
64 0.1614254266023636
65 0.16133429110050201
66 0.15952223539352417
67 0.1581699103116989
68 0.15496821701526642
69 0.1567465215921402
70 0.15202803909778595
71 0.15115727484226227
72 0.14875832200050354
73 0.14729176461696625
74 0.14745809137821198
75 0.14650127291679382
76 0.14714528620243073
77 0.14171195030212402
78 0.14150254428386688
79 0.1410045027732849
80 0.1404181569814682
81 0.13862836360931396
82 0.1344953030347824
83 0.13751129806041718
84 0.1341971606016159
85 0.13527697324752808
86 0.13424530625343323
87 0.13365761935710907
88 0.1320437639951706
89 0.1309170424938202
90 0.12886135280132294
91 0.12910909950733185
92 0.1284034699201584
93 0.12571705877780914
94 0.12778499722480774
95 0.12780486047267914
96 0.12407004833221436
97 0.12836767733097076
98 0.12477336078882217
99 0.12390958517789841
100 0.12197179347276688
101 0.11965323239564896
102 0.12032034248113632
103 0.1204330176115036
104 0.11780564486980438
105 0.11752111464738846
106 0.11666716635227203
107 0.11601552367210388
108 0.11360816657543182
109 0.1149899959564209
110 0.11710193008184433
111 0.11265943199396133
112 0.11526931822299957
113 0.11240594834089279
114 0.11657028645277023
115 0.11353195458650589
116 0.11012868583202362
117 0.11111296713352203
118 0.11026257276535034
119 0.11275068670511246
120 0.11102734506130219
121 0.10504724830389023
122 0.1072365865111351
123 0.10748448222875595
124 0.1087733656167984
125 0.10832121968269348
126 0.1076347753405571
127 0.10603437572717667
128 0.10619952529668808
129 0.1066451147198677
130 0.10565810650587082
131 0.10385573655366898
132 0.10588831454515457
133 0.10512372106313705
134 0.10525016486644745
135 0.1039414256811142
136 0.10162074118852615
137 0.10214454680681229
138 0.10115176439285278
139 0.10177519917488098
140 0.10203717648983002
141 0.09820536524057388
142 0.10536172240972519
143 0.09898575395345688
144 0.10234242677688599
145 0.1018432155251503
146 0.0988236591219902
147 0.09781394153833389
148 0.10121578723192215
149 0.09571028500795364
150 0.0983797013759613
151 0.09908238798379898
152 0.09537085145711899
153 0.09615107625722885
154 0.09662488102912903
155 0.0957498773932457
156 0.09804806113243103
157 0.09843423217535019
158 0.09212739765644073
159 0.09279181063175201
160 0.09896701574325562
161 0.09434179961681366
162 0.09497997909784317
163 0.09203248471021652
164 0.09465233236551285
165 0.0935891643166542
166 0.09010358154773712
167 0.09456920623779297
168 0.09284196048974991
169 0.09236602485179901
170 0.08995001763105392
171 0.0913662314414978
172 0.09128426015377045
173 0.09162039309740067
174 0.09157555550336838
175 0.09085186570882797
176 0.09506601095199585
177 0.09133414924144745
178 0.08889508992433548
179 0.08976032584905624
180 0.09066533297300339
181 0.08937094360589981
182 0.08821864426136017
183 0.08847830444574356
184 0.08869268000125885
185 0.08877264708280563
186 0.08925452828407288
187 0.0881882756948471
188 0.08533106744289398
189 0.08864420652389526
190 0.08736273646354675
191 0.08679883927106857
192 0.0865209624171257
193 0.0890107974410057
194 0.08383361995220184
195 0.08750619739294052
196 0.08744572848081589
197 0.08686493337154388
198 0.08678518235683441
199 0.08266443014144897
200 0.08472076803445816
201 0.08422496914863586
202 0.08384211361408234
203 0.08583936095237732
204 0.08408113569021225
205 0.0845251977443695
206 0.08607058972120285
207 0.08242166042327881
208 0.08400340378284454
209 0.0818057730793953
210 0.0854632556438446
211 0.0835246741771698
212 0.08171805739402771
213 0.08141917735338211
214 0.0811845138669014
215 0.08171305805444717
216 0.08162335306406021
217 0.0805899053812027
218 0.08032164722681046
219 0.08071054518222809
220 0.08070378750562668
221 0.08120548725128174
222 0.07906457036733627
223 0.0791480541229248
224 0.08050662279129028
225 0.07850036025047302
226 0.07755940407514572
227 0.0819217637181282
228 0.08014614135026932
229 0.07978221029043198
230 0.07858678698539734
231 0.0804208293557167
232 0.08097225427627563
233 0.07994509488344193
234 0.07784773409366608
235 0.08074688911437988
236 0.07849167287349701
237 0.07948638498783112
238 0.0789724811911583
239 0.07695294171571732
240 0.07526719570159912
241 0.08156368881464005
242 0.07648918032646179
243 0.07750885933637619
244 0.07769715785980225
245 0.07884632050991058
246 0.07568861544132233
247 0.07769689708948135
248 0.0759323462843895
249 0.0761304721236229
250 0.0731566771864891
251 0.07475844025611877
252 0.07605858892202377
253 0.07937157899141312
254 0.07746241241693497
255 0.07568947225809097
256 0.07492222636938095
257 0.07654477655887604
258 0.07761066406965256
259 0.07467377930879593
260 0.07721196115016937
261 0.07689468562602997
262 0.07256560027599335
263 0.07541728019714355
264 0.07120859622955322
265 0.07512014359235764
266 0.0756097137928009
267 0.07206562906503677
268 0.07119452953338623
269 0.07372048497200012
270 0.0717175081372261
271 0.07422064989805222
272 0.07339761406183243
273 0.07272231578826904
274 0.07255532592535019
275 0.0755329355597496
276 0.07305332273244858
277 0.07385558634996414
278 0.07408954948186874
279 0.07198037207126617
280 0.07065488398075104
281 0.0686703696846962
282 0.07378693670034409
283 0.07110521197319031
284 0.07000462710857391
285 0.07231208682060242
286 0.0748324915766716
287 0.07424549758434296
288 0.07046105712652206
289 0.0703912004828453
290 0.07183457165956497
291 0.06837207823991776
292 0.0699460580945015
293 0.072482630610466
294 0.06785335391759872
295 0.07125022262334824
296 0.07245916873216629
297 0.07425015419721603
298 0.06716233491897583
299 0.07312889397144318
300 0.06975605338811874
301 0.071280337870121
302 0.073005311191082
303 0.06974015384912491
304 0.07128648459911346
305 0.07213212549686432
306 0.07196693122386932
307 0.07054366916418076
308 0.06972905248403549
309 0.07134174555540085
310 0.07001910358667374
311 0.06894940882921219
312 0.06960276514291763
313 0.07161527872085571
314 0.0686783716082573
315 0.0695597380399704
316 0.07073485106229782
317 0.0692526251077652
318 0.06714875996112823
319 0.06832414865493774
320 0.06682951003313065
321 0.06715483218431473
322 0.06680794805288315
323 0.06529124826192856
324 0.0689781904220581
325 0.06615447998046875
326 0.06969763338565826
327 0.06861986219882965
328 0.06725521385669708
329 0.0650162324309349
330 0.06608962267637253
331 0.07076343148946762
332 0.07024483382701874
333 0.06703181564807892
334 0.07018177956342697
335 0.06425642222166061
336 0.06633932888507843
337 0.06722752749919891
338 0.06609237939119339
339 0.06572090089321136
340 0.06578784435987473
341 0.06508412212133408
342 0.06543472409248352
343 0.06725189834833145
344 0.06514909118413925
345 0.06306160241365433
346 0.06498412787914276
347 0.0662466362118721
348 0.06740687042474747
349 0.06711743772029877
350 0.06341578811407089
351 0.07063738256692886
352 0.06481245905160904
353 0.0643569827079773
354 0.06683947890996933
355 0.06443475931882858
356 0.06460506469011307
357 0.06387443095445633
358 0.06592145562171936
359 0.0642433762550354
360 0.0662403330206871
361 0.06304801255464554
362 0.06517226994037628
363 0.06461390107870102
364 0.06278899312019348
365 0.061450932174921036
366 0.06453947722911835
367 0.06275678426027298
368 0.0651688352227211
369 0.06570558995008469
370 0.06267710775136948
371 0.0627506822347641
372 0.06495179980993271
373 0.06261224299669266
374 0.0640333816409111
375 0.06205311790108681
376 0.06456742435693741
377 0.0646672397851944
378 0.0639953464269638
379 0.06375531852245331
380 0.05894220620393753
381 0.06322910636663437
382 0.06262800097465515
383 0.06440398842096329
384 0.06157077103853226
385 0.06175488978624344
386 0.0625004917383194
387 0.06455014646053314
388 0.06243235617876053
389 0.06196152791380882
390 0.06038545444607735
391 0.06286630779504776
392 0.06404062360525131
393 0.06383455544710159
394 0.06522122025489807
395 0.06311073899269104
396 0.06013926491141319
397 0.06364478915929794
398 0.060257770121097565
399 0.063827283680439
400 0.06114469841122627
401 0.05925171077251434
402 0.06115802004933357
403 0.06005537137389183
404 0.06119643524289131
405 0.060197606682777405
406 0.06043963134288788
407 0.06010791286826134
408 0.05975644290447235
409 0.058227624744176865
410 0.06091291829943657
411 0.06167689710855484
412 0.06322228163480759
413 0.05911657214164734
414 0.061820607632398605
415 0.06020099297165871
416 0.061912499368190765
417 0.06306571513414383
418 0.0620199516415596
419 0.06200087070465088
420 0.06012546271085739
421 0.060511816293001175
422 0.059161581099033356
423 0.05917768552899361
424 0.0577520914375782
425 0.06134172901511192
426 0.061178918927907944
427 0.06054043397307396
428 0.05835408344864845
429 0.05940668284893036
430 0.06119394674897194
431 0.058781642466783524
432 0.06316638737916946
433 0.05994809418916702
434 0.05832434073090553
435 0.06035163626074791
436 0.060089923441410065
437 0.05991064012050629
438 0.0640658438205719
439 0.05951213464140892
440 0.05688602477312088
441 0.0599650964140892
442 0.060866136103868484
443 0.05928432568907738
444 0.05898289382457733
445 0.0583655871450901
446 0.05797550454735756
447 0.057725436985492706
448 0.05699645355343819
449 0.059707216918468475
450 0.059474218636751175
451 0.05791446939110756
452 0.05953105539083481
453 0.05716829001903534
454 0.056934937834739685
455 0.056325625628232956
456 0.05768364295363426
457 0.056377243250608444
458 0.05703180655837059
459 0.057469334453344345
460 0.0601024255156517
461 0.05985572561621666
462 0.05758606269955635
463 0.05563080310821533
464 0.05822298303246498
465 0.05737493932247162
466 0.055285196751356125
467 0.05815959721803665
468 0.05816890671849251
469 0.05795701593160629
470 0.05837208777666092
471 0.0577203631401062
472 0.0559944324195385
473 0.05753684416413307
474 0.05586134269833565
475 0.05604489892721176
476 0.053413212299346924
477 0.055232927203178406
478 0.05744457244873047
479 0.056565508246421814
480 0.05421878397464752
481 0.05461117997765541
482 0.05547814071178436
483 0.05646607279777527
484 0.05803995206952095
485 0.05942434445023537
486 0.05763985961675644
487 0.05641087144613266
488 0.057015061378479004
489 0.05652899295091629
490 0.055286720395088196
491 0.05265951156616211
492 0.05787264555692673
493 0.05426013097167015
494 0.05477415397763252
495 0.05618060380220413
496 0.0573490634560585
497 0.05771496891975403
498 0.056527167558670044
499 0.05560702085494995
500 0.053717054426670074
501 0.06001843139529228
502 0.05672214552760124
503 0.05396386981010437
504 0.052465397864580154
505 0.05707724392414093
506 0.05529321730136871
507 0.055521801114082336
508 0.05640629678964615
509 0.05104256048798561
510 0.053320083767175674
511 0.054415423423051834
512 0.055872976779937744
513 0.05655916407704353
514 0.05391858518123627
515 0.05591800808906555
516 0.05244491994380951
517 0.05647820606827736
518 0.05410684645175934
519 0.05682079866528511
520 0.05156045779585838
521 0.051638759672641754
522 0.05164885148406029
523 0.054864153265953064
524 0.0562877431511879
525 0.052115291357040405
526 0.05594153702259064
527 0.055379804223775864
528 0.06184868887066841
529 0.05534018203616142
530 0.057484500110149384
531 0.05165905877947807
532 0.05251891538500786
533 0.053262289613485336
534 0.05288853496313095
535 0.05328737571835518
536 0.0546928346157074
537 0.05262138694524765
538 0.052888233214616776
539 0.051504649221897125
540 0.052584849298000336
541 0.0510341040790081
542 0.05277975648641586
543 0.054711367934942245
544 0.054873764514923096
545 0.05338176712393761
546 0.05493767932057381
547 0.05357708781957626
548 0.05291162431240082
549 0.0534040667116642
550 0.05177566409111023
551 0.05337510630488396
552 0.05640731379389763
553 0.05152612924575806
554 0.053444258868694305
555 0.056680601090192795
556 0.05539117753505707
557 0.05551654472947121
558 0.05035906285047531
559 0.0526607409119606
560 0.0517561212182045
561 0.05171983316540718
562 0.05091283097863197
563 0.0508568212389946
564 0.055510032922029495
565 0.05305277928709984
566 0.05117721110582352
567 0.04971284419298172
568 0.050886914134025574
569 0.05080055445432663
570 0.052708227187395096
571 0.05282518267631531
572 0.05426027998328209
573 0.05008234456181526
574 0.05633115395903587
575 0.052442196756601334
576 0.054765697568655014
577 0.0501217320561409
578 0.052555907517671585
579 0.050997551530599594
580 0.04915223643183708
581 0.049960218369960785
582 0.05137111246585846
583 0.04985809326171875
584 0.05287225544452667
585 0.051666468381881714
586 0.05382457375526428
587 0.05403159558773041
588 0.05155334249138832
589 0.053838539868593216
590 0.053587790578603745
591 0.05119290202856064
592 0.051376234740018845
593 0.05045265331864357
594 0.05127575993537903
595 0.051130179315805435
596 0.05214356631040573
597 0.04931977391242981
598 0.05128093808889389
599 0.05075916275382042
600 0.05298726633191109
601 0.04972894862294197
602 0.050393104553222656
603 0.050858426839113235
604 0.05193038284778595
605 0.05059231072664261
606 0.048670243471860886
607 0.05066743865609169
608 0.05250684916973114
609 0.053271107375621796
610 0.05307471379637718
611 0.048591434955596924
612 0.0490577332675457
613 0.051548946648836136
614 0.050966955721378326
615 0.05375400558114052
616 0.05329706147313118
617 0.05028457194566727
618 0.04760977625846863
619 0.05126979202032089
620 0.051421962678432465
621 0.05342777818441391
622 0.05122733116149902
623 0.05321938544511795
624 0.049726422876119614
625 0.0483536422252655
626 0.04933977127075195
627 0.051537565886974335
628 0.05055679753422737
629 0.04980122298002243
630 0.05005808547139168
631 0.04964013025164604
632 0.04860822111368179
633 0.050986312329769135
634 0.05041882395744324
635 0.04780002683401108
636 0.053077682852745056
637 0.04888128116726875
638 0.048399996012449265
639 0.050022970885038376
640 0.04997330904006958
641 0.04958497732877731
642 0.046177905052900314
643 0.05562414228916168
644 0.052542105317115784
645 0.04584631696343422
646 0.04863477870821953
647 0.04740816727280617
648 0.04777790978550911
649 0.05106092616915703
650 0.048309240490198135
651 0.0543806254863739
652 0.04706757515668869
653 0.051059722900390625
654 0.04698462784290314
655 0.049329206347465515
656 0.048204220831394196
657 0.04732999578118324
658 0.052386295050382614
659 0.04890996590256691
660 0.04879234731197357
661 0.046882737427949905
662 0.04680566117167473
663 0.050202175974845886
664 0.04869896546006203
665 0.04910541698336601
666 0.047037526965141296
667 0.05142688751220703
668 0.046429019421339035
669 0.04658064618706703
670 0.05098104104399681
671 0.04761768877506256
672 0.054854005575180054
673 0.04559553414583206
674 0.04651385918259621
675 0.049737829715013504
676 0.04858008772134781
677 0.04803987592458725
678 0.052486881613731384
679 0.0490722693502903
680 0.0515965111553669
681 0.048250455409288406
682 0.04822317883372307
683 0.0479714535176754
684 0.04728969559073448
685 0.04379928112030029
686 0.0474967435002327
687 0.049250587821006775
688 0.04842676967382431
689 0.04783255234360695
690 0.04905248433351517
691 0.04784463718533516
692 0.04959423467516899
693 0.04693707823753357
694 0.05145992711186409
695 0.04792054370045662
696 0.04560691863298416
697 0.05060986801981926
698 0.04895235598087311
699 0.04625709354877472
700 0.04867596551775932
701 0.04654507339000702
702 0.04685954749584198
703 0.04658220708370209
704 0.04758128151297569
705 0.047183386981487274
706 0.05325073376297951
707 0.04449569061398506
708 0.04452770575881004
709 0.04689491540193558
710 0.047071751207113266
711 0.047136809676885605
712 0.04962514340877533
713 0.046847838908433914
714 0.046262066811323166
715 0.04629893600940704
716 0.054857928305864334
717 0.04396674782037735
718 0.046383775770664215
719 0.04813417047262192
720 0.04962629824876785
721 0.047205839306116104
722 0.04574037343263626
723 0.04959581419825554
724 0.04739990830421448
725 0.04892076179385185
726 0.04788370430469513
727 0.04750401899218559
728 0.04594292864203453
729 0.044477611780166626
730 0.048437464982271194
731 0.046634454280138016
732 0.04895447939634323
733 0.046718891710042953
734 0.047725383192300797
735 0.04636983573436737
736 0.04630124941468239
737 0.04607637599110603
738 0.045448753982782364
739 0.046234130859375
740 0.04581652581691742
741 0.048607464879751205
742 0.05136172100901604
743 0.045488014817237854
744 0.045312874019145966
745 0.04525934159755707
746 0.046652037650346756
747 0.04727211967110634
748 0.047998107969760895
749 0.0475626140832901
750 0.04409836605191231
751 0.048856839537620544
752 0.046395231038331985
753 0.04690716415643692
754 0.0452488474547863
755 0.04664209112524986
756 0.04733169823884964
757 0.04670596122741699
758 0.0464916005730629
759 0.04361305758357048
760 0.048826202750205994
761 0.0460333377122879
762 0.04350179806351662
763 0.046231742948293686
764 0.048964980989694595
765 0.047908782958984375
766 0.04571074992418289
767 0.05027776211500168
768 0.04315202683210373
769 0.04278123378753662
770 0.04490531608462334
771 0.04610844701528549
772 0.04749622195959091
773 0.04639345407485962
774 0.04416099190711975
775 0.04104266315698624
776 0.048268042504787445
777 0.04523374140262604
778 0.04760073497891426
779 0.04450330510735512
780 0.045715950429439545
781 0.04280678555369377
782 0.041593439877033234
783 0.04261711612343788
784 0.043872274458408356
785 0.04355873912572861
786 0.04400136321783066
787 0.04823920130729675
788 0.04568507522344589
789 0.045974310487508774
790 0.0460285060107708
791 0.05049347132444382
792 0.04626675695180893
793 0.045227814465761185
794 0.040560804307460785
795 0.04622955247759819
796 0.04615141451358795
797 0.04430193454027176
798 0.0456547811627388
799 0.04482489451766014
800 0.04280458763241768
