1 1.3791459798812866
2 1.213270902633667
3 1.000550389289856
4 0.873533308506012
5 1.103022575378418
6 0.8657134175300598
7 0.8266947269439697
8 0.80547696352005
9 0.8172126412391663
10 0.8211984634399414
11 0.8428699970245361
12 0.8079710602760315
13 0.8006193041801453
14 0.7910465002059937
15 0.7760050296783447
16 0.7998823523521423
17 0.7659447193145752
18 0.7864887118339539
19 0.8337351083755493
20 0.79686439037323
21 0.7911089062690735
22 0.7901915311813354
23 0.7912442088127136
24 0.8528376221656799
25 0.9238417744636536
26 1.226136565208435
27 1.0052504539489746
28 0.8024932742118835
29 0.7976769208908081
30 0.7920650243759155
31 0.7931674122810364
32 0.7702515125274658
33 0.7955073118209839
34 0.8376539349555969
35 0.8000703454017639
36 0.8011011481285095
37 0.7984552979469299
38 0.8483371734619141
39 0.7752928137779236
40 0.7750870585441589
41 1.1679284572601318
42 0.8698155879974365
43 0.8012118935585022
44 0.8135650753974915
45 0.8616524338722229
46 0.762726902961731
47 0.778523325920105
48 0.7849482893943787
49 0.8560665845870972
50 0.7934219241142273
51 0.7928789258003235
52 0.79029780626297
53 0.8098067045211792
54 0.815207302570343
55 0.7879254221916199
56 0.8009371161460876
57 0.829992949962616
58 0.8000685572624207
59 0.8222871422767639
60 0.7568767666816711
61 0.8189258575439453
62 0.8150516748428345
63 0.9062826037406921
64 1.267717719078064
65 1.256039023399353
66 1.2641727924346924
67 1.2017054557800293
68 1.019986867904663
69 0.8055822253227234
70 0.7740263938903809
71 0.8443210124969482
72 0.7710720896720886
73 0.7777791619300842
74 0.8255753517150879
75 0.818519651889801
76 0.8153343796730042
77 1.0910298824310303
78 1.270792841911316
79 1.254172444343567
80 1.2458617687225342
81 1.2189048528671265
82 1.1443008184432983
83 0.8426260352134705
84 0.8179531693458557
85 0.862921953201294
86 0.7897417545318604
87 0.9163102507591248
88 1.0067942142486572
89 0.8095386028289795
90 0.7831348180770874
91 0.8482858538627625
92 0.759898841381073
93 0.8090356588363647
94 0.8165160417556763
95 0.7756405472755432
96 0.7953083515167236
97 0.8300573825836182
98 0.9685242772102356
99 0.8485856056213379
100 0.8114240169525146
101 0.7891921997070312
102 0.7878223657608032
103 0.7927601933479309
104 0.8429624438285828
105 0.8154144883155823
106 0.7877370715141296
107 0.843701183795929
108 0.7723516225814819
109 0.7963914275169373
110 0.8068937659263611
111 0.7890177965164185
112 0.7612225413322449
113 0.8103934526443481
114 0.7974896430969238
115 0.7981933951377869
116 0.7887423634529114
117 0.820331335067749
118 0.8729305863380432
119 0.8435764312744141
120 0.8490738868713379
121 0.7703883051872253
122 0.7989776730537415
123 0.7528783082962036
124 1.0111888647079468
125 1.055033564567566
126 0.8216344118118286
127 0.976918637752533
128 0.7975403070449829
129 0.7928697466850281
130 0.7999983429908752
131 0.8112775087356567
132 0.7760135531425476
133 0.7874879240989685
134 1.1746395826339722
135 1.1853218078613281
136 0.7708249092102051
137 0.7518661022186279
138 0.7707013487815857
139 0.8034972548484802
140 0.7953559756278992
141 0.7738925218582153
142 0.7932636141777039
143 0.8059824109077454
144 0.8093622922897339
145 0.7648732662200928
146 0.820706844329834
147 0.8514058589935303
148 0.7939039468765259
149 0.7761378884315491
150 0.785517156124115
151 0.7700463533401489
152 0.7600771188735962
153 0.8065733313560486
154 0.8034139275550842
155 0.7995202541351318
156 0.7832879424095154
157 0.8268436789512634
158 0.7768692970275879
159 0.7924526929855347
160 0.852301299571991
161 1.0149378776550293
162 0.793373167514801
163 0.8102306723594666
164 0.8240744471549988
165 0.7526138424873352
166 0.7869173884391785
167 0.8295780420303345
168 0.8132674098014832
169 0.7741842865943909
170 0.8205251097679138
171 0.8086670637130737
172 0.7884610891342163
173 0.7675133347511292
174 0.8301287889480591
175 0.8001955151557922
176 0.808800220489502
177 0.8671198487281799
178 0.7707973718643188
179 0.7971896529197693
180 0.8240627646446228
181 0.8018090724945068
182 0.9471771717071533
183 0.9303088784217834
184 0.8108533620834351
185 0.8043532967567444
186 0.7820560932159424
187 0.8280110359191895
188 0.7484300136566162
189 0.7905310988426208
190 0.8047470450401306
191 0.7983463406562805
192 0.8310807347297668
193 1.001505970954895
194 1.2893259525299072
195 1.260593295097351
196 1.2407467365264893
197 1.1707921028137207
198 0.8951297402381897
199 0.8341801166534424
200 0.8690730333328247
