1 1.2628405094146729
2 1.2256969213485718
3 1.2270493507385254
4 1.3081303834915161
5 1.232365369796753
6 1.2340856790542603
7 1.2202558517456055
8 1.2465828657150269
9 1.2119102478027344
10 1.2243908643722534
11 1.2260353565216064
12 1.251526951789856
13 1.2555140256881714
14 1.2322500944137573
15 1.2311246395111084
16 1.228474736213684
17 1.2361897230148315
18 1.247930884361267
19 1.2295054197311401
20 1.2338231801986694
21 1.2151942253112793
22 1.2437797784805298
23 1.2390809059143066
24 1.23660147190094
25 1.241013526916504
26 1.239402413368225
27 1.2197755575180054
28 1.2368736267089844
29 1.2731056213378906
30 1.2215867042541504
31 1.228175163269043
32 1.2380634546279907
33 1.2329550981521606
34 1.2458128929138184
35 1.2300773859024048
36 1.2210462093353271
37 1.2517976760864258
38 1.229106068611145
39 1.2210475206375122
40 1.2574886083602905
41 1.2325657606124878
42 1.245022177696228
43 1.2391616106033325
44 1.2519457340240479
45 1.2255032062530518
46 1.2423720359802246
47 1.227716326713562
48 1.2284477949142456
49 1.2221615314483643
50 1.2203164100646973
51 1.2332403659820557
52 1.24119234085083
53 1.2497262954711914
54 1.2375448942184448
55 1.2432150840759277
56 1.2424408197402954
57 1.2429285049438477
58 1.2490525245666504
59 1.2501062154769897
60 1.2317718267440796
61 1.260365605354309
62 1.2309012413024902
63 1.2499173879623413
64 1.2273664474487305
65 1.2112171649932861
66 1.2382729053497314
67 1.2157979011535645
68 1.253980040550232
69 1.2536590099334717
70 1.2278743982315063
71 1.2381223440170288
72 1.2536194324493408
73 1.24104642868042
74 1.2318624258041382
75 1.2357177734375
76 1.2305636405944824
77 1.2126526832580566
78 1.226666808128357
79 1.2290441989898682
80 1.2329481840133667
81 1.2294635772705078
82 1.2377339601516724
83 1.2670056819915771
84 1.2400338649749756
85 1.2212390899658203
86 1.2452366352081299
87 1.2491364479064941
88 1.2569210529327393
89 1.2459033727645874
90 1.2296102046966553
91 1.233258843421936
92 1.2588919401168823
93 1.2344266176223755
94 1.2257046699523926
95 1.2249454259872437
96 1.2259937524795532
97 1.2207860946655273
98 1.2211968898773193
99 1.232820987701416
100 1.2281444072723389
101 1.229858636856079
102 1.2411832809448242
103 1.2273114919662476
104 1.2502163648605347
105 1.2630726099014282
106 1.224515676498413
107 1.21920907497406
108 1.2365620136260986
109 1.2215763330459595
110 1.2419716119766235
111 1.238515019416809
112 1.2455594539642334
113 1.2383480072021484
114 1.2414253950119019
115 1.2304726839065552
116 1.2415640354156494
117 1.246420979499817
118 1.2177656888961792
119 1.2126778364181519
120 1.2610963582992554
121 1.276531457901001
122 1.2425611019134521
123 1.2217170000076294
124 1.2138826847076416
125 1.253584384918213
126 1.2518463134765625
127 1.2281956672668457
128 1.2690006494522095
129 1.2341010570526123
130 1.2322107553482056
131 1.2318419218063354
132 1.2328097820281982
133 1.2324309349060059
134 1.2299473285675049
135 1.2285455465316772
136 1.2323733568191528
137 1.2405282258987427
138 1.2443573474884033
139 1.2339451313018799
140 1.2268317937850952
141 1.2240924835205078
142 1.2415658235549927
143 1.2441643476486206
144 1.2548751831054688
145 1.214455008506775
146 1.2527532577514648
147 1.2239444255828857
148 1.220895528793335
149 1.2561544179916382
150 1.249342918395996
151 1.213875651359558
152 1.2242989540100098
153 1.2426791191101074
154 1.2162463665008545
155 1.2356878519058228
156 1.2348889112472534
157 1.2329082489013672
158 1.2328753471374512
159 1.2342017889022827
160 1.242326259613037
161 1.2318693399429321
162 1.2396138906478882
163 1.2245948314666748
164 1.2560679912567139
165 1.2348724603652954
166 1.2210789918899536
167 1.2332674264907837
168 1.2217512130737305
169 1.2503292560577393
170 1.2372151613235474
171 1.2187553644180298
172 1.2355223894119263
173 1.2239494323730469
174 1.2362511157989502
175 1.2325016260147095
176 1.2745542526245117
177 1.241512417793274
178 1.2247073650360107
179 1.2299835681915283
180 1.2437776327133179
181 1.2340888977050781
182 1.2289483547210693
183 1.2357046604156494
184 1.2346910238265991
185 1.2334803342819214
186 1.248417615890503
187 1.2284271717071533
188 1.2557400465011597
189 1.3059145212173462
190 1.2247552871704102
191 1.2373466491699219
192 1.244214415550232
193 1.2362115383148193
194 1.233320951461792
195 1.2448806762695312
196 1.2259304523468018
197 1.235379934310913
198 1.2381035089492798
199 1.2317094802856445
200 1.2435754537582397
201 1.241357684135437
202 1.2520521879196167
203 1.2316161394119263
204 1.2343684434890747
205 1.2313042879104614
206 1.2351504564285278
207 1.2354562282562256
208 1.2424019575119019
209 1.2271734476089478
210 1.2339719533920288
211 1.2273619174957275
212 1.236192226409912
213 1.2200524806976318
214 1.2390493154525757
215 1.2214019298553467
216 1.2497366666793823
217 1.2417181730270386
218 1.2262582778930664
219 1.2410855293273926
220 1.255265235900879
221 1.2427701950073242
222 1.2492091655731201
223 1.2429465055465698
224 1.245568871498108
225 1.2303740978240967
226 1.231581211090088
227 1.2487601041793823
228 1.243727207183838
229 1.23379385471344
230 1.2257059812545776
231 1.219326138496399
232 1.2364535331726074
233 1.25626802444458
234 1.2685140371322632
235 1.259577751159668
236 1.2273097038269043
237 1.2531557083129883
238 1.2306257486343384
239 1.2192026376724243
240 1.2278525829315186
241 1.2490501403808594
242 1.2496460676193237
243 1.2421377897262573
244 1.2146531343460083
245 1.2350201606750488
246 1.2259427309036255
247 1.2337043285369873
248 1.2286186218261719
249 1.256344199180603
250 1.2310117483139038
251 1.2600589990615845
252 1.2417901754379272
253 1.247115969657898
254 1.220546841621399
255 1.2296022176742554
256 1.2264348268508911
257 1.228399395942688
258 1.228577971458435
259 1.2276573181152344
260 1.2330211400985718
261 1.2384834289550781
262 1.2349001169204712
263 1.235509991645813
264 1.212099313735962
265 1.2202796936035156
266 1.2320436239242554
267 1.2385575771331787
268 1.218222975730896
269 1.2281746864318848
270 1.2379270792007446
271 1.275803565979004
272 1.2420375347137451
273 1.2548062801361084
274 1.2256319522857666
275 1.2204166650772095
276 1.224915862083435
277 1.2582135200500488
278 1.241591215133667
279 1.218328833580017
280 1.2396869659423828
281 1.2346004247665405
282 1.2611576318740845
283 1.236333966255188
284 1.2418190240859985
285 1.2468526363372803
286 1.2315280437469482
287 1.2284643650054932
288 1.2303956747055054
289 1.258019208908081
290 1.2217823266983032
291 1.2457855939865112
292 1.2236864566802979
293 1.2573893070220947
294 1.2769439220428467
295 1.2279752492904663
296 1.2304681539535522
297 1.2638874053955078
298 1.2074025869369507
299 1.2565481662750244
300 1.248721718788147
301 1.2335138320922852
302 1.2184274196624756
303 1.219595193862915
304 1.240769386291504
305 1.2376453876495361
306 1.2278684377670288
307 1.2356981039047241
308 1.2497984170913696
309 1.2251901626586914
310 1.2366231679916382
311 1.2376211881637573
312 1.2373604774475098
313 1.226898193359375
314 1.2448822259902954
315 1.2184975147247314
316 1.224626898765564
317 1.2275184392929077
318 1.2354629039764404
319 1.2454280853271484
320 1.236000418663025
321 1.2333896160125732
322 1.236006736755371
323 1.2339611053466797
324 1.2448400259017944
325 1.2506743669509888
326 1.2162320613861084
327 1.2428898811340332
328 1.2531195878982544
329 1.2340912818908691
330 1.2387324571609497
331 1.2364671230316162
332 1.2383229732513428
333 1.2345812320709229
334 1.2252063751220703
335 1.2243589162826538
336 1.235543966293335
337 1.229230284690857
338 1.2274062633514404
339 1.2300927639007568
340 1.244619369506836
341 1.258244514465332
342 1.248550534248352
343 1.241645336151123
344 1.2354388236999512
345 1.2615816593170166
346 1.2355691194534302
347 1.2402070760726929
348 1.2481868267059326
349 1.2332831621170044
350 1.2485008239746094
351 1.2346090078353882
352 1.245793342590332
353 1.2311701774597168
354 1.2531089782714844
355 1.2394273281097412
356 1.2304672002792358
357 1.2396646738052368
358 1.2587684392929077
359 1.2394349575042725
360 1.263383388519287
361 1.2354137897491455
362 1.2232918739318848
363 1.2427492141723633
364 1.2512894868850708
365 1.2321133613586426
366 1.246692419052124
367 1.257546067237854
368 1.247736930847168
369 1.2309985160827637
370 1.235802173614502
371 1.2222309112548828
372 1.2211973667144775
373 1.212396264076233
374 1.2624207735061646
375 1.2438278198242188
376 1.2366019487380981
377 1.2294896841049194
378 1.240882158279419
379 1.2227356433868408
380 1.2201039791107178
381 1.2389477491378784
382 1.2308012247085571
383 1.2227534055709839
384 1.2581770420074463
385 1.245355486869812
386 1.2240550518035889
387 1.2351669073104858
388 1.2484203577041626
389 1.2271283864974976
390 1.2232776880264282
391 1.2373909950256348
392 1.2217222452163696
393 1.2185101509094238
394 1.2364718914031982
395 1.2232213020324707
396 1.229398488998413
397 1.269403338432312
398 1.2299126386642456
399 1.2345484495162964
400 1.2454768419265747
401 1.2205573320388794
402 1.2337640523910522
403 1.25137460231781
404 1.2197359800338745
405 1.2304972410202026
406 1.2529304027557373
407 1.2404698133468628
408 1.21875
409 1.2204909324645996
410 1.2459771633148193
411 1.250048041343689
412 1.232704520225525
413 1.238885521888733
414 1.232411503791809
415 1.2656385898590088
416 1.2295503616333008
417 1.2522586584091187
418 1.2441105842590332
419 1.2904622554779053
420 1.233098030090332
421 1.2390966415405273
422 1.2348004579544067
423 1.2265459299087524
424 1.2351840734481812
425 1.230613112449646
426 1.2133593559265137
427 1.244523525238037
428 1.2265822887420654
429 1.2796449661254883
430 1.2459204196929932
431 1.2295620441436768
432 1.2300012111663818
433 1.2393276691436768
434 1.2162503004074097
435 1.2219607830047607
436 1.2458668947219849
437 1.2344468832015991
438 1.2557495832443237
439 1.2128114700317383
440 1.2580503225326538
441 1.2424839735031128
442 1.2168445587158203
443 1.2509948015213013
444 1.2194969654083252
445 1.2285218238830566
446 1.2204281091690063
447 1.2430483102798462
448 1.2309715747833252
449 1.2607814073562622
450 1.2229115962982178
451 1.2526928186416626
452 1.2267311811447144
453 1.2425589561462402
454 1.2556531429290771
455 1.2202324867248535
456 1.2386983633041382
457 1.2163640260696411
458 1.2168995141983032
459 1.21896231174469
460 1.2315866947174072
461 1.2543939352035522
462 1.24445641040802
463 1.242227554321289
464 1.2352960109710693
465 1.2596004009246826
466 1.2418725490570068
467 1.2540366649627686
468 1.2258155345916748
469 1.225419282913208
470 1.2377716302871704
471 1.2397781610488892
472 1.2199269533157349
473 1.2359669208526611
474 1.2333781719207764
475 1.2339272499084473
476 1.234861969947815
477 1.2558213472366333
478 1.2526803016662598
479 1.232811689376831
480 1.2302871942520142
481 1.2326569557189941
482 1.2353522777557373
483 1.2336480617523193
484 1.241318941116333
485 1.2345422506332397
486 1.255597710609436
487 1.2428280115127563
488 1.224778413772583
489 1.2314528226852417
490 1.2526966333389282
491 1.2511886358261108
492 1.2380164861679077
493 1.2326302528381348
494 1.2147513628005981
495 1.2351350784301758
496 1.244513988494873
497 1.2176004648208618
498 1.2532737255096436
499 1.2334932088851929
500 1.2238246202468872
501 1.234545111656189
502 1.2322348356246948
503 1.238652229309082
504 1.2354551553726196
505 1.2240583896636963
506 1.252488374710083
507 1.251643180847168
508 1.2281149625778198
509 1.228510856628418
510 1.2249164581298828
511 1.2521759271621704
512 1.2770811319351196
513 1.2471747398376465
514 1.268282413482666
515 1.24143648147583
516 1.230546236038208
517 1.2181427478790283
518 1.2352101802825928
519 1.2287989854812622
520 1.217205286026001
521 1.243901252746582
522 1.2391911745071411
523 1.2348251342773438
524 1.2365612983703613
525 1.2293881177902222
526 1.2400827407836914
527 1.2339026927947998
528 1.2398964166641235
529 1.2314550876617432
530 1.2334086894989014
531 1.2291821241378784
532 1.2284880876541138
533 1.2522308826446533
534 1.2325600385665894
535 1.2499022483825684
536 1.2276909351348877
537 1.2290277481079102
538 1.2270790338516235
539 1.2314765453338623
540 1.238459587097168
541 1.2286573648452759
542 1.240340232849121
543 1.230886697769165
544 1.262912631034851
545 1.2231335639953613
546 1.2439793348312378
547 1.2490348815917969
548 1.2431851625442505
549 1.233388900756836
550 1.2222280502319336
551 1.2240945100784302
552 1.2597155570983887
553 1.25007963180542
554 1.2505006790161133
555 1.2428135871887207
556 1.2234610319137573
557 1.2338093519210815
558 1.247920274734497
559 1.2477041482925415
560 1.234187364578247
561 1.2575767040252686
562 1.2284690141677856
563 1.2109789848327637
564 1.2164418697357178
565 1.247718095779419
566 1.233852505683899
567 1.2158945798873901
568 1.2420483827590942
569 1.2484854459762573
570 1.237764596939087
571 1.2530628442764282
572 1.2430901527404785
573 1.2529627084732056
574 1.2262824773788452
575 1.2260417938232422
576 1.2428994178771973
577 1.2370398044586182
578 1.2331738471984863
579 1.2196885347366333
580 1.2319170236587524
581 1.2326762676239014
582 1.2489023208618164
583 1.2358653545379639
584 1.2172788381576538
585 1.2327182292938232
586 1.2326849699020386
587 1.2206366062164307
588 1.222615361213684
589 1.2249627113342285
590 1.2241904735565186
591 1.240356683731079
592 1.2339165210723877
593 1.2387057542800903
594 1.2305595874786377
595 1.2346888780593872
596 1.2312690019607544
597 1.2304080724716187
598 1.2414923906326294
599 1.2247542142868042
600 1.2135844230651855
601 1.2373379468917847
602 1.2580894231796265
603 1.2496914863586426
604 1.2307181358337402
605 1.2395355701446533
606 1.241192102432251
607 1.2223752737045288
608 1.2154438495635986
609 1.2343275547027588
610 1.2253791093826294
611 1.2338801622390747
612 1.2377070188522339
613 1.2404203414916992
614 1.217436671257019
615 1.2404756546020508
616 1.2324334383010864
617 1.2207106351852417
618 1.2349344491958618
619 1.233985424041748
620 1.2385567426681519
621 1.2510215044021606
622 1.2386925220489502
623 1.241416335105896
624 1.2251249551773071
625 1.2436729669570923
626 1.2615855932235718
627 1.2209924459457397
628 1.2456129789352417
629 1.2325176000595093
630 1.2251712083816528
631 1.2350736856460571
632 1.2278114557266235
633 1.2327264547348022
634 1.2274233102798462
635 1.2263680696487427
636 1.2333139181137085
637 1.2274595499038696
638 1.2372277975082397
639 1.244938611984253
640 1.2390824556350708
641 1.2381072044372559
642 1.2483798265457153
643 1.2256989479064941
644 1.2358489036560059
645 1.2369331121444702
646 1.2521555423736572
647 1.2645879983901978
648 1.2375774383544922
649 1.2420454025268555
650 1.2180123329162598
651 1.2199386358261108
652 1.2288196086883545
653 1.2291264533996582
654 1.26801598072052
655 1.2560042142868042
656 1.2256155014038086
657 1.2445091009140015
658 1.2257753610610962
659 1.2138776779174805
660 1.2313364744186401
661 1.2265641689300537
662 1.2336680889129639
663 1.2168141603469849
664 1.235397219657898
665 1.223704218864441
666 1.2296655178070068
667 1.2445722818374634
668 1.2377206087112427
669 1.2225857973098755
670 1.233163833618164
671 1.2319118976593018
672 1.2662053108215332
673 1.2293766736984253
674 1.2535425424575806
675 1.224749207496643
676 1.2361980676651
677 1.2229361534118652
678 1.216774582862854
679 1.2220745086669922
680 1.2325410842895508
681 1.2209810018539429
682 1.2258471250534058
683 1.2157037258148193
684 1.2327587604522705
685 1.2519418001174927
686 1.2287284135818481
687 1.2481802701950073
688 1.2349780797958374
689 1.23307466506958
690 1.2412985563278198
691 1.2365617752075195
692 1.2340155839920044
693 1.2404335737228394
694 1.2399870157241821
695 1.2210643291473389
696 1.226959466934204
697 1.2501845359802246
698 1.2223042249679565
699 1.22385573387146
700 1.2277134656906128
701 1.215308666229248
702 1.2217419147491455
703 1.24274480342865
704 1.2487927675247192
705 1.2389322519302368
706 1.2308545112609863
707 1.2492042779922485
708 1.2293810844421387
709 1.220351219177246
710 1.2211734056472778
711 1.2366445064544678
712 1.2316828966140747
713 1.2194249629974365
714 1.2371737957000732
715 1.251846194267273
716 1.2441688776016235
717 1.228890061378479
718 1.2354867458343506
719 1.2289581298828125
720 1.273484230041504
721 1.2241191864013672
722 1.2336032390594482
723 1.2401642799377441
724 1.2282685041427612
725 1.248508095741272
726 1.2220983505249023
727 1.2462607622146606
728 1.231013536453247
729 1.257912516593933
730 1.2300803661346436
731 1.2243072986602783
732 1.2396188974380493
733 1.2293574810028076
734 1.2680736780166626
735 1.2522542476654053
736 1.2549495697021484
737 1.2324354648590088
738 1.239953875541687
739 1.2322109937667847
740 1.2422213554382324
741 1.224150538444519
742 1.2270174026489258
743 1.2231513261795044
744 1.2303457260131836
745 1.266719102859497
746 1.2494730949401855
747 1.227220892906189
748 1.2375985383987427
749 1.2263319492340088
750 1.2409275770187378
751 1.2381668090820312
752 1.243340015411377
753 1.241699457168579
754 1.2393702268600464
755 1.235564112663269
756 1.2277095317840576
757 1.2223931550979614
758 1.2130110263824463
759 1.2453714609146118
760 1.2547677755355835
761 1.227678656578064
762 1.2412915229797363
763 1.2421046495437622
764 1.246948480606079
765 1.2572323083877563
766 1.2385077476501465
767 1.240485429763794
768 1.2314151525497437
769 1.2251286506652832
770 1.2471939325332642
771 1.2335827350616455
772 1.2387524843215942
773 1.2204477787017822
774 1.2346175909042358
775 1.2298609018325806
776 1.250734806060791
777 1.2302100658416748
778 1.2570971250534058
779 1.2221455574035645
780 1.2446504831314087
781 1.233850121498108
782 1.224267840385437
783 1.245469331741333
784 1.224155068397522
785 1.2382242679595947
786 1.22903573513031
787 1.2369451522827148
788 1.2220958471298218
789 1.2238065004348755
790 1.2418022155761719
791 1.2337223291397095
792 1.2404125928878784
793 1.2485811710357666
794 1.243208408355713
795 1.2267348766326904
796 1.2453348636627197
797 1.2262202501296997
798 1.232322096824646
799 1.2397162914276123
800 1.2618073225021362
