1 1.2027119398117065
2 1.1741926670074463
3 1.158807396888733
4 1.1306560039520264
5 1.0885052680969238
6 1.0336369276046753
7 0.9785255193710327
8 0.9249939322471619
9 0.8806791305541992
10 0.8423526883125305
11 0.804358720779419
12 0.7745133638381958
13 0.7449666261672974
14 0.7192304134368896
15 0.6949942708015442
16 0.6735743880271912
17 0.6530377268791199
18 0.6362537145614624
19 0.6182946562767029
20 0.6014947295188904
21 0.586347758769989
22 0.570875883102417
23 0.5587001442909241
24 0.5455552339553833
25 0.5319480895996094
26 0.5208202004432678
27 0.5084280967712402
28 0.49725428223609924
29 0.4850432574748993
30 0.4747467339038849
31 0.46316227316856384
32 0.45169222354888916
33 0.4398917853832245
34 0.4310961961746216
35 0.42150065302848816
36 0.4105473458766937
37 0.40107330679893494
38 0.3918585479259491
39 0.3830074965953827
40 0.37527143955230713
41 0.3664855360984802
42 0.3567222058773041
43 0.35025545954704285
44 0.3437105715274811
45 0.3366084098815918
46 0.330130398273468
47 0.3240932524204254
48 0.3179774582386017
49 0.3121907114982605
50 0.3070363700389862
51 0.3006388247013092
52 0.29619041085243225
53 0.2914685606956482
54 0.28614726662635803
55 0.28175848722457886
56 0.27915364503860474
57 0.27387189865112305
58 0.27193334698677063
59 0.268731951713562
60 0.2625059485435486
61 0.2610671818256378
62 0.25905442237854004
63 0.254795640707016
64 0.25206300616264343
65 0.24790917336940765
66 0.24606125056743622
67 0.2434736043214798
68 0.24136057496070862
69 0.23714987933635712
70 0.236758753657341
71 0.2337266057729721
72 0.2327260971069336
73 0.2295096069574356
74 0.2282332330942154
75 0.226287379860878
76 0.22237291932106018
77 0.22204580903053284
78 0.22027377784252167
79 0.21686525642871857
80 0.21713751554489136
81 0.21403640508651733
82 0.21290823817253113
83 0.2110908478498459
84 0.210727259516716
85 0.20794476568698883
86 0.20636050403118134
87 0.20558086037635803
88 0.20323382318019867
89 0.2028481662273407
90 0.20176011323928833
91 0.19955483078956604
92 0.19828768074512482
93 0.19735382497310638
94 0.19651465117931366
95 0.19562092423439026
96 0.19405469298362732
97 0.1923529952764511
98 0.191341370344162
99 0.1906466782093048
100 0.18929769098758698
101 0.18893809616565704
102 0.18753361701965332
103 0.18618014454841614
104 0.18471841514110565
105 0.1828911006450653
106 0.18154491484165192
107 0.18287377059459686
108 0.1814059615135193
109 0.18166638910770416
110 0.1793535202741623
111 0.17881470918655396
112 0.1783808171749115
113 0.17767536640167236
114 0.176743283867836
115 0.1757749617099762
116 0.1738070845603943
117 0.17323654890060425
118 0.1728292554616928
119 0.1707865446805954
120 0.1704680621623993
121 0.16922128200531006
122 0.1691846400499344
123 0.1672990620136261
124 0.1673232913017273
125 0.16615881025791168
126 0.1661471724510193
127 0.16546155512332916
128 0.1626465916633606
129 0.16539941728115082
130 0.16274791955947876
131 0.16123659908771515
132 0.16220588982105255
133 0.1606353223323822
134 0.159459188580513
135 0.1596994251012802
136 0.15783248841762543
137 0.15651381015777588
138 0.15749457478523254
139 0.15622958540916443
140 0.1553235501050949
141 0.1555538773536682
142 0.1537434160709381
143 0.15288586914539337
144 0.15214456617832184
145 0.1518832892179489
146 0.15004856884479523
147 0.14987091720104218
148 0.1493208259344101
149 0.148263618350029
150 0.146692156791687
151 0.14517733454704285
152 0.1464087814092636
153 0.14424395561218262
154 0.14501458406448364
155 0.14462874829769135
156 0.14253537356853485
157 0.1417696624994278
158 0.14077061414718628
159 0.14086280763149261
160 0.14018413424491882
161 0.13857685029506683
162 0.13840216398239136
163 0.1374785453081131
164 0.13698740303516388
165 0.13830259442329407
166 0.13605310022830963
167 0.13460682332515717
168 0.13517703115940094
169 0.13309994339942932
170 0.13402573764324188
171 0.1328490525484085
172 0.13334329426288605
173 0.1321329027414322
174 0.13066847622394562
175 0.13085044920444489
176 0.12997083365917206
177 0.12856577336788177
178 0.1290706992149353
179 0.12738372385501862
180 0.1281517744064331
181 0.1274462342262268
182 0.12711201608181
183 0.12721969187259674
184 0.12440335750579834
185 0.1250613033771515
186 0.12379557639360428
187 0.1244269609451294
188 0.12385527789592743
189 0.12354164570569992
190 0.12441994994878769
191 0.12198733538389206
192 0.12234632670879364
193 0.12120501697063446
194 0.1192612573504448
195 0.12003584951162338
196 0.1199602410197258
197 0.12070300430059433
198 0.12059319019317627
199 0.11986277997493744
200 0.11969851702451706
201 0.11826580762863159
202 0.11686553806066513
203 0.11726216226816177
204 0.11664022505283356
205 0.11728627234697342
206 0.1159641295671463
207 0.11632751673460007
208 0.11495544016361237
209 0.11433440446853638
210 0.11449453234672546
211 0.11476082354784012
212 0.11507904529571533
213 0.11402491480112076
214 0.11604364216327667
215 0.11207067221403122
216 0.11288034915924072
217 0.1125827431678772
218 0.11185157299041748
219 0.11176896840333939
220 0.11046507954597473
221 0.11090222746133804
222 0.11131373047828674
223 0.10911373049020767
224 0.1103091835975647
225 0.10849184542894363
226 0.10931713134050369
227 0.10899627208709717
228 0.1091402918100357
229 0.10797566175460815
230 0.10826237499713898
231 0.10772740840911865
232 0.10910222679376602
233 0.10694123804569244
234 0.1072809025645256
235 0.10695822536945343
236 0.10625815391540527
237 0.10557540506124496
238 0.10586689412593842
239 0.10446885228157043
240 0.10478624701499939
241 0.10537229478359222
242 0.10463201254606247
243 0.1038026213645935
244 0.1044507846236229
245 0.10461799055337906
246 0.10353713482618332
247 0.10285552591085434
248 0.10366792976856232
249 0.10272761434316635
250 0.10215472429990768
251 0.10153048485517502
252 0.10180529206991196
253 0.10105829685926437
254 0.10270524770021439
255 0.10217052698135376
256 0.10130281746387482
257 0.10105274617671967
258 0.10136587172746658
259 0.10022835433483124
260 0.09998778253793716
261 0.09984652698040009
262 0.1001807376742363
263 0.09963173419237137
264 0.09879913926124573
265 0.09845460951328278
266 0.0989665687084198
267 0.09816893935203552
268 0.0984259843826294
269 0.09779726713895798
270 0.09837602823972702
271 0.09833890944719315
272 0.09792600572109222
273 0.09660790115594864
274 0.09727033227682114
275 0.09753930568695068
276 0.09721951186656952
277 0.09520740807056427
278 0.09585278481245041
279 0.09825208783149719
280 0.09509443491697311
281 0.09632378071546555
282 0.09561760723590851
283 0.09623485803604126
284 0.09509552270174026
285 0.09587538242340088
286 0.09434320777654648
287 0.09462667256593704
288 0.09375409036874771
289 0.09495490789413452
290 0.09395411610603333
291 0.09480230510234833
292 0.09373222291469574
293 0.09305315464735031
294 0.09226260334253311
295 0.09345521032810211
296 0.0930451899766922
297 0.09256844967603683
298 0.09153148531913757
299 0.09203699976205826
300 0.09135829657316208
301 0.09190944582223892
302 0.0930481031537056
303 0.0917498990893364
304 0.09272411465644836
305 0.09051203727722168
306 0.09034215658903122
307 0.09155316650867462
308 0.09056316316127777
309 0.09200459718704224
310 0.0901184156537056
311 0.08992350101470947
312 0.0898403748869896
313 0.09192001819610596
314 0.0907311886548996
315 0.08954932540655136
316 0.08912444114685059
317 0.08880645036697388
318 0.08966871351003647
319 0.08878709375858307
320 0.08865009993314743
321 0.08955628424882889
322 0.08745265752077103
323 0.08923543989658356
324 0.0876927524805069
325 0.08765089511871338
326 0.08861181139945984
327 0.08715007454156876
328 0.08856818079948425
329 0.08712688833475113
330 0.08770819008350372
331 0.08694609999656677
332 0.08866361528635025
333 0.08677450567483902
334 0.08550803363323212
335 0.08567085862159729
336 0.08707480132579803
337 0.08697935938835144
338 0.08500847220420837
339 0.08496272563934326
340 0.08591701835393906
341 0.08523797243833542
342 0.08416646718978882
343 0.0847788006067276
344 0.08588847517967224
345 0.08635790646076202
346 0.08522988855838776
347 0.08582565188407898
348 0.0836881771683693
349 0.08548782020807266
350 0.08462794125080109
351 0.08437883108854294
352 0.08429227769374847
353 0.08370598405599594
354 0.08329757302999496
355 0.08402993530035019
356 0.08594965189695358
357 0.08436021208763123
358 0.08297977596521378
359 0.08497974276542664
360 0.08238893747329712
361 0.08276580274105072
362 0.08186260610818863
363 0.08401411771774292
364 0.08194131404161453
365 0.08253676444292068
366 0.08400309085845947
367 0.08171267062425613
368 0.08158376812934875
369 0.08173885941505432
370 0.08205738663673401
371 0.0804484486579895
372 0.08185841888189316
373 0.08181476593017578
374 0.08042287081480026
375 0.08054100722074509
376 0.08257953077554703
377 0.08130192011594772
378 0.08110412210226059
379 0.08060616254806519
380 0.08073645830154419
381 0.08044570684432983
382 0.08120238780975342
383 0.07950913906097412
384 0.07995650172233582
385 0.07922365516424179
386 0.08040206879377365
387 0.07868202030658722
388 0.07974685728549957
389 0.07963977009057999
390 0.07824075222015381
391 0.07928624749183655
392 0.07838134467601776
393 0.0787007212638855
394 0.07943455874919891
395 0.07750610262155533
396 0.07856462150812149
397 0.07857519388198853
398 0.0780986100435257
399 0.07840859144926071
400 0.0776548981666565
401 0.07852672040462494
402 0.07866635918617249
403 0.07755124568939209
404 0.07755041867494583
405 0.07850390672683716
406 0.07816144824028015
407 0.07728569209575653
408 0.07746560126543045
409 0.0772060751914978
410 0.0772332027554512
411 0.07609517127275467
412 0.07727079093456268
413 0.07762914896011353
414 0.076575368642807
415 0.07611360400915146
416 0.07839548587799072
417 0.07707047462463379
418 0.07599516212940216
419 0.0761222392320633
420 0.07721402496099472
421 0.07742813974618912
422 0.07582792639732361
423 0.07540744543075562
424 0.07424172013998032
425 0.07552298158407211
426 0.07419528067111969
427 0.07636357098817825
428 0.07489626109600067
429 0.0741937905550003
430 0.0743832066655159
431 0.07479911297559738
432 0.07403752207756042
433 0.07381322234869003
434 0.07487039268016815
435 0.0735783502459526
436 0.07401421666145325
437 0.07463059574365616
438 0.07371549308300018
439 0.07331164926290512
440 0.07434538006782532
441 0.07377024739980698
442 0.07388877868652344
443 0.07212311774492264
444 0.07449660450220108
445 0.07442782819271088
446 0.073574960231781
447 0.07284551858901978
448 0.07278415560722351
449 0.0737244263291359
450 0.07373512536287308
451 0.07414528727531433
452 0.07389333099126816
453 0.07275594770908356
454 0.07277762144804001
455 0.07412827759981155
456 0.07224598526954651
457 0.0727287158370018
458 0.07297333329916
459 0.07092253863811493
460 0.07222118228673935
461 0.07238198816776276
462 0.07154488563537598
463 0.07175952196121216
464 0.07203620672225952
465 0.07143016904592514
466 0.07173627614974976
467 0.07075561583042145
468 0.07057218253612518
469 0.0712895393371582
470 0.07189799845218658
471 0.07205090671777725
472 0.0709720104932785
473 0.07117489725351334
474 0.07053530216217041
475 0.07101491093635559
476 0.07139107584953308
477 0.07219183444976807
478 0.07017296552658081
479 0.07082408666610718
480 0.07152104377746582
481 0.06987090408802032
482 0.06914088875055313
483 0.07029297202825546
484 0.06935092061758041
485 0.06964298337697983
486 0.07032083719968796
487 0.07089802622795105
488 0.07034074515104294
489 0.07059548050165176
490 0.06807497143745422
491 0.07182861119508743
492 0.06985200196504593
493 0.06927946954965591
494 0.0703456774353981
495 0.06864706426858902
496 0.06849083304405212
497 0.06875737011432648
498 0.06879653036594391
499 0.0697699710726738
500 0.06969040632247925
501 0.06776564568281174
502 0.06895817071199417
503 0.06803836673498154
504 0.06805402040481567
505 0.0695914626121521
506 0.06727973371744156
507 0.06731259822845459
508 0.06827856600284576
509 0.0684325098991394
510 0.06715738028287888
511 0.06781011074781418
512 0.0685531422495842
513 0.06802117079496384
514 0.06822533905506134
515 0.06877090781927109
516 0.06629287451505661
517 0.06767192482948303
518 0.06659968942403793
519 0.0672408938407898
520 0.06643959879875183
521 0.06873086094856262
522 0.06834132969379425
523 0.06720396876335144
524 0.06770820915699005
525 0.0658816397190094
526 0.0683256983757019
527 0.06689844280481339
528 0.06607252359390259
529 0.0660269558429718
530 0.06771954894065857
531 0.06568564474582672
532 0.06676505506038666
533 0.06563099473714828
534 0.06724921613931656
535 0.06616473942995071
536 0.06540507078170776
537 0.06529119610786438
538 0.06651728600263596
539 0.06545314192771912
540 0.06606360524892807
541 0.06665187329053879
542 0.06561179459095001
543 0.06526569277048111
544 0.06613902747631073
545 0.06615487486124039
546 0.06453171372413635
547 0.06465181708335876
548 0.06439317762851715
549 0.06557778269052505
550 0.06551611423492432
551 0.06440582126379013
552 0.06642366200685501
553 0.06495847553014755
554 0.06588868796825409
555 0.06515113264322281
556 0.06526440382003784
557 0.0663604736328125
558 0.06603609025478363
559 0.06416693329811096
560 0.0639803484082222
561 0.06487118452787399
562 0.06442288309335709
563 0.06366699188947678
564 0.06512356549501419
565 0.0635966882109642
566 0.06513519585132599
567 0.06303765624761581
568 0.06300822645425797
569 0.06376198679208755
570 0.06337510794401169
571 0.06397054344415665
572 0.06563754379749298
573 0.06319622695446014
574 0.06328262388706207
575 0.062286943197250366
576 0.06250015646219254
577 0.06479503214359283
578 0.0637672021985054
579 0.06452493369579315
580 0.0622183158993721
581 0.06236310303211212
582 0.06302919238805771
583 0.06331825256347656
584 0.06484654545783997
585 0.06280288100242615
586 0.06255817413330078
587 0.06380680203437805
588 0.0610099732875824
589 0.061310864984989166
590 0.0635327473282814
591 0.06329172849655151
592 0.062338028103113174
593 0.06318970024585724
594 0.06299327313899994
595 0.06192489340901375
596 0.061600349843502045
597 0.06144482642412186
598 0.06163083016872406
599 0.06208048760890961
600 0.06217729300260544
601 0.0635194405913353
602 0.061068758368492126
603 0.061786700040102005
604 0.06337336450815201
605 0.062332261353731155
606 0.06153194233775139
607 0.062433190643787384
608 0.06245638057589531
609 0.062505342066288
610 0.061953701078891754
611 0.061628472059965134
612 0.06237170100212097
613 0.06097973510622978
614 0.06301639974117279
615 0.061871133744716644
616 0.06110915169119835
617 0.059997133910655975
618 0.061851296573877335
619 0.059848587960004807
620 0.0607619509100914
621 0.061328962445259094
622 0.06205744668841362
623 0.061470262706279755
624 0.06134379655122757
625 0.05995769798755646
626 0.0598633736371994
627 0.06052476912736893
628 0.06185566633939743
629 0.0601031631231308
630 0.06117108836770058
631 0.062065865844488144
632 0.058708593249320984
633 0.06122492253780365
634 0.0597483292222023
635 0.05914108082652092
636 0.06005439907312393
637 0.06175895407795906
638 0.05990958958864212
639 0.05933251976966858
640 0.060217756778001785
641 0.05969217047095299
642 0.05904534459114075
643 0.05923345312476158
644 0.05845781788229942
645 0.05899961665272713
646 0.05802556499838829
647 0.06055406853556633
648 0.05881921574473381
649 0.05805334448814392
650 0.05962274968624115
651 0.05902870371937752
652 0.05961472913622856
653 0.05805986374616623
654 0.06196027994155884
655 0.0580950602889061
656 0.05854179337620735
657 0.05822905898094177
658 0.060895077884197235
659 0.05919329822063446
660 0.05863616243004799
661 0.05991566181182861
662 0.05932782217860222
663 0.05930434539914131
664 0.05889446288347244
665 0.059210795909166336
666 0.0587075874209404
667 0.059027861803770065
668 0.058466438204050064
669 0.05727161094546318
670 0.05757485330104828
671 0.05867498740553856
672 0.05889907106757164
673 0.05757211893796921
674 0.057179879397153854
675 0.057644329965114594
676 0.05892946943640709
677 0.05872531607747078
678 0.05744175612926483
679 0.05791384354233742
680 0.05761854723095894
681 0.058779917657375336
682 0.056851502507925034
683 0.05868092179298401
684 0.058252789080142975
685 0.05813681706786156
686 0.05832085758447647
687 0.056740857660770416
688 0.05749642848968506
689 0.05810687318444252
690 0.0577620305120945
691 0.055582065135240555
692 0.05753789469599724
693 0.05716008320450783
694 0.05822581425309181
695 0.05700819566845894
696 0.056820355355739594
697 0.05737100914120674
698 0.056683897972106934
699 0.05790748447179794
700 0.05775038152933121
701 0.05726953223347664
702 0.058232713490724564
703 0.057459764182567596
704 0.0555366612970829
705 0.058050476014614105
706 0.05772658437490463
707 0.05558796972036362
708 0.05629251152276993
709 0.056756556034088135
710 0.056644927710294724
711 0.0555926188826561
712 0.05601499602198601
713 0.0568261556327343
714 0.05732442066073418
715 0.056301601231098175
716 0.05636131763458252
717 0.05676330253481865
718 0.05664800480008125
719 0.056380677968263626
720 0.056547753512859344
721 0.05549420043826103
722 0.055173829197883606
723 0.05620512738823891
724 0.056398022919893265
725 0.05599014461040497
726 0.05516188591718674
727 0.05460408329963684
728 0.05504687502980232
729 0.056146349757909775
730 0.05487269163131714
731 0.05501231551170349
732 0.05552566051483154
733 0.05521146208047867
734 0.05740823969244957
735 0.05648717284202576
736 0.055519625544548035
737 0.0565476268529892
738 0.05439108982682228
739 0.056191761046648026
740 0.05539434403181076
741 0.05564923956990242
742 0.05485215038061142
743 0.054232530295848846
744 0.056292224675416946
745 0.056528978049755096
746 0.054801080375909805
747 0.05443008244037628
748 0.05561329424381256
749 0.05469102784991264
750 0.05620800331234932
751 0.05549364909529686
752 0.05581660196185112
753 0.05551033467054367
754 0.05438615009188652
755 0.05539591982960701
756 0.05538605526089668
757 0.05429300665855408
758 0.05451126769185066
759 0.05472807213664055
760 0.0548362098634243
761 0.0548807717859745
762 0.05487678572535515
763 0.052910905331373215
764 0.05373226851224899
765 0.05463454872369766
766 0.05397343635559082
767 0.05499473959207535
768 0.05362880975008011
769 0.05405789613723755
770 0.05461972951889038
771 0.05486616864800453
772 0.05561584606766701
773 0.05499571934342384
774 0.054218776524066925
775 0.0535200834274292
776 0.053909096866846085
777 0.05477786436676979
778 0.053946059197187424
779 0.05297764018177986
780 0.05490240454673767
781 0.054259561002254486
782 0.05385027453303337
783 0.0540999211370945
784 0.0538310706615448
785 0.0542079396545887
786 0.05358182638883591
787 0.053395550698041916
788 0.05356797203421593
789 0.05237051099538803
790 0.053180091083049774
791 0.05331626534461975
792 0.053715381771326065
793 0.05277257040143013
794 0.05276923254132271
795 0.05251963809132576
796 0.054360002279281616
797 0.05133481323719025
798 0.05381881073117256
799 0.052124373614788055
800 0.05287111923098564
