1 1.2337218523025513
2 1.12702476978302
3 1.0645486116409302
4 0.9939489960670471
5 0.9271748065948486
6 0.8605850338935852
7 0.8061847686767578
8 0.7540861368179321
9 0.7070282101631165
10 0.665477991104126
11 0.6306502819061279
12 0.601955235004425
13 0.5794987678527832
14 0.5437045693397522
15 0.5206000208854675
16 0.5020041465759277
17 0.4793360233306885
18 0.45719924569129944
19 0.4393109083175659
20 0.4192955195903778
21 0.4057299792766571
22 0.38787728548049927
23 0.37435638904571533
24 0.36462265253067017
25 0.34666332602500916
26 0.3357037901878357
27 0.32478901743888855
28 0.3159896731376648
29 0.30433690547943115
30 0.2939338982105255
31 0.28479140996932983
32 0.2778256833553314
33 0.27085456252098083
34 0.26117682456970215
35 0.2569524645805359
36 0.24995790421962738
37 0.24424152076244354
38 0.23780396580696106
39 0.2331312745809555
40 0.22949275374412537
41 0.22489966452121735
42 0.22223109006881714
43 0.21778994798660278
44 0.21180042624473572
45 0.20783255994319916
46 0.2042274922132492
47 0.2006874829530716
48 0.19634829461574554
49 0.19705726206302643
50 0.19269050657749176
51 0.18816199898719788
52 0.18631058931350708
53 0.18243278563022614
54 0.18276578187942505
55 0.17682020366191864
56 0.17738422751426697
57 0.17345120012760162
58 0.17054884135723114
59 0.1697428673505783
60 0.1677968055009842
61 0.16601581871509552
62 0.16547250747680664
63 0.16503775119781494
64 0.15718044340610504
65 0.15964828431606293
66 0.1575508415699005
67 0.15379220247268677
68 0.1540873944759369
69 0.15516521036624908
70 0.1495974361896515
71 0.1473449468612671
72 0.15241101384162903
73 0.1461324244737625
74 0.14602769911289215
75 0.14295996725559235
76 0.14353007078170776
77 0.14152756333351135
78 0.14215923845767975
79 0.14014632999897003
80 0.1391228288412094
81 0.1368168294429779
82 0.13460494577884674
83 0.13479743897914886
84 0.13460396230220795
85 0.1336367279291153
86 0.13490676879882812
87 0.1295168399810791
88 0.13098789751529694
89 0.13048259913921356
90 0.13094986975193024
91 0.12812872231006622
92 0.12926870584487915
93 0.12520484626293182
94 0.12644770741462708
95 0.12450970709323883
96 0.1263817697763443
97 0.1241321712732315
98 0.12481804192066193
99 0.11993910372257233
100 0.12274152785539627
101 0.11800141632556915
102 0.11832798272371292
103 0.11786571890115738
104 0.11725335568189621
105 0.11601334065198898
106 0.11795684695243835
107 0.1184924840927124
108 0.11743125319480896
109 0.1181337982416153
110 0.11701736599206924
111 0.11308322846889496
112 0.11342232674360275
113 0.1155468225479126
114 0.11530369520187378
115 0.11305993795394897
116 0.11194488406181335
117 0.11327683925628662
118 0.11158786714076996
119 0.1101369634270668
120 0.11176715791225433
121 0.1079612523317337
122 0.10715032368898392
123 0.10916796326637268
124 0.10735680162906647
125 0.10786491632461548
126 0.10837306827306747
127 0.10660432279109955
128 0.10677623003721237
129 0.1044401153922081
130 0.10648127645254135
131 0.10282500833272934
132 0.1055578887462616
133 0.10267315804958344
134 0.105818971991539
135 0.10604886710643768
136 0.10269934684038162
137 0.10152553021907806
138 0.10306400060653687
139 0.10129718482494354
140 0.10280010849237442
141 0.09847310930490494
142 0.10090242326259613
143 0.10033664852380753
144 0.10127619653940201
145 0.09838549792766571
146 0.09878319501876831
147 0.09815619140863419
148 0.09926020354032516
149 0.09847907721996307
150 0.09935175627470016
151 0.09840839356184006
152 0.09710701555013657
153 0.09717746824026108
154 0.09614700078964233
155 0.09574857354164124
156 0.09685071557760239
157 0.09515359997749329
158 0.09631622582674026
159 0.09845783561468124
160 0.09364990144968033
161 0.09503822773694992
162 0.09634771943092346
163 0.0947222113609314
164 0.09289054572582245
165 0.0919046401977539
166 0.09131316840648651
167 0.09097958356142044
168 0.093428835272789
169 0.09429576992988586
170 0.09253577142953873
171 0.0918051078915596
172 0.09184237569570541
173 0.09285882860422134
174 0.0904451534152031
175 0.09037226438522339
176 0.08971893042325974
177 0.09039749950170517
178 0.0892651230096817
179 0.0906195417046547
180 0.08984843641519547
181 0.09123875200748444
182 0.08811953663825989
183 0.08784586936235428
184 0.08976054936647415
185 0.0891050174832344
186 0.08744685351848602
187 0.08624011278152466
188 0.08443763107061386
189 0.08900905400514603
190 0.08768262714147568
191 0.08726777881383896
192 0.08920503407716751
193 0.08451690524816513
194 0.08752168715000153
195 0.08749297261238098
196 0.08621861785650253
197 0.08470552414655685
198 0.08856029808521271
199 0.08501286059617996
200 0.08492925763130188
