1 1.1914286613464355
2 1.1272183656692505
3 1.0662201642990112
4 0.9965920448303223
5 0.9246630668640137
6 0.8623973727226257
7 0.8041055798530579
8 0.7494931221008301
9 0.7028404474258423
10 0.6627963781356812
11 0.6254489421844482
12 0.5939207077026367
13 0.5604955554008484
14 0.5338447690010071
15 0.5079319477081299
16 0.486140638589859
17 0.46150654554367065
18 0.44273585081100464
19 0.4226071834564209
20 0.4029892385005951
21 0.3860491216182709
22 0.36987441778182983
23 0.355760782957077
24 0.34300002455711365
25 0.32999053597450256
26 0.31740352511405945
27 0.3065354824066162
28 0.29806339740753174
29 0.2892422676086426
30 0.2808792293071747
31 0.2719990015029907
32 0.2646216154098511
33 0.25751861929893494
34 0.25232112407684326
35 0.2451118528842926
36 0.2430826723575592
37 0.23559319972991943
38 0.2296527475118637
39 0.22450187802314758
40 0.22253569960594177
41 0.2158602923154831
42 0.2128385454416275
43 0.2087368220090866
44 0.20515328645706177
45 0.20105214416980743
46 0.19815745949745178
47 0.1932084858417511
48 0.19152720272541046
49 0.1885126829147339
50 0.18752431869506836
51 0.18403838574886322
52 0.1812753528356552
53 0.17810527980327606
54 0.17501723766326904
55 0.17448902130126953
56 0.1685410887002945
57 0.1695134937763214
58 0.167618528008461
59 0.16538092494010925
60 0.16049844026565552
61 0.16450375318527222
62 0.1605065017938614
63 0.1592540144920349
64 0.15880194306373596
65 0.15349522233009338
66 0.15445728600025177
67 0.1531432718038559
68 0.152532696723938
69 0.14986392855644226
70 0.14736191928386688
71 0.14755414426326752
72 0.14244253933429718
73 0.14581023156642914
74 0.14280395209789276
75 0.14080002903938293
76 0.13764744997024536
77 0.13899683952331543
78 0.1378120332956314
79 0.13707032799720764
80 0.1375599503517151
81 0.13418608903884888
82 0.1331443190574646
83 0.1326734870672226
84 0.1311265081167221
85 0.1297500878572464
86 0.1311826854944229
87 0.13021869957447052
88 0.12738201022148132
89 0.1278689205646515
90 0.12485215067863464
91 0.12420661002397537
92 0.1262483447790146
93 0.1252979040145874
94 0.12453816086053848
95 0.12146121263504028
96 0.12213655561208725
97 0.12063373625278473
98 0.1219959706068039
99 0.12028473615646362
100 0.11934121698141098
101 0.11869880557060242
102 0.1186654269695282
103 0.1181093156337738
104 0.11576460301876068
105 0.1156768873333931
106 0.11401495337486267
107 0.11619993299245834
108 0.11321259289979935
109 0.11265774816274643
110 0.11187905073165894
111 0.11061950027942657
112 0.11134648323059082
113 0.11130949854850769
114 0.10996274650096893
115 0.10902335494756699
116 0.11025683581829071
117 0.10852447152137756
118 0.10949057340621948
119 0.10758199542760849
120 0.10687246173620224
121 0.1070951297879219
122 0.1061626747250557
123 0.10754861682653427
124 0.10649261623620987
125 0.10440032184123993
126 0.10571828484535217
127 0.10357183963060379
128 0.10434550791978836
129 0.10306276381015778
130 0.10293354094028473
131 0.10250966995954514
132 0.10176891833543777
133 0.10253074020147324
134 0.10306250303983688
135 0.09987045079469681
136 0.10017002373933792
137 0.09853814542293549
138 0.09960835427045822
139 0.09943365305662155
140 0.10040178894996643
141 0.0977480560541153
142 0.09924080967903137
143 0.0989026427268982
144 0.09977226704359055
145 0.09570647776126862
146 0.09847093373537064
147 0.09592064470052719
148 0.0970652773976326
149 0.09658508747816086
150 0.09414726495742798
151 0.09498877078294754
152 0.09323694556951523
153 0.09397823363542557
154 0.09443925321102142
155 0.0942830964922905
156 0.0932309553027153
157 0.09475500136613846
158 0.09338819235563278
159 0.08998949080705643
160 0.09497852623462677
161 0.09108225256204605
162 0.09374497085809708
163 0.0922912210226059
164 0.0918634682893753
165 0.09262169897556305
166 0.09095551073551178
167 0.09133557975292206
168 0.09042874723672867
169 0.09013049304485321
170 0.09020881354808807
171 0.08891532570123672
172 0.0882391557097435
173 0.09003989398479462
174 0.08913173526525497
175 0.08725544810295105
176 0.0885278582572937
177 0.08659371733665466
178 0.08983266353607178
179 0.08749379962682724
180 0.08762357383966446
181 0.08705244958400726
182 0.08657585084438324
183 0.08535701036453247
184 0.08537272363901138
185 0.0869356319308281
186 0.08477149158716202
187 0.08529286086559296
188 0.08613178879022598
189 0.08590246737003326
190 0.08470083773136139
191 0.08493305742740631
192 0.08430354297161102
193 0.08441250026226044
194 0.08447061479091644
195 0.08259023725986481
196 0.08331609517335892
197 0.08271493762731552
198 0.08317562937736511
199 0.08467772603034973
200 0.08445795625448227
201 0.0842931792140007
202 0.0811086967587471
203 0.08126053214073181
204 0.08205269277095795
205 0.08110965043306351
206 0.08227663487195969
207 0.0815640464425087
208 0.08017322421073914
209 0.08072404563426971
210 0.07916305959224701
211 0.07880182564258575
212 0.0792325958609581
213 0.080185167491436
214 0.08031518012285233
215 0.07992349565029144
216 0.0770346000790596
217 0.07975886762142181
218 0.0813816636800766
219 0.07923389971256256
220 0.08035192638635635
221 0.07902419567108154
222 0.07822255045175552
223 0.07804866135120392
224 0.07981113344430923
225 0.07733798772096634
226 0.07825183868408203
227 0.07714150100946426
228 0.07726290076971054
229 0.07588406652212143
230 0.07786113023757935
231 0.07501710206270218
232 0.07694042474031448
233 0.07697208225727081
234 0.07576730102300644
235 0.0762195959687233
236 0.07641063630580902
237 0.07659799605607986
238 0.07745561748743057
239 0.07698161900043488
240 0.07797987014055252
241 0.0747104361653328
242 0.07489495724439621
243 0.0763196349143982
244 0.0742478296160698
245 0.07494623959064484
246 0.0743936076760292
247 0.07636399567127228
248 0.07294384390115738
249 0.07309506833553314
250 0.07384361326694489
251 0.07406149059534073
252 0.07600709795951843
253 0.07215449959039688
254 0.0744423046708107
255 0.07313799113035202
256 0.07555803656578064
257 0.07085131108760834
258 0.07289260625839233
259 0.07183647900819778
260 0.07321721315383911
261 0.0744500681757927
262 0.07217321544885635
263 0.07248488068580627
264 0.07045632600784302
265 0.07299623638391495
266 0.0734410211443901
267 0.07106903940439224
268 0.0725165531039238
269 0.07164790481328964
270 0.07138810306787491
271 0.07116411626338959
272 0.072168730199337
273 0.07199083268642426
274 0.07257165014743805
275 0.07120626419782639
276 0.07056721299886703
277 0.07009844481945038
278 0.06976030766963959
279 0.06946010887622833
280 0.06887463480234146
281 0.07050072401762009
282 0.0689203217625618
283 0.06928793340921402
284 0.0706678181886673
285 0.06975094228982925
286 0.0688287615776062
287 0.07042505592107773
288 0.06850351393222809
289 0.07033506780862808
290 0.06927165389060974
291 0.06713902950286865
292 0.0684724673628807
293 0.06920119374990463
294 0.06958060711622238
295 0.0691591426730156
296 0.06978555023670197
297 0.06510359793901443
298 0.06654731929302216
299 0.06841626763343811
300 0.06736472994089127
301 0.0705711767077446
302 0.06940475851297379
303 0.06773744523525238
304 0.06950738281011581
305 0.06628832966089249
306 0.0671255886554718
307 0.06766628473997116
308 0.06647450476884842
309 0.06737088412046432
310 0.06642463803291321
311 0.0632915273308754
312 0.06626860052347183
313 0.06722455471754074
314 0.06764940172433853
315 0.06645127385854721
316 0.06744395196437836
317 0.06826037168502808
318 0.06557611376047134
319 0.06668073683977127
320 0.0650932714343071
321 0.06787948310375214
322 0.06595398485660553
323 0.06482759118080139
324 0.06472058594226837
325 0.06521708518266678
326 0.06315603107213974
327 0.06503402441740036
328 0.0655844509601593
329 0.06597258895635605
330 0.06615354865789413
331 0.06502848118543625
332 0.06548842042684555
333 0.06469090282917023
334 0.06419321894645691
335 0.06392375379800797
336 0.0622180812060833
337 0.06449459493160248
338 0.06501155346632004
339 0.06503273546695709
340 0.06258398294448853
341 0.06616247445344925
342 0.06376054883003235
343 0.06362937390804291
344 0.06203898787498474
345 0.06323330104351044
346 0.06080572307109833
347 0.06317044049501419
348 0.06280820071697235
349 0.062353864312171936
350 0.06545080244541168
351 0.06316571682691574
352 0.061905499547719955
353 0.0601174458861351
354 0.06435444951057434
355 0.0629330426454544
356 0.06183069944381714
357 0.06433916836977005
358 0.06041863560676575
359 0.06371934711933136
360 0.06127246469259262
361 0.06311508268117905
362 0.06304383277893066
363 0.06125912815332413
364 0.061698224395513535
365 0.06226165220141411
366 0.06078719347715378
367 0.059249285608530045
368 0.0628124251961708
369 0.061390649527311325
370 0.061692964285612106
371 0.06120400130748749
372 0.062285058200359344
373 0.060259681195020676
374 0.06098996102809906
375 0.06196751445531845
376 0.060541048645973206
377 0.059161555022001266
378 0.059145618230104446
379 0.06016281619668007
380 0.06316187232732773
381 0.059077247977256775
382 0.06034131720662117
383 0.06096227839589119
384 0.0608682818710804
385 0.06063050776720047
386 0.06028277426958084
387 0.06049681454896927
388 0.06151765584945679
389 0.05897633358836174
390 0.05947943404316902
391 0.058967433869838715
392 0.05967377498745918
393 0.059218212962150574
394 0.059982411563396454
395 0.05918218195438385
396 0.059999678283929825
397 0.06189563497900963
398 0.060781385749578476
399 0.05689659342169762
400 0.06123950332403183
401 0.058643653988838196
402 0.05806436762213707
403 0.06055491417646408
404 0.058549851179122925
405 0.05784720927476883
406 0.05608446151018143
407 0.058378275483846664
408 0.060349561274051666
409 0.05847993865609169
410 0.059573154896497726
411 0.05671679973602295
412 0.058737706393003464
413 0.058941371738910675
414 0.05893184617161751
415 0.05950482189655304
416 0.05849387124180794
417 0.05811462551355362
418 0.056061238050460815
419 0.057135626673698425
420 0.05936378985643387
421 0.0572858564555645
422 0.05630085617303848
423 0.05831959843635559
424 0.058781370520591736
425 0.06248414143919945
426 0.058091722428798676
427 0.05616886168718338
428 0.05812174081802368
429 0.0566130131483078
430 0.05689253658056259
431 0.05594008043408394
432 0.056710030883550644
433 0.05586574226617813
434 0.0557936429977417
435 0.05674847587943077
436 0.057876382023096085
437 0.058571163564920425
438 0.05597614496946335
439 0.05731611326336861
440 0.057108137756586075
441 0.05510612577199936
442 0.05567266047000885
443 0.05372069403529167
444 0.05750126391649246
445 0.0549442283809185
446 0.05659684166312218
447 0.05591066926717758
448 0.055050045251846313
449 0.056243836879730225
450 0.055584441870450974
451 0.05635935813188553
452 0.05790884792804718
453 0.05657357722520828
454 0.05622265115380287
455 0.054476991295814514
456 0.05605444312095642
457 0.05944882705807686
458 0.05578332766890526
459 0.05797472596168518
460 0.05649181455373764
461 0.05551712214946747
462 0.05429895222187042
463 0.054315853863954544
464 0.05553155019879341
465 0.05449073761701584
466 0.0562291294336319
467 0.05456230416893959
468 0.05418192222714424
469 0.05365438759326935
470 0.059096790850162506
471 0.0531642809510231
472 0.054754700511693954
473 0.05295863747596741
474 0.0558382049202919
475 0.053221967071294785
476 0.05233538895845413
477 0.05310459062457085
478 0.05296715721487999
479 0.05433740094304085
480 0.05305810645222664
481 0.0515974760055542
482 0.053903982043266296
483 0.05513882637023926
484 0.05424019321799278
485 0.053637780249118805
486 0.053120244294404984
487 0.053042154759168625
488 0.05291837453842163
489 0.053671687841415405
490 0.05382390692830086
491 0.053826555609703064
492 0.0535208098590374
493 0.05557285621762276
494 0.05552661046385765
495 0.052876636385917664
496 0.05406983941793442
497 0.05258921533823013
498 0.05099441856145859
499 0.05255788937211037
500 0.05132272467017174
501 0.05258069187402725
502 0.05537865683436394
503 0.05363936722278595
504 0.054698411375284195
505 0.05157044902443886
506 0.0540393628180027
507 0.05256813019514084
508 0.052007049322128296
509 0.05445142835378647
510 0.052842214703559875
511 0.05212659761309624
512 0.052650656551122665
513 0.051522549241781235
514 0.050964534282684326
515 0.05307580903172493
516 0.05152639374136925
517 0.0509069487452507
518 0.052313074469566345
519 0.04960671439766884
520 0.052947960793972015
521 0.05385640263557434
522 0.05154156684875488
523 0.05244515463709831
524 0.052702948451042175
525 0.05148513987660408
526 0.049965519458055496
527 0.05152048543095589
528 0.052172690629959106
529 0.049467988312244415
530 0.05255531892180443
531 0.051582030951976776
532 0.05254434049129486
533 0.050405438989400864
534 0.051976528018713
535 0.05123332515358925
536 0.053986791521310806
537 0.050061389803886414
538 0.05196429416537285
539 0.049508076161146164
540 0.04956584796309471
541 0.05237218737602234
542 0.050068844109773636
543 0.04977994039654732
544 0.050554871559143066
545 0.05187942460179329
546 0.04992883652448654
547 0.04967939481139183
548 0.05148128420114517
549 0.05131986737251282
550 0.05010322108864784
551 0.051192063838243484
552 0.0481017604470253
553 0.05080847814679146
554 0.05235227569937706
555 0.05306527018547058
556 0.05428466573357582
557 0.052892591804265976
558 0.04903271421790123
559 0.050411563366651535
560 0.05049329623579979
561 0.04951663315296173
562 0.05088663101196289
563 0.04969077557325363
564 0.04986998811364174
565 0.04885387420654297
566 0.0487867146730423
567 0.05166628956794739
568 0.047940805554389954
569 0.05038294568657875
570 0.049007318913936615
571 0.05145207792520523
572 0.05060173198580742
573 0.04830247908830643
574 0.04873520880937576
575 0.048775751143693924
576 0.051675960421562195
577 0.047535769641399384
578 0.053310785442590714
579 0.04868217930197716
580 0.048645004630088806
581 0.05080746114253998
582 0.04848549887537956
583 0.05008552595973015
584 0.048087023198604584
585 0.049677591770887375
586 0.050217464566230774
587 0.049846626818180084
588 0.048511046916246414
589 0.04576975479722023
590 0.04872056469321251
591 0.04691227152943611
592 0.048796214163303375
593 0.04651257395744324
594 0.051371075212955475
595 0.04685033857822418
596 0.046415507793426514
597 0.04942527413368225
598 0.04719245433807373
599 0.04797990247607231
600 0.048994507640600204
601 0.04827164113521576
602 0.05059809237718582
603 0.047286562621593475
604 0.04831217974424362
605 0.050583016127347946
606 0.047491397708654404
607 0.0496225580573082
608 0.04814634099602699
609 0.04857057332992554
610 0.04810313880443573
611 0.04969291761517525
612 0.050128526985645294
613 0.048967648297548294
614 0.04976583644747734
615 0.04963049292564392
616 0.04658827185630798
617 0.04549986124038696
618 0.04768761992454529
619 0.047148969024419785
620 0.046845369040966034
621 0.04869696497917175
622 0.04560041427612305
623 0.046374138444662094
624 0.04772091284394264
625 0.048673685640096664
626 0.04586899280548096
627 0.050066493451595306
628 0.047342006117105484
629 0.04747897386550903
630 0.048167578876018524
631 0.047240693122148514
632 0.04526574909687042
633 0.04721794277429581
634 0.047919705510139465
635 0.04662627354264259
636 0.046030499041080475
637 0.046142637729644775
638 0.04779454693198204
639 0.04533395916223526
640 0.048627473413944244
641 0.04940003901720047
642 0.048699915409088135
643 0.04684140160679817
644 0.04571671411395073
645 0.04676712676882744
646 0.0465395413339138
647 0.04877835512161255
648 0.0464518778026104
649 0.045889321714639664
650 0.04698283225297928
651 0.04732513427734375
652 0.047729916870594025
653 0.04730569198727608
654 0.046153709292411804
655 0.04477911815047264
656 0.04653367027640343
657 0.04643469303846359
658 0.047270774841308594
659 0.04689052700996399
660 0.04692021384835243
661 0.05143396183848381
662 0.04816753417253494
663 0.04679402336478233
664 0.04717506840825081
665 0.04660138115286827
666 0.0463656447827816
667 0.045014385133981705
668 0.0443972647190094
669 0.04608616232872009
670 0.048386696726083755
671 0.043122805655002594
672 0.04624028876423836
673 0.04391596466302872
674 0.04473239183425903
675 0.04476402699947357
676 0.04546297341585159
677 0.045965857803821564
678 0.04934956505894661
679 0.046589527279138565
680 0.04953864589333534
681 0.04581184685230255
682 0.046375323086977005
683 0.04607943072915077
684 0.045726679265499115
685 0.04405641183257103
686 0.04615715891122818
687 0.044180069118738174
688 0.04494578391313553
689 0.046555355191230774
690 0.045708902180194855
691 0.04602905362844467
692 0.04521722346544266
693 0.04435525834560394
694 0.044300831854343414
695 0.04751367121934891
696 0.04377908632159233
697 0.04522871598601341
698 0.04754018038511276
699 0.04348742961883545
700 0.044213149696588516
701 0.04870191216468811
702 0.04510628432035446
703 0.04349558800458908
704 0.046539030969142914
705 0.04421724006533623
706 0.044054239988327026
707 0.04295946657657623
708 0.043541084975004196
709 0.042645327746868134
710 0.04402772709727287
711 0.04336650297045708
712 0.04739958420395851
713 0.044223811477422714
714 0.045764219015836716
715 0.047534503042697906
716 0.04720909520983696
717 0.043152809143066406
718 0.04481508210301399
719 0.04446409270167351
720 0.04269585758447647
721 0.044577259570360184
722 0.04404320567846298
723 0.04504409804940224
724 0.0444880835711956
725 0.04399878904223442
726 0.04221031442284584
727 0.043803129345178604
728 0.04540347680449486
729 0.043661098927259445
730 0.04505907744169235
731 0.04812600463628769
732 0.04593122377991676
733 0.04345447197556496
734 0.04545464739203453
735 0.04384665936231613
736 0.041525255888700485
737 0.044360045343637466
738 0.04120853915810585
739 0.044245198369026184
740 0.04537048563361168
741 0.0423802025616169
742 0.041769687086343765
743 0.043229829519987106
744 0.04241757094860077
745 0.043660372495651245
746 0.04383609816431999
747 0.04195889085531235
748 0.04389225319027901
749 0.04502379149198532
750 0.04271891713142395
751 0.04344698786735535
752 0.047172632068395615
753 0.04453694447875023
754 0.045322395861148834
755 0.0443405844271183
756 0.04397515580058098
757 0.0433209091424942
758 0.04168296605348587
759 0.043710194528102875
760 0.047499679028987885
761 0.04644307866692543
762 0.04261372610926628
763 0.04291429743170738
764 0.04321517050266266
765 0.04507755488157272
766 0.044746000319719315
767 0.0416066013276577
768 0.04396549239754677
769 0.041688404977321625
770 0.04315287992358208
771 0.04658176377415657
772 0.042687129229307175
773 0.04396871477365494
774 0.044652100652456284
775 0.04178081080317497
776 0.04323915019631386
777 0.042196616530418396
778 0.04153839498758316
779 0.043871622532606125
780 0.04271551966667175
781 0.04130268841981888
782 0.043446872383356094
783 0.043665312230587006
784 0.041574716567993164
785 0.04316519945859909
786 0.04189068451523781
787 0.04320750758051872
788 0.04496583715081215
789 0.04224150627851486
790 0.04313526302576065
791 0.04265119880437851
792 0.042169153690338135
793 0.045078884810209274
794 0.04187962785363197
795 0.04480477049946785
796 0.04437650367617607
797 0.04466043785214424
798 0.04143645241856575
799 0.03996306657791138
800 0.042942266911268234
