1 1.2134274244308472
2 1.1570301055908203
3 1.1258453130722046
4 1.0846011638641357
5 1.0375959873199463
6 0.9906657338142395
7 0.9470774531364441
8 0.9073840379714966
9 0.8707529902458191
10 0.8364812135696411
11 0.8037876486778259
12 0.7734442949295044
13 0.7457500100135803
14 0.7188214659690857
15 0.6922991871833801
16 0.6699591875076294
17 0.6485735774040222
18 0.6287305355072021
19 0.6082943081855774
20 0.5916001796722412
21 0.5746795535087585
22 0.5596345663070679
23 0.545579195022583
24 0.5333293080329895
25 0.51845782995224
26 0.5079755187034607
27 0.49779853224754333
28 0.4856671988964081
29 0.4751144349575043
30 0.4637352526187897
31 0.454620897769928
32 0.4442107081413269
33 0.43454715609550476
34 0.42506518959999084
35 0.4133618474006653
36 0.4054744839668274
37 0.39460158348083496
38 0.38557273149490356
39 0.37625348567962646
40 0.3672524392604828
41 0.35893118381500244
42 0.350584477186203
43 0.341037392616272
44 0.3337843120098114
45 0.32732975482940674
46 0.31930819153785706
47 0.31221479177474976
48 0.3064621090888977
49 0.2996733784675598
50 0.2945746183395386
51 0.28815287351608276
52 0.28369805216789246
53 0.2776034474372864
54 0.27225467562675476
55 0.27010902762413025
56 0.263296902179718
57 0.2606099247932434
58 0.25615036487579346
59 0.2514350414276123
60 0.24705830216407776
61 0.2446320503950119
62 0.24002228677272797
63 0.23787906765937805
64 0.23485597968101501
65 0.23134125769138336
66 0.22776998579502106
67 0.22722113132476807
68 0.22193187475204468
69 0.2199174165725708
70 0.21772806346416473
71 0.21587395668029785
72 0.21273580193519592
73 0.20976710319519043
74 0.21054460108280182
75 0.2057962268590927
76 0.20396874845027924
77 0.20208865404129028
78 0.19930727779865265
79 0.19822579622268677
80 0.19527661800384521
81 0.19314852356910706
82 0.1912596970796585
83 0.19117040932178497
84 0.188317209482193
85 0.18689456582069397
86 0.18371640145778656
87 0.1845473200082779
88 0.18133407831192017
89 0.17951060831546783
90 0.1777631938457489
91 0.17621521651744843
92 0.17489993572235107
93 0.1724339872598648
94 0.1738063097000122
95 0.17234520614147186
96 0.16986067593097687
97 0.17096789181232452
98 0.168913796544075
99 0.1659201681613922
100 0.16516023874282837
101 0.1634378433227539
102 0.16357611119747162
103 0.16178354620933533
104 0.15951889753341675
105 0.15884770452976227
106 0.15891513228416443
107 0.15789832174777985
108 0.15589311718940735
109 0.15564818680286407
110 0.1537056416273117
111 0.15206938982009888
112 0.15078118443489075
113 0.15275472402572632
114 0.14936305582523346
115 0.14898304641246796
116 0.14846272766590118
117 0.14807437360286713
118 0.1462123692035675
119 0.14424438774585724
120 0.14488095045089722
121 0.14328737556934357
122 0.1430559605360031
123 0.14391681551933289
124 0.1412656009197235
125 0.14089229702949524
126 0.13971412181854248
127 0.1390525996685028
128 0.1390751600265503
129 0.13774791359901428
130 0.13756057620048523
131 0.1360492706298828
132 0.13504348695278168
133 0.13715840876102448
134 0.13549359142780304
135 0.13427558541297913
136 0.13317808508872986
137 0.13183705508708954
138 0.13186195492744446
139 0.13065105676651
140 0.13052178919315338
141 0.13067394495010376
142 0.1292019635438919
143 0.12725956737995148
144 0.12633758783340454
145 0.12784147262573242
146 0.12692391872406006
147 0.1266608089208603
148 0.12556028366088867
149 0.12518006563186646
150 0.12566165626049042
151 0.12496752291917801
152 0.12371804565191269
153 0.12283538281917572
154 0.122426837682724
155 0.1234264075756073
156 0.1218159943819046
157 0.12168698757886887
158 0.12107186764478683
159 0.11989494413137436
160 0.12000372260808945
161 0.11978839337825775
162 0.11858298629522324
163 0.11928307265043259
164 0.12008340656757355
165 0.11794523149728775
166 0.11716102063655853
167 0.11718520522117615
168 0.11736410856246948
169 0.11612538993358612
170 0.11581028252840042
171 0.11505553126335144
172 0.11576644331216812
173 0.11415476351976395
174 0.11372938007116318
175 0.11370419710874557
176 0.1131054162979126
177 0.1129397600889206
178 0.11202821880578995
179 0.11282681673765182
180 0.11205090582370758
181 0.11280010640621185
182 0.11273044347763062
183 0.11278051137924194
184 0.10989100486040115
185 0.11036183685064316
186 0.11065340042114258
187 0.11008482426404953
188 0.10981150716543198
189 0.10856540501117706
190 0.10839806497097015
191 0.11009413003921509
192 0.10811296105384827
193 0.10776781290769577
194 0.10743730515241623
195 0.10777494311332703
196 0.10766910761594772
197 0.10645774751901627
198 0.10647763311862946
199 0.10514535754919052
200 0.10604991018772125
201 0.10551890730857849
202 0.10563403367996216
203 0.10348021239042282
204 0.10310132056474686
205 0.10389065742492676
206 0.10428202152252197
207 0.10470651835203171
208 0.10497073829174042
209 0.1044134870171547
210 0.1034168154001236
211 0.10195835679769516
212 0.10270453989505768
213 0.10337929427623749
214 0.10167910158634186
215 0.10137560218572617
216 0.1016802042722702
217 0.10033011436462402
218 0.09953881800174713
219 0.10086824744939804
220 0.0988582968711853
221 0.09937865287065506
222 0.0999307781457901
223 0.09936747699975967
224 0.09927227348089218
225 0.10226798802614212
226 0.09898968040943146
227 0.09776724874973297
228 0.09831429272890091
229 0.09816044569015503
230 0.09846635162830353
231 0.09743921458721161
232 0.09827234596014023
233 0.09735679626464844
234 0.09756910055875778
235 0.09735499322414398
236 0.09672519564628601
237 0.09742893278598785
238 0.096716970205307
239 0.09485181421041489
240 0.09532245993614197
241 0.09377532452344894
242 0.09330248087644577
243 0.09639528393745422
244 0.09383317083120346
245 0.09334555268287659
246 0.09404191374778748
247 0.09573978185653687
248 0.09390851110219955
249 0.0934862568974495
250 0.09553740918636322
251 0.09278294444084167
252 0.09534446150064468
253 0.09267199039459229
254 0.09269998967647552
255 0.09150460362434387
256 0.09281843155622482
257 0.09177812933921814
258 0.09093426167964935
259 0.09142957627773285
260 0.09300113469362259
261 0.09239252656698227
262 0.09109745174646378
263 0.09052474051713943
264 0.09024044871330261
265 0.090361587703228
266 0.09214679896831512
267 0.08897380530834198
268 0.09067542850971222
269 0.08963658660650253
270 0.08911578357219696
271 0.08908482640981674
272 0.08929555118083954
273 0.0890970230102539
274 0.08939193189144135
275 0.09040341526269913
276 0.08934260159730911
277 0.08783872425556183
278 0.09146089106798172
279 0.08881911635398865
280 0.08690514415502548
281 0.08663037419319153
282 0.08792302012443542
283 0.08727540820837021
284 0.08641353249549866
285 0.08738165348768234
286 0.08696263283491135
287 0.08602271974086761
288 0.0869089812040329
289 0.087346650660038
290 0.08675407618284225
291 0.08786975592374802
292 0.08573935180902481
293 0.08644797652959824
294 0.08680587261915207
295 0.08527298271656036
296 0.0849582701921463
297 0.08535059541463852
298 0.08587993681430817
299 0.08535709977149963
300 0.08349674940109253
301 0.08546621352434158
302 0.08463012427091599
303 0.08746975660324097
304 0.0844297707080841
305 0.08695494383573532
306 0.08347082138061523
307 0.08497993648052216
308 0.08335673809051514
309 0.08587291836738586
310 0.08426522463560104
311 0.08354306221008301
312 0.08194166421890259
313 0.08215507119894028
314 0.08258283883333206
315 0.08209796994924545
316 0.08319748193025589
317 0.08219527453184128
318 0.08408820629119873
319 0.08241277933120728
320 0.08204560726881027
321 0.08276514708995819
322 0.08259604126214981
323 0.08272778242826462
324 0.08207996934652328
325 0.08178038150072098
326 0.08013606071472168
327 0.08127401769161224
328 0.07958802580833435
329 0.08071688562631607
330 0.08098425716161728
331 0.07919038832187653
332 0.08058381080627441
333 0.08143286406993866
334 0.08092493563890457
335 0.07997672259807587
336 0.08027276396751404
337 0.08084070682525635
338 0.08027535676956177
339 0.07926487177610397
340 0.07932943850755692
341 0.07880157232284546
342 0.07930245250463486
343 0.07909229397773743
344 0.07854291051626205
345 0.07883109897375107
346 0.0788617804646492
347 0.07924256473779678
348 0.07811848074197769
349 0.07927519083023071
350 0.07913916558027267
351 0.07866699993610382
352 0.07922229915857315
353 0.07843068987131119
354 0.07903075218200684
355 0.07739830762147903
356 0.07782605290412903
357 0.07694881409406662
358 0.0769302099943161
359 0.07799407839775085
360 0.07826262712478638
361 0.07737907022237778
362 0.07705319672822952
363 0.07514207065105438
364 0.07624682039022446
365 0.07812599837779999
366 0.0766303762793541
367 0.07507508248090744
368 0.07677164673805237
369 0.07518025487661362
370 0.07666628062725067
371 0.07521658390760422
372 0.0763690322637558
373 0.07618678361177444
374 0.07349386811256409
375 0.07582634687423706
376 0.07373134791851044
377 0.07693745195865631
378 0.07650814950466156
379 0.07669161260128021
380 0.07495665550231934
381 0.07570644468069077
382 0.0749773234128952
383 0.07470101863145828
384 0.07630754262208939
385 0.07487817108631134
386 0.07408207654953003
387 0.07695440948009491
388 0.07427862286567688
389 0.07410473376512527
390 0.0740835890173912
391 0.07376843690872192
392 0.07676859200000763
393 0.07422543317079544
394 0.07478316873311996
395 0.07369420677423477
396 0.07316504418849945
397 0.0734272450208664
398 0.07272917777299881
399 0.07279306650161743
400 0.07344629615545273
