1 1.2859493494033813
2 1.2361005544662476
3 1.2156420946121216
4 1.2317067384719849
5 1.3007291555404663
6 1.2804981470108032
7 1.2301721572875977
8 1.2292697429656982
9 1.235973596572876
10 1.240196704864502
11 1.222066044807434
12 1.2304654121398926
13 1.2214969396591187
14 1.2204535007476807
15 1.242924451828003
16 1.2232944965362549
17 1.2497960329055786
18 1.2094651460647583
19 1.2522530555725098
20 1.2545769214630127
21 1.2464599609375
22 1.2238961458206177
23 1.2240983247756958
24 1.22413170337677
25 1.2367055416107178
26 1.2269306182861328
27 1.2169280052185059
28 1.226718544960022
29 1.2396553754806519
30 1.2251348495483398
31 1.2340672016143799
32 1.2312895059585571
33 1.2571802139282227
34 1.2328312397003174
35 1.2327649593353271
36 1.231191635131836
37 1.2228039503097534
38 1.23090398311615
39 1.247427225112915
40 1.2404412031173706
41 1.2525222301483154
42 1.2296501398086548
43 1.2191827297210693
44 1.225679636001587
45 1.2249393463134766
46 1.2323501110076904
47 1.2372877597808838
48 1.230830192565918
49 1.2338979244232178
50 1.2465851306915283
51 1.2433733940124512
52 1.2296607494354248
53 1.234512209892273
54 1.2291045188903809
55 1.22981858253479
56 1.2328174114227295
57 1.2315855026245117
58 1.2333890199661255
59 1.2382111549377441
60 1.2409708499908447
61 1.2757104635238647
62 1.236032247543335
63 1.261832356452942
64 1.2497289180755615
65 1.2306852340698242
66 1.2440074682235718
67 1.2678780555725098
68 1.2234169244766235
69 1.2248094081878662
70 1.239292860031128
71 1.2520370483398438
72 1.2307798862457275
73 1.2212375402450562
74 1.231336236000061
75 1.2276337146759033
76 1.2389155626296997
77 1.2504924535751343
78 1.2267546653747559
79 1.2312740087509155
80 1.2183860540390015
81 1.2194080352783203
82 1.2461274862289429
83 1.228164792060852
84 1.2302303314208984
85 1.2188314199447632
86 1.2308998107910156
87 1.2452728748321533
88 1.2465683221817017
89 1.2316949367523193
90 1.2222517728805542
91 1.2187695503234863
92 1.242508888244629
93 1.2268041372299194
94 1.2181004285812378
95 1.2447328567504883
96 1.223936915397644
97 1.2373428344726562
98 1.246657133102417
99 1.2501200437545776
100 1.2296943664550781
101 1.2230170965194702
102 1.2534987926483154
103 1.2259377241134644
104 1.233200192451477
105 1.239338755607605
106 1.2364543676376343
107 1.2298035621643066
108 1.2456703186035156
109 1.2343008518218994
110 1.242444396018982
111 1.2332301139831543
112 1.218762755393982
113 1.23512601852417
114 1.2625662088394165
115 1.2303776741027832
116 1.271785020828247
117 1.2296231985092163
118 1.2316128015518188
119 1.237558364868164
120 1.225231409072876
121 1.2385228872299194
122 1.2312936782836914
123 1.2385220527648926
124 1.2306468486785889
125 1.2497165203094482
126 1.2496943473815918
127 1.247196912765503
128 1.2236634492874146
129 1.2457529306411743
130 1.2177566289901733
131 1.242606282234192
132 1.2276691198349
133 1.2166123390197754
134 1.2486252784729004
135 1.2392804622650146
136 1.2140434980392456
137 1.227592945098877
138 1.2236398458480835
139 1.2314852476119995
140 1.2287293672561646
141 1.2351257801055908
142 1.2261877059936523
143 1.2304714918136597
144 1.2379062175750732
145 1.2309699058532715
146 1.2405933141708374
147 1.2299634218215942
148 1.2350456714630127
149 1.2238653898239136
150 1.2251836061477661
151 1.223986268043518
152 1.2314517498016357
153 1.2340929508209229
154 1.232958197593689
155 1.2273820638656616
156 1.254845380783081
157 1.2243245840072632
158 1.2298327684402466
159 1.2407997846603394
160 1.2265111207962036
161 1.2335379123687744
162 1.2279865741729736
163 1.235686182975769
164 1.230909824371338
165 1.238297462463379
166 1.2249414920806885
167 1.2361716032028198
168 1.2272716760635376
169 1.2402212619781494
170 1.2412059307098389
171 1.243308424949646
172 1.2587703466415405
173 1.2376699447631836
174 1.2332960367202759
175 1.228527307510376
176 1.2329628467559814
177 1.2368965148925781
178 1.2715582847595215
179 1.2333217859268188
180 1.229014277458191
181 1.2725436687469482
182 1.2460285425186157
183 1.2666866779327393
184 1.2652760744094849
185 1.218848466873169
186 1.2176426649093628
187 1.2553061246871948
188 1.234142780303955
189 1.2287019491195679
190 1.2581641674041748
191 1.2481533288955688
192 1.2316306829452515
193 1.2508454322814941
194 1.246553659439087
195 1.2372716665267944
196 1.2270466089248657
197 1.2356613874435425
198 1.2230743169784546
199 1.2565821409225464
200 1.248685359954834
