1 1.272199034690857
2 1.5638872385025024
3 1.2346667051315308
4 1.234895944595337
5 1.271027684211731
6 1.2511969804763794
7 1.2478957176208496
8 1.2432292699813843
9 1.2535911798477173
10 1.2541285753250122
11 1.2452138662338257
12 1.2610282897949219
13 1.280373454093933
14 1.2453373670578003
15 1.2577871084213257
16 1.2412515878677368
17 1.254536747932434
18 1.26150643825531
19 1.2475165128707886
20 1.2564666271209717
21 1.257996916770935
22 1.266709566116333
23 1.2573753595352173
24 1.2754133939743042
25 1.2523273229599
26 1.2513657808303833
27 1.2603257894515991
28 1.263289451599121
29 1.2636327743530273
30 1.2610493898391724
31 1.2654154300689697
32 1.2618741989135742
33 1.2542905807495117
34 1.2424230575561523
35 1.2521278858184814
36 1.253943681716919
37 1.26743745803833
38 1.2527228593826294
39 1.2634857892990112
40 1.245126485824585
41 1.2561407089233398
42 1.2410118579864502
43 1.2588478326797485
44 1.2497071027755737
45 1.2475340366363525
46 1.2732501029968262
47 1.257636308670044
48 1.2540642023086548
49 1.2552157640457153
50 1.2677371501922607
51 1.2558544874191284
52 1.2604554891586304
53 1.2615463733673096
54 1.2670819759368896
55 1.2572828531265259
56 1.2347553968429565
57 1.2711936235427856
58 1.2649339437484741
59 1.252530574798584
60 1.2505180835723877
61 1.2570685148239136
62 1.2523566484451294
63 1.2671369314193726
64 1.2422442436218262
65 1.2691078186035156
66 1.2509437799453735
67 1.2465996742248535
68 1.2711763381958008
69 1.2697407007217407
70 1.274553656578064
71 1.2628464698791504
72 1.2561368942260742
73 1.258481502532959
74 1.2529884576797485
75 1.2596853971481323
76 1.252405047416687
77 1.2790533304214478
78 1.2468585968017578
79 1.2671486139297485
80 1.2539024353027344
81 1.2676864862442017
82 1.2451653480529785
83 1.2712748050689697
84 1.2694793939590454
85 1.2462828159332275
86 1.2797831296920776
87 1.2631767988204956
88 1.242340087890625
89 1.2357810735702515
90 1.267480492591858
91 1.2763481140136719
92 1.2658902406692505
93 1.265358328819275
94 1.2599034309387207
95 1.2512739896774292
96 1.260574221611023
97 1.267848014831543
98 1.251207709312439
99 1.2358726263046265
100 1.2710902690887451
101 1.2606074810028076
102 1.2600038051605225
103 1.2568082809448242
104 1.2467396259307861
105 1.2590404748916626
106 1.261592149734497
107 1.265390157699585
108 1.245643138885498
109 1.2635999917984009
110 1.2463860511779785
111 1.2572996616363525
112 1.2688268423080444
113 1.2797367572784424
114 1.2504572868347168
115 1.2893930673599243
116 1.2598329782485962
117 1.2638472318649292
118 1.250047206878662
119 1.2580595016479492
120 1.2474437952041626
121 1.25706946849823
122 1.2606884241104126
123 1.2452155351638794
124 1.247275948524475
125 1.2500505447387695
126 1.2538626194000244
127 1.2704391479492188
128 1.2506197690963745
129 1.2577487230300903
130 1.2752817869186401
131 1.2586603164672852
132 1.2491364479064941
133 1.2771252393722534
134 1.2386815547943115
135 1.2503870725631714
136 1.252708911895752
137 1.2430776357650757
138 1.2526566982269287
139 1.260475993156433
140 1.2785975933074951
141 1.2514549493789673
142 1.2544633150100708
143 1.2777295112609863
144 1.2412501573562622
145 1.2870707511901855
146 1.2583061456680298
147 1.2767413854599
148 1.2801868915557861
149 1.2573789358139038
150 1.2559000253677368
151 1.260385513305664
152 1.2586379051208496
153 1.233332633972168
154 1.2575722932815552
155 1.2452857494354248
156 1.2480040788650513
157 1.2975107431411743
158 1.2551906108856201
159 1.2560930252075195
160 1.253495454788208
161 1.247679591178894
162 1.2554630041122437
163 1.2289453744888306
164 1.2374953031539917
165 1.2788665294647217
166 1.2503471374511719
167 1.2762771844863892
168 1.2575002908706665
169 1.2515836954116821
170 1.2665846347808838
171 1.2584528923034668
172 1.2510511875152588
173 1.240239143371582
174 1.2779322862625122
175 1.249594807624817
176 1.237024188041687
177 1.2463446855545044
178 1.2652299404144287
179 1.259186029434204
180 1.245553731918335
181 1.2351024150848389
182 1.228713035583496
183 1.2637728452682495
184 1.2418818473815918
185 1.2523088455200195
186 1.2867980003356934
187 1.267189621925354
188 1.2524144649505615
189 1.262276291847229
190 1.2832685708999634
191 1.25734281539917
192 1.249362587928772
193 1.262007236480713
194 1.2558410167694092
195 1.2915935516357422
196 1.271416187286377
197 1.2634317874908447
198 1.2653402090072632
199 1.2755427360534668
200 1.2380834817886353
201 1.2662206888198853
202 1.2433528900146484
203 1.23936927318573
204 1.2603367567062378
205 1.5846965312957764
206 1.2768489122390747
207 1.2632691860198975
208 1.2452242374420166
209 1.2530207633972168
210 1.2697676420211792
211 1.2581063508987427
212 1.2542705535888672
213 1.249505639076233
214 1.2681931257247925
215 1.258121371269226
216 1.2614445686340332
217 1.2516461610794067
218 1.2469924688339233
219 1.2656145095825195
220 1.2560871839523315
221 1.2377347946166992
222 1.2433604001998901
223 1.246052622795105
224 1.2505519390106201
225 1.243864893913269
226 1.2808433771133423
227 1.2632285356521606
228 1.2405604124069214
229 1.2490007877349854
230 1.2423498630523682
231 1.257749080657959
232 1.271083116531372
233 1.2474799156188965
234 1.2512015104293823
235 1.2798237800598145
236 1.2803958654403687
237 1.2583478689193726
238 1.256508231163025
239 1.2614034414291382
240 1.2497344017028809
241 1.251950979232788
242 1.249332308769226
243 1.2430827617645264
244 1.236899495124817
245 1.2430953979492188
246 1.271173357963562
247 1.256049633026123
248 1.2585467100143433
249 1.276271104812622
250 1.247197151184082
251 1.2484791278839111
252 1.2675806283950806
253 1.2489807605743408
254 1.2785727977752686
255 1.265247106552124
256 1.2675906419754028
257 1.2581690549850464
258 1.2500746250152588
259 1.2557638883590698
260 1.2571141719818115
261 1.2808034420013428
262 1.264076590538025
263 1.2478148937225342
264 1.2454125881195068
265 1.2659379243850708
266 1.2499946355819702
267 1.2669429779052734
268 1.2566477060317993
269 1.2526415586471558
270 1.2773492336273193
271 1.2436695098876953
272 1.240341067314148
273 1.2717630863189697
274 1.2708568572998047
275 1.2893493175506592
276 1.2572091817855835
277 1.2622029781341553
278 1.2756692171096802
279 1.2689464092254639
280 1.2613826990127563
281 1.2414109706878662
282 1.252451777458191
283 1.2466403245925903
284 1.2473995685577393
285 1.2742950916290283
286 1.2695257663726807
287 1.236019492149353
288 1.285502314567566
289 1.2506129741668701
290 1.2474900484085083
291 1.2273725271224976
292 1.2688148021697998
293 1.2587238550186157
294 1.2707061767578125
295 1.248397946357727
296 1.2458010911941528
297 1.2582906484603882
298 1.2734756469726562
299 1.2685056924819946
300 1.271144151687622
301 1.2726629972457886
302 1.2628841400146484
303 1.2493070363998413
304 1.2540916204452515
305 1.261367917060852
306 1.2596708536148071
307 1.2455276250839233
308 1.2613234519958496
309 1.2475842237472534
310 1.2445948123931885
311 1.2586102485656738
312 1.2814589738845825
313 1.2650641202926636
314 1.283677577972412
315 1.2447775602340698
316 1.2663568258285522
317 1.2452181577682495
318 1.2637006044387817
319 1.279626727104187
320 1.26645028591156
321 1.250537633895874
322 1.2551127672195435
323 1.2896066904067993
324 1.2503410577774048
325 1.2470550537109375
326 1.2586666345596313
327 1.2333317995071411
328 1.254170536994934
329 1.2580478191375732
330 1.2528221607208252
331 1.2524057626724243
332 1.2395418882369995
333 1.2539246082305908
334 1.2674163579940796
335 1.2576518058776855
336 1.2630565166473389
337 1.2415260076522827
338 1.2724581956863403
339 1.2544384002685547
340 1.2409476041793823
341 1.2758758068084717
342 1.2498005628585815
343 1.262495517730713
344 1.2462761402130127
345 1.260133981704712
346 1.2573232650756836
347 1.2525662183761597
348 1.2758052349090576
349 1.2561436891555786
350 1.2523199319839478
351 1.2478318214416504
352 1.2595263719558716
353 1.249365210533142
354 1.269134283065796
355 1.257415533065796
356 1.265325665473938
357 1.2488759756088257
358 1.2510159015655518
359 1.274909257888794
360 1.2574161291122437
361 1.2678951025009155
362 1.259803295135498
363 1.2361522912979126
364 1.2622284889221191
365 1.2651495933532715
366 1.2721164226531982
367 1.2375117540359497
368 1.2622259855270386
369 1.2925565242767334
370 1.262181043624878
371 1.2479592561721802
372 1.2614269256591797
373 1.2426010370254517
374 1.261716365814209
375 1.2554079294204712
376 1.2513887882232666
377 1.2490488290786743
378 1.2727675437927246
379 1.248117208480835
380 1.2536780834197998
381 1.2482837438583374
382 1.2549777030944824
383 1.2748156785964966
384 1.2608420848846436
385 1.2652841806411743
386 1.2613800764083862
387 1.2574658393859863
388 1.2518280744552612
389 1.2520314455032349
390 1.2649734020233154
391 1.2521913051605225
392 1.244276762008667
393 1.2743195295333862
394 1.2570983171463013
395 1.256888747215271
396 1.2484214305877686
397 1.248735785484314
398 1.2622071504592896
399 1.2527459859848022
400 1.2657865285873413
401 1.2693554162979126
402 1.2414964437484741
403 1.2511682510375977
404 1.2749651670455933
405 1.2445732355117798
406 1.2542707920074463
407 1.2699530124664307
408 1.251954436302185
409 1.2529231309890747
410 1.274349331855774
411 1.2571427822113037
412 1.2635208368301392
413 1.2491241693496704
414 1.2585400342941284
415 1.2582825422286987
416 1.2538925409317017
417 1.266474962234497
418 1.2607386112213135
419 1.2886019945144653
420 1.2649799585342407
421 1.2605669498443604
422 1.255781650543213
423 1.278254508972168
424 1.244749903678894
425 1.2572540044784546
426 1.232531189918518
427 1.2593001127243042
428 1.255692720413208
429 1.260806679725647
430 1.2509032487869263
431 1.2484651803970337
432 1.286383867263794
433 1.2523467540740967
434 1.2746747732162476
435 1.2628535032272339
436 1.2790260314941406
437 1.2457107305526733
438 1.2455508708953857
439 1.2396427392959595
440 1.2607934474945068
441 1.2715407609939575
442 1.2657909393310547
443 1.268807291984558
444 1.268531084060669
445 1.236720323562622
446 1.2618598937988281
447 1.251976728439331
448 1.2650763988494873
449 1.2757279872894287
450 1.2502846717834473
451 1.2693579196929932
452 1.2461085319519043
453 1.255397915840149
454 1.2629380226135254
455 1.246649146080017
456 1.2550219297409058
457 1.2592453956604004
458 1.2497385740280151
459 1.256321907043457
460 1.2855730056762695
461 1.2579706907272339
462 1.2616264820098877
463 1.2596789598464966
464 1.26179838180542
465 1.2527141571044922
466 1.2576433420181274
467 1.2726110219955444
468 1.2506053447723389
469 1.2493611574172974
470 1.2636653184890747
471 1.2590035200119019
472 1.2643907070159912
473 1.2633622884750366
474 1.2429405450820923
475 1.2591615915298462
476 1.2403956651687622
477 1.2669998407363892
478 1.2595571279525757
479 1.2602041959762573
480 1.2532172203063965
481 1.2643784284591675
482 1.2582833766937256
483 1.2288848161697388
484 1.2657071352005005
485 1.247054934501648
486 1.2524770498275757
487 1.2578933238983154
488 1.2554296255111694
489 1.2589688301086426
490 1.2671624422073364
491 1.2517991065979004
492 1.279261589050293
493 1.262596845626831
494 1.241672396659851
495 1.255366325378418
496 1.267722487449646
497 1.266925573348999
498 1.2662370204925537
499 1.2841745615005493
500 1.248305082321167
501 1.2355648279190063
502 1.2620115280151367
503 1.2634330987930298
504 1.2330468893051147
505 1.2464869022369385
506 1.2486516237258911
507 1.2439954280853271
508 1.2729195356369019
509 1.2474086284637451
510 1.270751714706421
511 1.2492260932922363
512 1.2586660385131836
513 1.2791235446929932
514 1.2448031902313232
515 1.2876471281051636
516 1.267227053642273
517 1.26190984249115
518 1.252149224281311
519 1.2551124095916748
520 1.236116886138916
521 1.2646288871765137
522 1.2630187273025513
523 1.27004075050354
524 1.2803417444229126
525 1.266281008720398
526 1.251144289970398
527 1.258039951324463
528 1.253493070602417
529 1.261919617652893
530 1.2568219900131226
531 1.271906852722168
532 1.2554248571395874
533 1.2483106851577759
534 1.2485469579696655
535 1.2586570978164673
536 1.2556508779525757
537 1.2611287832260132
538 1.2480535507202148
539 1.251634955406189
540 1.264724612236023
541 1.2773021459579468
542 1.2504078149795532
543 1.2456284761428833
544 1.2766765356063843
545 1.2465498447418213
546 1.2568132877349854
547 1.2802379131317139
548 1.252142071723938
549 1.2485830783843994
550 1.2657843828201294
551 1.2592241764068604
552 1.2697032690048218
553 1.2532455921173096
554 1.2519843578338623
555 1.2798700332641602
556 1.243821382522583
557 1.2429170608520508
558 1.2473554611206055
559 1.2501795291900635
560 1.2676348686218262
561 1.2467987537384033
562 1.2494534254074097
563 1.2467823028564453
564 1.2771300077438354
565 1.2452031373977661
566 1.263546109199524
567 1.2805476188659668
568 1.2579784393310547
569 1.2588309049606323
570 1.2673254013061523
571 1.267323613166809
572 1.2490257024765015
573 1.2626738548278809
574 1.2660572528839111
575 1.2671380043029785
576 1.2667304277420044
577 1.2378344535827637
578 1.268560767173767
579 1.2528843879699707
580 1.2566932439804077
581 1.227104663848877
582 1.276777744293213
583 1.2398171424865723
584 1.2679591178894043
585 1.2314354181289673
586 1.2621166706085205
587 1.2623839378356934
588 1.2420099973678589
589 1.2526335716247559
590 1.263027310371399
591 1.2734475135803223
592 1.2660540342330933
593 1.2473361492156982
594 1.242549180984497
595 1.2799344062805176
596 1.2835785150527954
597 1.2365871667861938
598 1.2605453729629517
599 1.2530028820037842
600 1.254343867301941
601 1.256735920906067
602 1.2665091753005981
603 1.2498542070388794
604 1.2617433071136475
605 1.2594550848007202
606 1.26766836643219
607 1.270236611366272
608 1.2661659717559814
609 1.2606810331344604
610 1.2807369232177734
611 1.2498161792755127
612 1.257209062576294
613 1.2723485231399536
614 1.2467103004455566
615 1.2572299242019653
616 1.2637139558792114
617 1.2491995096206665
618 1.2539584636688232
619 1.2534961700439453
620 1.2383276224136353
621 1.2733651399612427
622 1.2539836168289185
623 1.2851704359054565
624 1.2520352602005005
625 1.269585132598877
626 1.257250428199768
627 1.2550418376922607
628 1.2458807229995728
629 1.2700718641281128
630 1.2385820150375366
631 1.270716667175293
632 1.2444547414779663
633 1.241465449333191
634 1.2464336156845093
635 1.263681411743164
636 1.2412090301513672
637 1.2575498819351196
638 1.2646368741989136
639 1.2712407112121582
640 1.241969347000122
641 1.2872320413589478
642 1.2770839929580688
643 1.263625144958496
644 1.2704929113388062
645 1.2510967254638672
646 1.2666701078414917
647 1.2582578659057617
648 1.2729976177215576
649 1.2636923789978027
650 1.2497239112854004
651 1.2601186037063599
652 1.269387125968933
653 1.2521315813064575
654 1.2750064134597778
655 1.2610290050506592
656 1.2448625564575195
657 1.2525848150253296
658 1.2676360607147217
659 1.2507429122924805
660 1.237801432609558
661 1.2702668905258179
662 1.2808889150619507
663 1.263555645942688
664 1.2652446031570435
665 1.2496249675750732
666 1.2511420249938965
667 1.258435606956482
668 1.2629209756851196
669 1.2654926776885986
670 1.2544736862182617
671 1.2581491470336914
672 1.2488425970077515
673 1.2583757638931274
674 1.2762502431869507
675 1.2572364807128906
676 1.2791709899902344
677 1.266563057899475
678 1.245922565460205
679 1.2444939613342285
680 1.2574975490570068
681 1.2579543590545654
682 1.2777005434036255
683 1.2486878633499146
684 1.2680518627166748
685 1.2570470571517944
686 1.2561073303222656
687 1.242990493774414
688 1.2591084241867065
689 1.2575972080230713
690 1.2528635263442993
691 1.254998803138733
692 1.2486644983291626
693 1.2953985929489136
694 1.254216194152832
695 1.2765135765075684
696 1.2552921772003174
697 1.264548659324646
698 1.2637659311294556
699 1.2594627141952515
700 1.2407033443450928
701 1.255001425743103
702 1.242140293121338
703 1.259561538696289
704 1.2524290084838867
705 1.252289891242981
706 1.2557004690170288
707 1.247333288192749
708 1.263203501701355
709 1.2613441944122314
710 1.2461390495300293
711 1.2526906728744507
712 1.2642669677734375
713 1.251036286354065
714 1.254508376121521
715 1.2615091800689697
716 1.2531672716140747
717 1.2674148082733154
718 1.242496371269226
719 1.2584552764892578
720 1.259093165397644
721 1.2571789026260376
722 1.2512785196304321
723 1.2625254392623901
724 1.2548701763153076
725 1.253791332244873
726 1.2698291540145874
727 1.2422676086425781
728 1.2758573293685913
729 1.2641971111297607
730 1.2643154859542847
731 1.2576768398284912
732 1.2607871294021606
733 1.2829437255859375
734 1.2386878728866577
735 1.2544772624969482
736 1.2561547756195068
737 1.2478080987930298
738 1.2583062648773193
739 1.28119695186615
740 1.2670732736587524
741 1.2550662755966187
742 1.2554584741592407
743 1.2619622945785522
744 1.2540347576141357
745 1.2674471139907837
746 1.245592474937439
747 1.250942349433899
748 1.2674015760421753
749 1.2637927532196045
750 1.2459337711334229
751 1.250477910041809
752 1.251752495765686
753 1.253783106803894
754 1.2496176958084106
755 1.2528764009475708
756 1.25052809715271
757 1.2496464252471924
758 1.2634741067886353
759 1.2611503601074219
760 1.2623964548110962
761 1.249207615852356
762 1.2575620412826538
763 1.2781639099121094
764 1.2561371326446533
765 1.250355839729309
766 1.259521245956421
767 1.2401450872421265
768 1.2405096292495728
769 1.2646511793136597
770 1.2688698768615723
771 1.2636744976043701
772 1.2742621898651123
773 1.258962869644165
774 1.2746636867523193
775 1.2787792682647705
776 1.2558844089508057
777 1.2392160892486572
778 1.2395304441452026
779 1.2519176006317139
780 1.2539920806884766
781 1.2978086471557617
782 1.2735323905944824
783 1.2791485786437988
784 1.2738263607025146
785 1.2470110654830933
786 1.2404818534851074
787 1.25824773311615
788 1.2617745399475098
789 1.2429578304290771
790 1.2632949352264404
791 1.2509311437606812
792 1.2626526355743408
793 1.252058744430542
794 1.2485570907592773
795 1.2746487855911255
796 1.2610681056976318
797 1.2539057731628418
798 1.260425090789795
799 1.2517898082733154
800 1.260901689529419
