1 1.4184536933898926
2 1.260042428970337
3 1.3075203895568848
4 1.2890390157699585
5 1.240474820137024
6 1.2617888450622559
7 1.2620741128921509
8 1.2590842247009277
9 1.2481187582015991
10 1.2535852193832397
11 1.2607104778289795
12 1.246622920036316
13 1.2621151208877563
14 1.2581031322479248
15 1.2544602155685425
16 1.2593653202056885
17 1.2823597192764282
18 1.2637426853179932
19 1.269149661064148
20 1.2562326192855835
21 1.253434658050537
22 1.2519826889038086
23 1.298386573791504
24 1.240267038345337
25 1.25350022315979
26 1.3272525072097778
27 1.2511357069015503
28 1.2710366249084473
29 1.240231990814209
30 1.2629092931747437
31 1.2535752058029175
32 1.260826587677002
33 1.2416963577270508
34 1.2459633350372314
35 1.2729936838150024
36 1.246875524520874
37 1.2508878707885742
38 1.2526267766952515
39 1.2896122932434082
40 1.2593601942062378
41 1.2454067468643188
42 1.2558870315551758
43 1.2522406578063965
44 1.2844207286834717
45 1.262499451637268
46 1.238036036491394
47 1.2506870031356812
48 1.2431190013885498
49 1.2601860761642456
50 1.2760465145111084
51 1.2555557489395142
52 1.2540985345840454
53 1.2453902959823608
54 1.2766995429992676
55 1.255538821220398
56 1.2646474838256836
57 1.2534246444702148
58 1.264541745185852
59 1.2452300786972046
60 1.2518049478530884
61 1.2523407936096191
62 1.269214391708374
63 1.256780982017517
64 1.263689398765564
65 1.2642979621887207
66 1.2627817392349243
67 1.2674729824066162
68 1.2403695583343506
69 1.2450584173202515
70 1.2727993726730347
71 1.263742208480835
72 1.2475168704986572
73 1.243713617324829
74 1.260798692703247
75 1.2577061653137207
76 1.2573785781860352
77 1.2380458116531372
78 1.251110315322876
79 1.2650383710861206
80 1.2869852781295776
81 1.2420562505722046
82 1.2515027523040771
83 1.2941988706588745
84 1.256973385810852
85 1.2688899040222168
86 1.268528938293457
87 1.260245680809021
88 1.2551178932189941
89 1.242628812789917
90 1.2516628503799438
91 1.2609493732452393
92 1.2499899864196777
93 1.2696740627288818
94 1.242334008216858
95 1.2725590467453003
96 1.2485827207565308
97 1.2650816440582275
98 1.2481446266174316
99 1.2477656602859497
100 1.253416895866394
101 3.8281118869781494
102 2.6773085594177246
103 1.6728602647781372
104 1.6825001239776611
105 1.5267307758331299
106 1.4428974390029907
107 1.4387881755828857
108 1.4393258094787598
109 1.5368200540542603
110 1.4467792510986328
111 1.4882643222808838
112 1.3838969469070435
113 1.361546516418457
114 1.3884646892547607
115 5.06743860244751
116 2.659919261932373
117 2.164783000946045
118 2.0167601108551025
119 1.8233050107955933
120 1.9719796180725098
121 1.7195056676864624
122 1.691475510597229
123 1.6882236003875732
124 1.6200584173202515
125 1.5497149229049683
126 1.6814943552017212
127 1.4538999795913696
128 1.6755802631378174
129 1.8664298057556152
130 1.5969676971435547
131 1.7054212093353271
132 1.549329400062561
133 1.6860005855560303
134 1.639957070350647
135 1.670493483543396
136 1.5219920873641968
137 1.4968026876449585
138 1.6509038209915161
139 1.4750648736953735
140 1.6290245056152344
141 1.5984892845153809
142 1.545555591583252
143 1.8086227178573608
144 1.5912505388259888
145 1.538503646850586
146 1.652745008468628
147 1.4971011877059937
148 1.5316327810287476
149 1.6833198070526123
150 1.5751469135284424
151 1.6849719285964966
152 1.528623342514038
153 1.6252832412719727
154 1.5253187417984009
155 1.6004325151443481
156 1.5333596467971802
157 1.4958070516586304
158 1.6545099020004272
159 1.5663255453109741
160 1.6180921792984009
161 1.4891669750213623
162 1.4541348218917847
163 1.6349598169326782
164 1.6725409030914307
165 1.5944926738739014
166 1.4031751155853271
167 1.7782233953475952
168 1.5273874998092651
169 1.6116058826446533
170 1.555043339729309
171 1.4709362983703613
172 1.6286170482635498
173 1.7939271926879883
174 1.4788506031036377
175 1.5034830570220947
176 1.7386876344680786
177 1.6764230728149414
178 1.4918427467346191
179 1.6331640481948853
180 1.6007788181304932
181 1.5961147546768188
182 1.5776828527450562
183 1.594933032989502
184 1.512274980545044
185 1.6063802242279053
186 1.5466926097869873
187 1.5347206592559814
188 1.7285878658294678
189 1.6419737339019775
190 1.5910520553588867
191 1.5473376512527466
192 1.65791654586792
193 1.4831421375274658
194 1.5430564880371094
195 1.6776196956634521
196 1.5655016899108887
197 1.6719918251037598
198 1.7364954948425293
199 1.644262671470642
200 1.63013756275177
201 1.5759022235870361
202 1.5797169208526611
203 1.4560896158218384
204 1.622100830078125
205 1.5526460409164429
206 1.6560252904891968
207 1.5866159200668335
208 1.6037575006484985
209 1.4229615926742554
210 1.4212040901184082
211 1.5748467445373535
212 1.6666560173034668
213 1.5028284788131714
214 1.5760637521743774
215 1.5348926782608032
216 1.4743424654006958
217 1.7334270477294922
218 1.5732625722885132
219 1.5410284996032715
220 1.5360158681869507
221 1.8113007545471191
222 1.5430768728256226
223 1.6119318008422852
224 1.6933343410491943
225 1.6802895069122314
226 1.5167955160140991
227 1.5421597957611084
228 1.5690406560897827
229 1.5683811902999878
230 1.5644497871398926
231 1.5050126314163208
232 1.516057014465332
233 1.5492149591445923
234 1.4958946704864502
235 1.6567416191101074
236 1.7085970640182495
237 1.6596442461013794
238 1.6612540483474731
239 1.5754120349884033
240 1.5561505556106567
241 1.6537952423095703
242 1.478274941444397
243 1.5113290548324585
244 1.7036075592041016
245 1.5076552629470825
246 1.581514835357666
247 1.4537259340286255
248 1.5933778285980225
249 1.4997780323028564
250 1.5359035730361938
251 1.5916577577590942
252 1.6543039083480835
253 1.6047804355621338
254 1.5564926862716675
255 1.6111620664596558
256 1.6537994146347046
257 1.6412984132766724
258 1.7202788591384888
259 1.5932670831680298
260 1.4711732864379883
261 1.6127891540527344
262 1.5414096117019653
263 1.5391952991485596
264 1.5016947984695435
265 1.5974541902542114
266 1.5907243490219116
267 1.6931548118591309
268 1.6260958909988403
269 1.5861550569534302
270 1.5793025493621826
271 1.60658597946167
272 1.6020797491073608
273 1.4815181493759155
274 1.4992587566375732
275 1.6053088903427124
276 1.5970011949539185
277 1.7473260164260864
278 1.5599300861358643
279 1.4819401502609253
280 1.5088640451431274
281 1.4903806447982788
282 1.5720702409744263
283 1.4899672269821167
284 1.5306074619293213
285 1.6251695156097412
286 1.6852952241897583
287 1.6778056621551514
288 1.5639705657958984
289 1.676397442817688
290 1.6142584085464478
291 1.6523650884628296
292 1.5216007232666016
293 1.7187683582305908
294 1.7234301567077637
295 1.6141575574874878
296 1.6725445985794067
297 1.5851191282272339
298 1.4035279750823975
299 1.5862270593643188
300 1.5737038850784302
301 1.4226832389831543
302 1.5282264947891235
303 1.6086074113845825
304 1.5368938446044922
305 1.7250401973724365
306 1.6020150184631348
307 1.4817229509353638
308 1.659387230873108
309 1.5900298357009888
310 1.5298067331314087
311 1.4904628992080688
312 1.7165160179138184
313 1.6033720970153809
314 1.4840480089187622
315 1.5967565774917603
316 1.636667251586914
317 1.6191072463989258
318 1.4185208082199097
319 1.655165433883667
320 1.7195802927017212
321 1.5612213611602783
322 1.6106719970703125
323 1.4757097959518433
324 1.5234366655349731
325 1.6281541585922241
326 1.7914862632751465
327 1.4863979816436768
328 1.6871119737625122
329 1.56479811668396
330 1.6002671718597412
331 1.531274437904358
332 1.6811234951019287
333 1.6206828355789185
334 1.5672770738601685
335 1.5008392333984375
336 3.813967227935791
337 4.397965431213379
338 3.3772008419036865
339 2.579068660736084
340 2.6525590419769287
341 2.443138599395752
342 2.113860845565796
343 2.1053924560546875
344 2.044766664505005
345 1.9881949424743652
346 1.918095350265503
347 1.928389310836792
348 1.6881722211837769
349 1.8379441499710083
350 1.8117966651916504
351 2.198007822036743
352 1.7838917970657349
353 1.8467216491699219
354 2.125361680984497
355 1.6816790103912354
356 2.079777240753174
357 2.0158989429473877
358 1.7596712112426758
359 1.6663539409637451
360 1.9215644598007202
361 1.9821919202804565
362 1.8859623670578003
363 2.258633613586426
364 1.9137417078018188
365 1.8822101354599
366 1.6412837505340576
367 1.7490501403808594
368 2.037351369857788
369 2.0199050903320312
370 1.9557549953460693
371 1.7337987422943115
372 1.9047131538391113
373 1.9168440103530884
374 1.8350777626037598
375 1.839664340019226
376 1.8592529296875
377 1.8023045063018799
378 2.0300679206848145
379 1.9524240493774414
380 1.8782553672790527
381 1.7784173488616943
382 2.0360188484191895
383 1.7393183708190918
384 1.8820258378982544
385 2.59329891204834
386 5.853227615356445
387 3.325326919555664
388 3.045232057571411
389 2.8416857719421387
390 2.653379440307617
391 2.6667380332946777
392 2.7715160846710205
393 2.3747072219848633
394 2.4358646869659424
395 2.4152615070343018
396 2.425706624984741
397 2.191176652908325
398 2.563390016555786
399 2.588111639022827
400 2.627011299133301
401 2.1245739459991455
402 2.033470392227173
403 2.366022825241089
404 2.3838536739349365
405 1.8098254203796387
406 2.2117300033569336
407 2.345438241958618
408 2.2811028957366943
409 2.1347856521606445
410 2.1804280281066895
411 2.061082601547241
412 2.084343910217285
413 2.342733860015869
414 2.2098939418792725
415 2.268693208694458
416 2.406074285507202
417 2.727999687194824
418 2.582947015762329
419 2.322678565979004
420 2.2743871212005615
421 2.11323881149292
422 2.0826048851013184
423 2.149949550628662
424 2.08593487739563
425 2.3058345317840576
426 2.3262317180633545
427 2.21175479888916
428 2.1709542274475098
429 2.4312398433685303
430 2.068751335144043
431 2.5651369094848633
432 2.2282159328460693
433 2.1974923610687256
434 2.3956029415130615
435 2.0583696365356445
436 2.3249995708465576
437 2.4343180656433105
438 2.066598415374756
439 2.1441702842712402
440 2.292447090148926
441 2.0993244647979736
442 1.9680954217910767
443 2.5830788612365723
444 2.5066444873809814
445 2.7152538299560547
446 2.1688148975372314
447 2.113987922668457
448 2.3757450580596924
449 2.102708101272583
450 1.9000014066696167
451 2.4756274223327637
452 2.2482082843780518
453 2.341500759124756
454 2.0985963344573975
455 2.1795477867126465
456 2.2868964672088623
457 2.284868001937866
458 2.131995439529419
459 2.328047752380371
460 2.3543434143066406
461 2.1452107429504395
462 2.091987133026123
463 2.459714412689209
464 2.116198778152466
465 2.166856288909912
466 2.409811496734619
467 2.2984163761138916
468 2.197162628173828
469 2.195713758468628
470 2.480135679244995
471 2.1112401485443115
472 2.290639638900757
473 2.577267646789551
474 2.211353063583374
475 2.3950345516204834
476 2.257995367050171
477 2.2854607105255127
478 2.252228260040283
479 2.442077398300171
480 2.4405407905578613
481 1.726732850074768
482 1.9986006021499634
483 2.1310083866119385
484 2.2408881187438965
485 2.4072349071502686
486 2.0694544315338135
487 2.2361643314361572
488 2.1895642280578613
489 2.1505894660949707
490 2.1566789150238037
491 2.228179454803467
492 2.119873285293579
493 2.245530366897583
494 2.311689853668213
495 2.279223918914795
496 2.9091694355010986
497 1.9085783958435059
498 2.1397294998168945
499 2.0192248821258545
500 2.563497543334961
501 2.2324740886688232
502 2.6985955238342285
503 2.1333744525909424
504 1.9548513889312744
505 1.8140968084335327
506 2.6925337314605713
507 2.2027571201324463
508 2.3040475845336914
509 2.4235637187957764
510 2.2192862033843994
511 2.34548020362854
512 2.019899845123291
513 2.2624385356903076
514 2.147083044052124
515 2.2071969509124756
516 2.456160545349121
517 1.991868495941162
518 2.2541441917419434
519 2.2786953449249268
520 2.202294111251831
521 2.051642417907715
522 2.4991931915283203
523 2.421436071395874
524 2.0496585369110107
525 2.151273250579834
526 2.276834726333618
527 2.1791696548461914
528 2.1159229278564453
529 2.5080862045288086
530 2.4127719402313232
531 2.3472180366516113
532 2.35311222076416
533 2.423022985458374
534 2.0314953327178955
535 2.070315361022949
536 1.9873006343841553
537 2.0846383571624756
538 2.167285919189453
539 2.35031795501709
540 2.435544013977051
541 2.3219385147094727
542 2.5314815044403076
543 2.2216479778289795
544 2.1852505207061768
545 2.0900886058807373
546 2.0474190711975098
547 2.2682044506073
548 2.394463062286377
549 1.9616928100585938
550 2.2453134059906006
551 2.087352991104126
552 2.298151969909668
553 1.9133538007736206
554 2.21351957321167
555 2.557305097579956
556 2.2316291332244873
557 2.219801902770996
558 2.491994857788086
559 2.4833407402038574
560 2.4714560508728027
561 2.022089719772339
562 2.1637661457061768
563 2.3058910369873047
564 1.9143844842910767
565 2.3959686756134033
566 2.2430419921875
567 2.0435876846313477
568 2.2192673683166504
569 2.460003614425659
570 2.484318733215332
571 2.1023712158203125
572 2.369246482849121
573 1.911049246788025
574 2.1367926597595215
575 2.2998831272125244
576 2.288912773132324
577 2.3629486560821533
578 2.005047559738159
579 2.2025701999664307
580 2.292685031890869
581 2.307021141052246
582 2.4823696613311768
583 2.1260035037994385
584 2.3569815158843994
585 2.3441720008850098
586 2.0745627880096436
587 2.260078191757202
588 2.3216891288757324
589 2.5539755821228027
590 2.4775466918945312
591 2.4051427841186523
592 2.358952760696411
593 2.094595432281494
594 2.294607400894165
595 1.944899082183838
596 2.2864468097686768
597 2.2340359687805176
598 2.2087342739105225
599 2.0298216342926025
600 2.1604771614074707
601 2.247697591781616
602 2.257939338684082
603 2.2669644355773926
604 2.3288614749908447
605 2.0218207836151123
606 1.9763864278793335
607 2.683283805847168
608 2.403859853744507
609 2.4147701263427734
610 2.3168420791625977
611 1.9503871202468872
612 2.2589662075042725
613 2.4463069438934326
614 2.3749094009399414
615 2.3194003105163574
616 2.369718313217163
617 2.156327724456787
618 2.1406543254852295
619 2.2657666206359863
620 2.424114465713501
621 2.1188111305236816
622 2.2631947994232178
623 2.1850576400756836
624 2.4155242443084717
625 2.201390027999878
626 2.3654656410217285
627 2.01470947265625
628 2.157226800918579
629 2.4162256717681885
630 2.0929603576660156
631 2.2687995433807373
632 2.4037413597106934
633 2.387082099914551
634 2.249464273452759
635 2.513458728790283
636 2.1132044792175293
637 2.088839054107666
638 2.1032230854034424
639 1.9754691123962402
640 2.139084577560425
641 2.5096614360809326
642 2.160123586654663
643 2.1628799438476562
644 2.3889083862304688
645 2.2335572242736816
646 2.4554286003112793
647 2.3363454341888428
648 2.4175808429718018
649 2.2181694507598877
650 1.907771348953247
651 2.0528857707977295
652 2.318509578704834
653 2.3415210247039795
654 2.4702579975128174
655 2.3126001358032227
656 2.2927498817443848
657 1.9910616874694824
658 2.2365036010742188
659 2.279261827468872
660 1.9484164714813232
661 2.40010929107666
662 2.2722742557525635
663 2.285407066345215
664 2.4188904762268066
665 2.1574063301086426
666 2.2907886505126953
667 2.225905656814575
668 2.1314008235931396
669 2.216557502746582
670 1.9826234579086304
671 2.1970369815826416
672 2.1351242065429688
673 2.2259347438812256
674 2.2493627071380615
675 2.265345811843872
676 2.319755792617798
677 2.154440402984619
678 2.340243339538574
679 2.3129653930664062
680 2.4229533672332764
681 2.4069626331329346
682 1.9612064361572266
683 2.472538709640503
684 2.2878458499908447
685 2.3112354278564453
686 2.2618134021759033
687 2.2795865535736084
688 2.1219727993011475
689 2.2563443183898926
690 2.336326837539673
691 2.0120127201080322
692 2.042714834213257
693 2.0711259841918945
694 2.1239662170410156
695 2.3227946758270264
696 1.8847042322158813
697 2.182966947555542
698 2.5845441818237305
699 1.9928189516067505
700 2.054802179336548
701 2.1819028854370117
702 2.500593900680542
703 2.416238307952881
704 2.3154103755950928
705 2.287393808364868
706 2.4146058559417725
707 2.1855075359344482
708 2.0666754245758057
709 2.0514976978302
710 2.4374165534973145
711 2.47725248336792
712 2.2565760612487793
713 2.510044813156128
714 2.0987355709075928
715 2.2117581367492676
716 2.5139553546905518
717 2.188734769821167
718 2.0086252689361572
719 2.0033538341522217
720 2.0770835876464844
721 2.130988597869873
722 2.3548481464385986
723 2.192199945449829
724 2.4701435565948486
725 2.4366679191589355
726 2.492504119873047
727 2.1887195110321045
728 2.276909112930298
729 2.363650321960449
730 2.3528335094451904
731 2.328984498977661
732 1.981067180633545
733 2.0038938522338867
734 2.6659936904907227
735 2.2688443660736084
736 2.402775287628174
737 2.1554934978485107
738 2.1106655597686768
739 2.1152050495147705
740 2.034425973892212
741 2.255375623703003
742 2.411679267883301
743 2.3245480060577393
744 2.3894805908203125
745 2.0653975009918213
746 2.8053629398345947
747 2.1870615482330322
748 2.03468918800354
749 2.2252731323242188
750 2.2783186435699463
751 2.189901828765869
752 2.349320411682129
753 2.2327301502227783
754 2.6107752323150635
755 2.2479450702667236
756 2.3250510692596436
757 2.166665554046631
758 2.3490676879882812
759 2.1719257831573486
760 2.186016082763672
761 2.434913158416748
762 2.2350871562957764
763 2.074977159500122
764 2.3498432636260986
765 2.109402894973755
766 2.346050500869751
767 1.9435852766036987
768 2.4345297813415527
769 2.2992570400238037
770 2.1252377033233643
771 2.375887870788574
772 2.262735605239868
773 2.45013165473938
774 2.2508349418640137
775 2.4806277751922607
776 2.2399091720581055
777 1.9835740327835083
778 2.154374122619629
779 2.2525315284729004
780 2.1025781631469727
781 2.07558012008667
782 1.7615509033203125
783 2.0791983604431152
784 2.015930414199829
785 2.21335506439209
786 2.3862597942352295
787 2.343052625656128
788 2.1908957958221436
789 2.0119566917419434
790 2.3010413646698
791 2.2364308834075928
792 2.5435471534729004
793 2.251652479171753
794 2.264554500579834
795 2.4000697135925293
796 2.3153467178344727
797 2.2732033729553223
798 2.2324862480163574
799 1.9964354038238525
800 1.8763668537139893
