1 1.3419750928878784
2 1.23416006565094
3 1.24934983253479
4 1.2432266473770142
5 1.2382245063781738
6 1.234684944152832
7 1.2408397197723389
8 1.277030110359192
9 1.2480223178863525
10 1.2991012334823608
11 1.2665996551513672
12 1.254404067993164
13 1.264818787574768
14 1.2726161479949951
15 1.276700496673584
16 1.244802713394165
17 1.2536226511001587
18 1.2760463953018188
19 1.2406377792358398
20 1.2618858814239502
21 1.2763326168060303
22 1.28001070022583
23 1.2495660781860352
24 1.255446434020996
25 1.2507429122924805
26 1.231285572052002
27 1.2439466714859009
28 1.2492125034332275
29 1.2529884576797485
30 1.2518638372421265
31 1.2676589488983154
32 1.2597687244415283
33 1.2456376552581787
34 1.2688966989517212
35 1.2636605501174927
36 1.3043135404586792
37 1.2532094717025757
38 1.2471246719360352
39 1.271685242652893
40 1.2305169105529785
41 1.2734148502349854
42 1.2620683908462524
43 1.2712488174438477
44 1.2519855499267578
45 1.2421588897705078
46 1.2653214931488037
47 1.2518118619918823
48 1.2712503671646118
49 1.2492358684539795
50 1.269195556640625
51 1.2486635446548462
52 1.26240873336792
53 1.2448192834854126
54 1.2694306373596191
55 1.2615832090377808
56 1.255577564239502
57 1.2847676277160645
58 1.249714970588684
59 1.258849024772644
60 1.2430754899978638
61 1.2506444454193115
62 1.259838342666626
63 1.2587378025054932
64 1.252744197845459
65 1.2637367248535156
66 1.2677228450775146
67 1.25986909866333
68 1.258544921875
69 1.2522610425949097
70 1.2376035451889038
71 1.264009952545166
72 1.2765882015228271
73 1.257196068763733
74 1.2403761148452759
75 1.263842225074768
76 1.2629294395446777
77 1.2688181400299072
78 1.2525413036346436
79 1.236497163772583
80 1.2554926872253418
81 1.280754566192627
82 1.2601841688156128
83 1.2517759799957275
84 1.2758538722991943
85 1.261230230331421
86 1.249609351158142
87 1.25319504737854
88 1.2443355321884155
89 1.2679499387741089
90 1.2631123065948486
91 1.2594208717346191
92 1.2710317373275757
93 1.2657291889190674
94 1.2603135108947754
95 1.250572681427002
96 1.2324883937835693
97 4.188129901885986
98 2.0582454204559326
99 1.7708163261413574
100 1.5909819602966309
101 1.5919477939605713
102 1.5864734649658203
103 1.4094953536987305
104 1.4185140132904053
105 1.3908731937408447
106 1.3709582090377808
107 1.379827857017517
108 1.4711346626281738
109 1.41841721534729
110 1.4513776302337646
111 1.429028034210205
112 1.373480200767517
113 1.3690361976623535
114 1.353783369064331
115 1.4335576295852661
116 1.4147629737854004
117 1.453866720199585
118 1.3490632772445679
119 1.406380295753479
120 1.3913413286209106
121 1.4203077554702759
122 1.334747076034546
123 1.3477822542190552
124 1.4610977172851562
125 1.360461711883545
126 1.3420742750167847
127 1.3955227136611938
128 1.4051907062530518
129 1.415307879447937
130 1.3857860565185547
131 1.3920098543167114
132 1.5191857814788818
133 1.3987482786178589
134 1.4059211015701294
135 1.4074128866195679
136 1.4035449028015137
137 1.4141004085540771
138 1.3135312795639038
139 1.4075124263763428
140 1.313556432723999
141 1.3710391521453857
142 1.4451524019241333
143 1.339125633239746
144 1.392166018486023
145 1.4089765548706055
146 1.3489859104156494
147 1.3441003561019897
148 1.3923941850662231
149 1.3678547143936157
150 1.3782905340194702
151 1.38615083694458
152 1.4097286462783813
153 1.3631330728530884
154 1.3587535619735718
155 1.3526612520217896
156 1.4153108596801758
157 1.3922377824783325
158 1.3398345708847046
159 1.352613925933838
160 1.301161766052246
161 1.3716814517974854
162 1.3667194843292236
163 1.3931010961532593
164 1.4317034482955933
165 1.379537582397461
166 1.4116095304489136
167 1.3515479564666748
168 1.5164841413497925
169 1.3833404779434204
170 1.366200566291809
171 1.3309729099273682
172 1.4385310411453247
173 1.385485291481018
174 1.3325592279434204
175 1.4805010557174683
176 1.352081298828125
177 1.4038904905319214
178 1.3803852796554565
179 1.3495683670043945
180 1.3531826734542847
181 1.3547821044921875
182 1.3892161846160889
183 1.3232098817825317
184 1.3749353885650635
185 1.3604012727737427
186 1.340841293334961
187 1.3632620573043823
188 1.3632478713989258
189 1.4713038206100464
190 1.3941775560379028
191 1.3957499265670776
192 1.3675172328948975
193 1.366134762763977
194 1.4333702325820923
195 1.3573588132858276
196 1.4378557205200195
197 1.3480570316314697
198 1.3647624254226685
199 1.3558086156845093
200 1.4016392230987549
201 1.3293007612228394
202 1.3971248865127563
203 1.393857717514038
204 1.3524494171142578
205 1.3858805894851685
206 1.3571739196777344
207 1.380406141281128
208 1.3791972398757935
209 1.429807424545288
210 1.3718187808990479
211 1.3643865585327148
212 1.3493925333023071
213 1.4299756288528442
214 1.3409321308135986
215 1.3761066198349
216 1.348146677017212
217 1.3976967334747314
218 1.4711124897003174
219 1.3749523162841797
220 1.363542079925537
221 1.3646129369735718
222 1.3618407249450684
223 1.338328242301941
224 1.3780810832977295
225 1.3783221244812012
226 1.3315998315811157
227 1.334580659866333
228 1.3808871507644653
229 1.3652909994125366
230 1.456824541091919
231 1.3459855318069458
232 1.388797402381897
233 1.3721182346343994
234 1.4304250478744507
235 1.4103987216949463
236 1.4177627563476562
237 1.366654634475708
238 1.3686972856521606
239 1.4191969633102417
240 1.3611608743667603
241 1.3320364952087402
242 1.3341954946517944
243 1.3662837743759155
244 1.4938148260116577
245 1.4524931907653809
246 1.4289759397506714
247 1.3631415367126465
248 1.3960471153259277
249 1.3938326835632324
250 1.4331475496292114
251 1.3742306232452393
252 1.426485300064087
253 1.4282019138336182
254 1.358758807182312
255 1.362977147102356
256 1.3453978300094604
257 1.3929885625839233
258 1.3441956043243408
259 1.398699164390564
260 1.3566433191299438
261 1.3806428909301758
262 1.3617559671401978
263 1.3900595903396606
264 1.349164605140686
265 1.3767985105514526
266 1.3820910453796387
267 1.4124568700790405
268 1.3819453716278076
269 1.3992999792099
270 1.3619003295898438
271 1.3622342348098755
272 1.3289122581481934
273 1.3547247648239136
274 1.4418896436691284
275 1.406273365020752
276 1.4454822540283203
277 1.4082976579666138
278 1.4085109233856201
279 1.3721115589141846
280 1.349757432937622
281 1.3584612607955933
282 1.3923521041870117
283 1.3953214883804321
284 1.3197911977767944
285 1.3443750143051147
286 1.4601253271102905
287 1.4124670028686523
288 1.3490477800369263
289 1.397193193435669
290 1.3743630647659302
291 1.3975152969360352
292 1.3563152551651
293 1.418770432472229
294 1.3848906755447388
295 1.4450829029083252
296 1.4012855291366577
297 1.3495961427688599
298 1.3300449848175049
299 1.4374148845672607
300 1.401259183883667
301 1.4789682626724243
302 1.396512746810913
303 1.3948750495910645
304 1.3524550199508667
305 1.419869065284729
306 1.3780615329742432
307 1.3591006994247437
308 1.334179401397705
309 1.418095350265503
310 1.3637572526931763
311 1.3446483612060547
312 1.3425390720367432
313 1.3508238792419434
314 1.376984715461731
315 1.4003640413284302
316 1.41715407371521
317 1.353352665901184
318 1.3965955972671509
319 1.3426181077957153
320 1.3997629880905151
321 1.3710886240005493
322 1.361480951309204
323 1.3820725679397583
324 1.3971036672592163
325 1.3440771102905273
326 1.4151076078414917
327 1.3885055780410767
328 1.4162431955337524
329 1.3886215686798096
330 1.3662739992141724
331 1.388685703277588
332 1.3644591569900513
333 1.432702898979187
334 1.4368749856948853
335 1.4078290462493896
336 1.4244662523269653
337 1.303788661956787
338 1.3897403478622437
339 1.395381212234497
340 1.3685449361801147
341 1.355304479598999
342 1.3815951347351074
343 1.3694181442260742
344 1.4470781087875366
345 1.3884015083312988
346 1.4264578819274902
347 1.3398112058639526
348 1.3742643594741821
349 1.3723422288894653
350 1.3533464670181274
351 1.3578581809997559
352 1.3541196584701538
353 1.3913543224334717
354 1.387448787689209
355 1.3923734426498413
356 1.3560470342636108
357 1.5119102001190186
358 1.3674836158752441
359 1.3824230432510376
360 1.3332983255386353
361 1.3806735277175903
362 1.3966606855392456
363 1.3533765077590942
364 1.393394112586975
365 1.362946629524231
366 1.3421869277954102
367 1.3895776271820068
368 1.4039658308029175
369 1.4521267414093018
370 1.391144871711731
371 1.4341504573822021
372 1.332279086112976
373 1.4384454488754272
374 1.3869990110397339
375 1.4350610971450806
376 1.3908137083053589
377 1.3554279804229736
378 1.3000167608261108
379 1.3901571035385132
380 1.3235979080200195
381 1.3716341257095337
382 1.3834017515182495
383 1.3903555870056152
384 1.353575348854065
385 1.4189889430999756
386 1.4028054475784302
387 1.3740594387054443
388 1.4258521795272827
389 1.3625364303588867
390 1.3580572605133057
391 1.374221920967102
392 1.385705590248108
393 1.3401788473129272
394 1.3414808511734009
395 1.3928128480911255
396 1.3984618186950684
397 1.3820323944091797
398 1.3845871686935425
399 1.3665891885757446
400 1.3988648653030396
401 1.3665473461151123
402 1.4247705936431885
403 1.4020134210586548
404 1.3868616819381714
405 1.4015250205993652
406 1.3955012559890747
407 1.35625422000885
408 1.3980172872543335
409 1.3502237796783447
410 1.352386713027954
411 1.3211421966552734
412 1.3621788024902344
413 1.3886569738388062
414 1.3833175897598267
415 1.337511420249939
416 1.3938480615615845
417 1.4483281373977661
418 1.3809547424316406
419 1.3557301759719849
420 1.3619599342346191
421 1.3213884830474854
422 1.3371766805648804
423 1.397172451019287
424 1.371823787689209
425 1.2947050333023071
426 1.4979665279388428
427 1.4424594640731812
428 1.3344395160675049
429 1.4127298593521118
430 1.3906458616256714
431 1.3520790338516235
432 1.3846794366836548
433 1.3636054992675781
434 1.3508528470993042
435 1.3757579326629639
436 1.3488874435424805
437 1.4219127893447876
438 1.386792540550232
439 1.364928960800171
440 1.326919436454773
441 1.3925073146820068
442 1.41670560836792
443 1.3368971347808838
444 1.4007576704025269
445 1.413752794265747
446 1.3604234457015991
447 1.3783868551254272
448 1.3891314268112183
449 1.4373940229415894
450 1.3650363683700562
451 1.2969728708267212
452 1.3809555768966675
453 1.4446280002593994
454 1.3573650121688843
455 1.4434949159622192
456 1.4223798513412476
457 1.295123815536499
458 1.4140448570251465
459 1.4458341598510742
460 1.3492002487182617
461 1.419411540031433
462 1.3300811052322388
463 1.3962479829788208
464 1.403273344039917
465 1.3958829641342163
466 1.3832095861434937
467 1.3605915307998657
468 1.387068271636963
469 1.3333016633987427
470 1.3717429637908936
471 1.3627434968948364
472 1.4471495151519775
473 1.37985098361969
474 1.4804679155349731
475 1.4520477056503296
476 1.3190127611160278
477 1.3445637226104736
478 1.3663511276245117
479 1.3382785320281982
480 1.3465123176574707
481 1.3681423664093018
482 1.4363315105438232
483 1.4606279134750366
484 1.3361610174179077
485 1.3528335094451904
486 1.3528499603271484
487 1.3424737453460693
488 1.4073584079742432
489 1.4118496179580688
490 1.389918565750122
491 1.3531365394592285
492 1.4256911277770996
493 1.3690876960754395
494 1.4082576036453247
495 1.3594478368759155
496 1.3744789361953735
497 1.3862826824188232
498 1.4403330087661743
499 1.417555332183838
500 1.3530477285385132
501 1.36903715133667
502 1.4599777460098267
503 1.329452395439148
504 1.361579179763794
505 1.3661246299743652
506 1.3817741870880127
507 1.4579298496246338
508 1.3908460140228271
509 1.357440710067749
510 1.4773772954940796
511 1.4034451246261597
512 1.3358349800109863
513 1.348090410232544
514 1.340972661972046
515 1.3678572177886963
516 1.4289071559906006
517 1.3257819414138794
518 1.3839807510375977
519 1.485396146774292
520 1.4407894611358643
521 1.344799518585205
522 1.3274534940719604
523 1.349718451499939
524 1.3350235223770142
525 1.4338009357452393
526 1.4155964851379395
527 1.361570954322815
528 1.3744804859161377
529 1.3340139389038086
530 1.3489608764648438
531 1.3452128171920776
532 1.4193367958068848
533 1.4325199127197266
534 1.3558027744293213
535 1.463531494140625
536 1.3837015628814697
537 1.3484444618225098
538 1.382809042930603
539 1.4317448139190674
540 1.4183385372161865
541 1.377927541732788
542 1.3680453300476074
543 1.38548743724823
544 1.5396771430969238
545 1.3731942176818848
546 1.338437557220459
547 1.3980121612548828
548 1.3976666927337646
549 1.384400486946106
550 1.4226595163345337
551 1.36345636844635
552 1.3462225198745728
553 1.3239911794662476
554 1.3937993049621582
555 1.427740454673767
556 1.3964693546295166
557 1.4265377521514893
558 1.3446813821792603
559 1.401599407196045
560 1.3821908235549927
561 1.4003602266311646
562 1.3827482461929321
563 1.3647435903549194
564 1.368569254875183
565 1.3587993383407593
566 1.4264116287231445
567 1.35398530960083
568 1.3537766933441162
569 1.363078236579895
570 1.3736984729766846
571 1.3856265544891357
572 1.4116991758346558
573 1.5054996013641357
574 1.3612873554229736
575 1.3827838897705078
576 1.3131221532821655
577 1.3624379634857178
578 1.3834046125411987
579 1.4113973379135132
580 1.35035240650177
581 1.3677674531936646
582 1.3977718353271484
583 1.3117437362670898
584 1.412057876586914
585 1.389618992805481
586 1.399888038635254
587 1.3613024950027466
588 1.4148237705230713
589 1.337411642074585
590 1.4012051820755005
591 1.3555569648742676
592 1.3486193418502808
593 1.430033564567566
594 1.427890419960022
595 1.3978036642074585
596 1.427420735359192
597 1.3829666376113892
598 1.394788146018982
599 1.321060061454773
600 1.3694267272949219
601 1.4043160676956177
602 1.373095989227295
603 1.381890058517456
604 1.3330143690109253
605 1.3683991432189941
606 1.3715091943740845
607 1.3481289148330688
608 1.354500412940979
609 1.4226715564727783
610 1.3411864042282104
611 1.3811386823654175
612 1.3938533067703247
613 1.3438912630081177
614 1.400308609008789
615 1.435805320739746
616 1.4091771841049194
617 1.3614473342895508
618 1.4094442129135132
619 1.4330501556396484
620 1.4127264022827148
621 1.3493717908859253
622 1.3838695287704468
623 1.3523257970809937
624 1.3672796487808228
625 1.3957407474517822
626 1.3380274772644043
627 1.4179171323776245
628 1.3807002305984497
629 1.379547357559204
630 1.3812124729156494
631 1.3819483518600464
632 1.3402514457702637
633 1.4296809434890747
634 1.343959093093872
635 1.393991470336914
636 1.3145493268966675
637 1.3828109502792358
638 1.3624114990234375
639 1.4027405977249146
640 1.4006778001785278
641 1.3999420404434204
642 1.3856168985366821
643 1.3362013101577759
644 1.4300228357315063
645 1.3851985931396484
646 1.4217393398284912
647 1.3817615509033203
648 1.3621578216552734
649 1.376417636871338
650 1.3784104585647583
651 1.3739144802093506
652 1.3713997602462769
653 1.3480591773986816
654 1.3372970819473267
655 1.3986364603042603
656 1.4265271425247192
657 1.5193121433258057
658 1.3937100172042847
659 1.3441967964172363
660 1.4264346361160278
661 1.3784005641937256
662 1.4494328498840332
663 1.3468775749206543
664 1.3484259843826294
665 1.3518128395080566
666 1.390456199645996
667 1.3436001539230347
668 1.340560793876648
669 1.3968791961669922
670 1.4322047233581543
671 1.3915083408355713
672 1.3353132009506226
673 1.3427503108978271
674 1.3773741722106934
675 1.3628178834915161
676 1.323330044746399
677 1.3886762857437134
678 1.326331615447998
679 1.4132256507873535
680 1.3569097518920898
681 1.3607351779937744
682 1.3888672590255737
683 1.4072365760803223
684 1.3449877500534058
685 1.4155129194259644
686 1.3972461223602295
687 1.3844295740127563
688 1.3855879306793213
689 1.3959652185440063
690 1.413040280342102
691 1.3672161102294922
692 1.3996362686157227
693 1.3901927471160889
694 1.3848515748977661
695 1.3579615354537964
696 1.3248531818389893
697 1.4078577756881714
698 1.337729811668396
699 1.4059076309204102
700 1.3652522563934326
701 1.4234644174575806
702 1.417529582977295
703 1.3439886569976807
704 1.468026876449585
705 1.3759801387786865
706 1.3372529745101929
707 1.342947006225586
708 1.3754498958587646
709 1.3873788118362427
710 1.38688325881958
711 1.3970420360565186
712 1.4014848470687866
713 1.3925033807754517
714 1.432222604751587
715 1.3710722923278809
716 1.3693145513534546
717 1.3681721687316895
718 1.3835487365722656
719 1.340851902961731
720 1.3898491859436035
721 1.3949406147003174
722 1.4132806062698364
723 1.3906348943710327
724 1.3916633129119873
725 1.3223292827606201
726 1.34477961063385
727 1.3839092254638672
728 1.3562613725662231
729 1.400406002998352
730 1.3572664260864258
731 1.377873182296753
732 1.3829495906829834
733 1.4001119136810303
734 1.401071548461914
735 1.4216574430465698
736 1.3877772092819214
737 1.3696093559265137
738 1.4233297109603882
739 1.3560948371887207
740 1.4121173620224
741 1.3360477685928345
742 1.4140832424163818
743 1.400463342666626
744 1.4021575450897217
745 1.3824925422668457
746 1.346613883972168
747 1.381685733795166
748 1.3856725692749023
749 1.3368639945983887
750 1.3490582704544067
751 1.4049451351165771
752 1.3848743438720703
753 1.3230397701263428
754 1.3660293817520142
755 1.4457780122756958
756 1.4019672870635986
757 1.3703550100326538
758 1.3512485027313232
759 1.3728879690170288
760 1.3851325511932373
761 1.4334837198257446
762 1.389467716217041
763 1.3798933029174805
764 1.4323039054870605
765 1.4466586112976074
766 1.3693619966506958
767 1.4319796562194824
768 1.356183648109436
769 1.3063551187515259
770 1.4794237613677979
771 1.358683705329895
772 1.3485379219055176
773 1.4425181150436401
774 1.419577717781067
775 1.3624786138534546
776 1.4413270950317383
777 1.432061791419983
778 1.371010661125183
779 1.4321656227111816
780 1.404185175895691
781 1.4195255041122437
782 1.366472601890564
783 1.3147192001342773
784 1.3731355667114258
785 1.3698012828826904
786 1.3469303846359253
787 1.40311598777771
788 1.4590003490447998
789 1.3518798351287842
790 1.2843369245529175
791 1.3961917161941528
792 1.4943833351135254
793 1.4650357961654663
794 1.312332034111023
795 1.366170883178711
796 1.4200881719589233
797 1.370127558708191
798 1.4038975238800049
799 1.3987725973129272
800 1.4185359477996826
