1 1.381489872932434
2 1.2118618488311768
3 1.180814266204834
4 1.1632413864135742
5 1.1404818296432495
6 1.105188012123108
7 1.0626376867294312
8 1.020309567451477
9 0.9802737236022949
10 0.9472659230232239
11 0.9170612692832947
12 0.8892044425010681
13 0.8646652698516846
14 0.8437039256095886
15 0.8244027495384216
16 0.8054614067077637
17 0.7898815274238586
18 0.7741368412971497
19 0.7587378621101379
20 0.7464094758033752
21 0.7333502173423767
22 0.7208781242370605
23 0.7090538144111633
24 0.697371780872345
25 0.6869902610778809
26 0.6760028600692749
27 0.6642636656761169
28 0.6542035341262817
29 0.6442399621009827
30 0.6347737908363342
31 0.6238744258880615
32 0.6151502132415771
33 0.6063558459281921
34 0.5967066287994385
35 0.5895494818687439
36 0.580768346786499
37 0.5730282664299011
38 0.564281702041626
39 0.5573037266731262
40 0.5497512221336365
41 0.5439867377281189
42 0.5368685722351074
43 0.5310337543487549
44 0.524146318435669
45 0.5183354020118713
46 0.5126047730445862
47 0.5076395869255066
48 0.5017430186271667
49 0.4966757595539093
50 0.49256032705307007
51 0.48665815591812134
52 0.4827153980731964
53 0.478240966796875
54 0.4737233519554138
55 0.46915632486343384
56 0.46370428800582886
57 0.46071723103523254
58 0.45699411630630493
59 0.45227816700935364
60 0.4497474133968353
61 0.44497254490852356
62 0.4418221116065979
63 0.4381924569606781
64 0.43467992544174194
65 0.4316721260547638
66 0.428654283285141
67 0.4252326488494873
68 0.42133843898773193
69 0.4189262092113495
70 0.416491836309433
71 0.4129602909088135
72 0.41066452860832214
73 0.4071232080459595
74 0.4039570987224579
75 0.40165144205093384
76 0.3995330035686493
77 0.3960336148738861
78 0.39450183510780334
79 0.3914629817008972
80 0.3892340064048767
81 0.38719287514686584
82 0.38404417037963867
83 0.3821045458316803
84 0.37980958819389343
85 0.37754279375076294
86 0.3765838146209717
87 0.37356865406036377
88 0.37149596214294434
89 0.3696264922618866
90 0.36863917112350464
91 0.3660747706890106
92 0.3637370765209198
93 0.3618888854980469
94 0.3605089485645294
95 0.35846444964408875
96 0.3574654459953308
97 0.35448914766311646
98 0.35403168201446533
99 0.352253794670105
100 0.35040023922920227
101 0.3485553562641144
102 0.34658586978912354
103 0.34615135192871094
104 0.3436245918273926
105 0.34332916140556335
106 0.3409639298915863
107 0.34048008918762207
108 0.3375105559825897
109 0.3374450206756592
110 0.3361058533191681
111 0.3343547284603119
112 0.33299338817596436
113 0.33285245299339294
114 0.3315332233905792
115 0.32960832118988037
116 0.3293238878250122
117 0.32780078053474426
118 0.3261546790599823
119 0.32569995522499084
120 0.32368776202201843
121 0.3235549330711365
122 0.32222455739974976
123 0.32069268822669983
124 0.3206248879432678
125 0.31914272904396057
126 0.3175351917743683
127 0.3170849084854126
128 0.3166075050830841
129 0.3143896162509918
130 0.31373539566993713
131 0.31426194310188293
132 0.3126009404659271
133 0.31227582693099976
134 0.3098635673522949
135 0.3098856806755066
136 0.3092350661754608
137 0.30789464712142944
138 0.3077065348625183
139 0.30549800395965576
140 0.30605700612068176
141 0.3037969470024109
142 0.3039291501045227
143 0.3026174306869507
144 0.3023585379123688
145 0.3020174503326416
146 0.30167266726493835
147 0.2991410493850708
148 0.29906725883483887
149 0.2986285984516144
150 0.2977762222290039
151 0.29728370904922485
152 0.2973667085170746
153 0.2961052358150482
154 0.29553550481796265
155 0.2939119338989258
156 0.29369252920150757
157 0.29364824295043945
158 0.29266220331192017
159 0.291985422372818
160 0.291665256023407
161 0.29086682200431824
162 0.2903030812740326
163 0.28941234946250916
164 0.2897481620311737
165 0.2884049117565155
166 0.2876560091972351
167 0.286729633808136
168 0.28604400157928467
169 0.285849004983902
170 0.28532370924949646
171 0.28487658500671387
172 0.2843310236930847
173 0.28376299142837524
174 0.2829969823360443
175 0.28242456912994385
176 0.2818160057067871
177 0.28156259655952454
178 0.28073835372924805
179 0.28046321868896484
180 0.2790219187736511
181 0.27811378240585327
182 0.2776608169078827
183 0.27822139859199524
184 0.27598467469215393
185 0.27648913860321045
186 0.27602261304855347
187 0.2761463522911072
188 0.2758799195289612
189 0.27527445554733276
190 0.2748680114746094
191 0.2734495997428894
192 0.27308210730552673
193 0.2728179395198822
194 0.2730698585510254
195 0.27158352732658386
196 0.270856112241745
197 0.2711332142353058
198 0.2697106897830963
199 0.2697959542274475
200 0.26934364438056946
201 0.26891815662384033
202 0.2689577043056488
203 0.26795780658721924
204 0.2673592269420624
205 0.26614004373550415
206 0.26596421003341675
207 0.26622945070266724
208 0.26482975482940674
209 0.26559874415397644
210 0.26483938097953796
211 0.26405102014541626
212 0.26316818594932556
213 0.262849897146225
214 0.263263076543808
215 0.26202934980392456
216 0.2618406414985657
217 0.26061394810676575
218 0.2620493769645691
219 0.25992661714553833
220 0.25989487767219543
221 0.2581835985183716
222 0.25972965359687805
223 0.25687772035598755
224 0.2575814723968506
225 0.25737738609313965
226 0.2568369507789612
227 0.25519484281539917
228 0.25676634907722473
229 0.2555822730064392
230 0.2558998465538025
231 0.25476548075675964
232 0.2567714750766754
233 0.25426381826400757
234 0.2532266080379486
235 0.2534393072128296
236 0.25207629799842834
237 0.2516038417816162
238 0.2515576481819153
239 0.2519359886646271
240 0.25054869055747986
241 0.2506486177444458
242 0.2502484619617462
243 0.2501995861530304
244 0.24845360219478607
245 0.24852079153060913
246 0.24662010371685028
247 0.24743007123470306
248 0.24605929851531982
249 0.24680893123149872
250 0.2474534958600998
251 0.2460619956254959
252 0.24588410556316376
253 0.24396716058254242
254 0.2443975806236267
255 0.24472318589687347
256 0.2450730949640274
257 0.244362473487854
258 0.24339355528354645
259 0.24266192317008972
260 0.24301883578300476
261 0.24308794736862183
262 0.2415296733379364
263 0.24103273451328278
264 0.23907172679901123
265 0.24108663201332092
266 0.2404540628194809
267 0.24033595621585846
268 0.23847267031669617
269 0.23992696404457092
270 0.23752908408641815
271 0.23930624127388
272 0.23728276789188385
273 0.23880432546138763
274 0.23732706904411316
275 0.23661936819553375
276 0.23667603731155396
277 0.23667672276496887
278 0.23687443137168884
279 0.2345709502696991
280 0.234585702419281
281 0.23524223268032074
282 0.23472920060157776
283 0.23359137773513794
284 0.2324645072221756
285 0.23337696492671967
286 0.2326412945985794
287 0.23270125687122345
288 0.23115476965904236
289 0.2313254028558731
290 0.23197531700134277
291 0.2319510132074356
292 0.23033207654953003
293 0.23117023706436157
294 0.23006604611873627
295 0.22901512682437897
296 0.22961905598640442
297 0.22924916446208954
298 0.22973088920116425
299 0.22830070555210114
300 0.22796887159347534
301 0.2282126545906067
302 0.2274300456047058
303 0.2285413146018982
304 0.2275870442390442
305 0.22683057188987732
306 0.22622253000736237
307 0.22567683458328247
308 0.22628313302993774
309 0.22582405805587769
310 0.22448033094406128
311 0.2251981943845749
312 0.22514939308166504
313 0.2243417650461197
314 0.22330054640769958
315 0.22386856377124786
316 0.2223758101463318
317 0.22364768385887146
318 0.22183360159397125
319 0.22317275404930115
320 0.22223781049251556
321 0.22245149314403534
322 0.2223712056875229
323 0.22035224735736847
324 0.21995599567890167
325 0.22113919258117676
326 0.22044581174850464
327 0.22093787789344788
328 0.2200414091348648
329 0.21920223534107208
330 0.2195279747247696
331 0.218812957406044
332 0.21806514263153076
333 0.22041985392570496
334 0.21960830688476562
335 0.21715137362480164
336 0.21787980198860168
337 0.2175925374031067
338 0.2176360934972763
339 0.21713821589946747
340 0.21788831055164337
341 0.2166767716407776
342 0.21595411002635956
343 0.2165420651435852
344 0.21681956946849823
345 0.21667058765888214
346 0.21527105569839478
347 0.21510779857635498
348 0.2159002721309662
349 0.21539203822612762
350 0.21482045948505402
351 0.216072678565979
352 0.2143564373254776
353 0.21414202451705933
354 0.2127229869365692
355 0.21392185986042023
356 0.21375301480293274
357 0.21296174824237823
358 0.21288378536701202
359 0.21345874667167664
360 0.21256865561008453
361 0.21166810393333435
362 0.21274472773075104
363 0.21020829677581787
364 0.21125921607017517
365 0.21095365285873413
366 0.21111181378364563
367 0.2108960896730423
368 0.21074534952640533
369 0.21086063981056213
370 0.21046771109104156
371 0.21040219068527222
372 0.20941928029060364
373 0.20915628969669342
374 0.20850133895874023
375 0.20994558930397034
376 0.20929445326328278
377 0.20854777097702026
378 0.20955973863601685
379 0.20890145003795624
380 0.20925359427928925
381 0.20871256291866302
382 0.2082071453332901
383 0.207858145236969
384 0.20871621370315552
385 0.2085830569267273
386 0.20784451067447662
387 0.2052271068096161
388 0.20731844007968903
389 0.20691156387329102
390 0.2071870118379593
391 0.20590125024318695
392 0.20652179419994354
393 0.20666685700416565
394 0.20592698454856873
395 0.20588181912899017
396 0.2066033035516739
397 0.2059360146522522
398 0.2055264413356781
399 0.20660164952278137
400 0.20537173748016357
