1 1.0940295457839966
2 0.7494993209838867
3 0.5733174085617065
4 0.4639749228954315
5 0.395865261554718
6 0.3342907130718231
7 0.3086657226085663
8 0.2613827586174011
9 0.2443649172782898
10 0.23163339495658875
11 0.22113856673240662
12 0.20653878152370453
13 0.1941705346107483
14 0.185869961977005
15 0.18315376341342926
16 0.17221075296401978
17 0.16448189318180084
18 0.14828330278396606
19 0.15289299190044403
20 0.16084131598472595
21 0.14851237833499908
22 0.14659088850021362
23 0.14191170036792755
24 0.14602479338645935
25 0.13932166993618011
26 0.13456231355667114
27 0.12170615047216415
28 0.14080627262592316
29 0.13630609214305878
30 0.11834646016359329
31 0.13591966032981873
32 0.12196073681116104
33 0.11791480332612991
34 0.1120026558637619
35 0.12360438704490662
36 0.11881951987743378
37 0.10566703975200653
38 0.11744190007448196
39 0.11281141638755798
40 0.14364105463027954
41 0.12127216905355453
42 0.10155769437551498
43 0.11738969385623932
44 0.10196711868047714
45 0.10663876682519913
46 0.12211381644010544
47 0.09820616990327835
48 0.10845731198787689
49 0.10185135900974274
50 0.11063673347234726
51 0.104145348072052
52 0.10652515292167664
53 0.10785284638404846
54 0.11564449220895767
55 0.09675801545381546
56 0.08465886116027832
57 0.10865749418735504
58 0.12813344597816467
59 0.09195420145988464
60 0.10508619993925095
61 0.10662047564983368
62 0.11824192106723785
63 0.10107520967721939
64 0.10056798160076141
65 0.09291441738605499
66 0.09557463973760605
67 0.08753696829080582
68 0.11446203291416168
69 0.10256388038396835
70 0.10944469273090363
71 0.08181081712245941
72 0.10106462240219116
73 0.0833008736371994
74 0.10155586898326874
75 0.1029384657740593
76 0.09198101609945297
77 0.09633239358663559
78 0.1013794094324112
79 0.08144547045230865
80 0.08223196864128113
81 0.09937752783298492
82 0.07792653888463974
83 0.08775123208761215
84 0.08085191249847412
85 0.09121447801589966
86 0.08062496781349182
87 0.09061549603939056
88 0.12372389435768127
89 0.09749621152877808
90 0.08782494813203812
91 0.09698182344436646
92 0.07207275182008743
93 0.08528969436883926
94 0.09373863786458969
95 0.09172311425209045
96 0.09043705463409424
97 0.08464951813220978
98 0.09447608143091202
99 0.09609060734510422
100 0.0925317332148552
101 0.08950146287679672
102 0.08436758071184158
103 0.07890794426202774
104 0.08454032987356186
105 0.09775548428297043
106 0.09736139327287674
107 0.08150611072778702
108 0.08125787228345871
109 0.07444393634796143
110 0.07903366535902023
111 0.0968080684542656
112 0.09635619074106216
113 0.08775646984577179
114 0.15021154284477234
115 0.07916533946990967
116 0.09563841670751572
117 0.07632110267877579
118 0.08307021111249924
119 0.07572504878044128
120 0.08387518674135208
121 0.0811925008893013
122 0.07898586243391037
123 0.08665276318788528
124 0.08481375873088837
125 0.07543011754751205
126 0.08095365762710571
127 0.10407508909702301
128 0.06712356954813004
129 0.09081288427114487
130 0.08070202171802521
131 0.0787024274468422
132 0.0904788076877594
133 0.07675158232450485
134 0.070888951420784
135 0.07897832989692688
136 0.0805567279458046
137 0.10909058898687363
138 0.08433259278535843
139 0.08357666432857513
140 0.07213562726974487
141 0.08742902427911758
142 0.08090440183877945
143 0.07941218465566635
144 0.06377806514501572
145 0.06887990236282349
146 0.07723593711853027
147 0.08128108829259872
148 0.09488660842180252
149 0.0830674096941948
150 0.07443756610155106
151 0.07936760038137436
152 0.07168525457382202
153 0.08490277081727982
154 0.0710097923874855
155 0.08645641058683395
156 0.06922513246536255
157 0.07364673167467117
158 0.07033492624759674
159 0.08127029985189438
160 0.08225616067647934
161 0.1010613664984703
162 0.07802305370569229
163 0.07638195157051086
164 0.07584011554718018
165 0.08225582540035248
166 0.08768902719020844
167 0.1035093292593956
168 0.06907334178686142
169 0.07406216114759445
170 0.09684735536575317
171 0.07676990330219269
172 0.06763039529323578
173 0.08407311886548996
174 0.07862453907728195
175 0.0658985823392868
176 0.0659051313996315
177 0.062416646629571915
178 0.07133622467517853
179 0.07227008789777756
180 0.06166132539510727
181 0.0851912871003151
182 0.07158978283405304
183 0.07172969728708267
184 0.07174862921237946
185 0.0976816788315773
186 0.09574104845523834
187 0.06733977049589157
188 0.08981754630804062
189 0.07196810841560364
190 0.07820546627044678
191 0.07732847332954407
192 0.07371499389410019
193 0.06007387861609459
194 0.08632289618253708
195 0.058751411736011505
196 0.07304571568965912
197 0.06300763785839081
198 0.07678075134754181
199 0.07039743661880493
200 0.0743834599852562
201 0.08927743136882782
202 0.06927041709423065
203 0.0888744369149208
204 0.09824542701244354
205 0.060826290398836136
206 0.08096040040254593
207 0.0878596156835556
208 0.06513412296772003
209 0.06430523097515106
210 0.07147543877363205
211 0.07412684708833694
212 0.07137209922075272
213 0.09423031657934189
214 0.09706303477287292
215 0.06526283174753189
216 0.06699561327695847
217 0.080359548330307
218 0.07081965357065201
219 0.07759420573711395
220 0.07780643552541733
221 0.09054875373840332
222 0.0805504322052002
223 0.07519076764583588
224 0.06054265797138214
225 0.05959366261959076
226 0.06385999917984009
227 0.06619014590978622
228 0.07222937792539597
229 0.07017688453197479
230 0.06275617331266403
231 0.07976662367582321
232 0.06457675248384476
233 0.06961438059806824
234 0.07740891724824905
235 0.08105336129665375
236 0.06732936203479767
237 0.0638962909579277
238 0.07582510262727737
239 0.0625494047999382
240 0.11383810639381409
241 0.11081136018037796
242 0.10185002535581589
243 0.07484199851751328
244 0.07199414819478989
245 0.06615184247493744
246 0.06764066964387894
247 0.07503575831651688
248 0.06790442019701004
249 0.08187989145517349
250 0.05876141041517258
251 0.06349330395460129
252 0.07887569814920425
253 0.057078514248132706
254 0.05676374211907387
255 0.07056957483291626
256 0.152678444981575
257 0.07581374794244766
258 0.07878650724887848
259 0.06633554399013519
260 0.06079184263944626
261 0.06961589306592941
262 0.07109818607568741
263 0.07320284098386765
264 0.05455198884010315
265 0.06031488999724388
266 0.06229351833462715
267 0.05883434787392616
268 0.06042645499110222
269 0.06213570013642311
270 0.08315100520849228
271 0.06711281090974808
272 0.06730528175830841
273 0.06247232109308243
274 0.05372116342186928
275 0.060281574726104736
276 0.05961646884679794
277 0.06585899740457535
278 0.08638813346624374
279 0.06035366654396057
280 0.11068235337734222
281 0.0693199560046196
282 0.07828177511692047
283 0.08938475698232651
284 0.06890043616294861
285 0.08248384296894073
286 0.06226171553134918
287 0.061431024223566055
288 0.06956101208925247
289 0.06475738435983658
290 0.05042657628655434
291 0.06262568384408951
292 0.05405657738447189
293 0.06500176340341568
294 0.06437181681394577
295 0.08864744752645493
296 0.09927880764007568
297 0.059224653989076614
298 0.11077769100666046
299 0.05134133622050285
300 0.07613471895456314
301 0.07549501955509186
302 0.05587657168507576
303 0.0740489810705185
304 0.06882642954587936
305 0.059858303517103195
306 0.06590021401643753
307 0.07694849371910095
308 0.05898989364504814
309 0.07204258441925049
310 0.05931980535387993
311 0.07314164191484451
312 0.0624106302857399
313 0.06441029906272888
314 0.057839103043079376
315 0.05943303555250168
316 0.057554539293050766
317 0.058297187089920044
318 0.0787295401096344
319 0.07706551253795624
320 0.06988268345594406
321 0.056992676109075546
322 0.062154754996299744
323 0.08068452775478363
324 0.06226961314678192
325 0.05121541768312454
326 0.058949749916791916
327 0.09451711177825928
328 0.0770007073879242
329 0.06410791724920273
330 0.056930068880319595
331 0.06185207888484001
332 0.053792554885149
333 0.05861271172761917
334 0.07023743540048599
335 0.06288918852806091
336 0.05624360963702202
337 0.058744605630636215
338 0.07320819795131683
339 0.06481162458658218
340 0.060144539922475815
341 0.052222397178411484
342 0.060853343456983566
343 0.057980094105005264
344 0.0613192580640316
345 0.0857459008693695
346 0.06611702591180801
347 0.0641060471534729
348 0.053964633494615555
349 0.10178621113300323
350 0.08022361248731613
351 0.07781004905700684
352 0.06590142101049423
353 0.06907001882791519
354 0.06298573315143585
355 0.06459645181894302
356 0.05388803035020828
357 0.06258285790681839
358 0.07150404155254364
359 0.06717738509178162
360 0.06513247638940811
361 0.09400240331888199
362 0.057446129620075226
363 0.06114004924893379
364 0.07143508642911911
365 0.06118535250425339
366 0.07303827255964279
367 0.05189870670437813
368 0.057350773364305496
369 0.05157265439629555
370 0.06636140495538712
371 0.06220870465040207
372 0.0632564127445221
373 0.09177235513925552
374 0.050253815948963165
375 0.06484406441450119
376 0.05940653383731842
377 0.055384472012519836
378 0.11508991569280624
379 0.07646916806697845
380 0.050585053861141205
381 0.05089529976248741
382 0.06477858126163483
383 0.061693642288446426
384 0.05308281257748604
385 0.050119441002607346
386 0.07073909044265747
387 0.07607287913560867
388 0.06141913682222366
389 0.0633971318602562
390 0.0680939257144928
391 0.05967896059155464
392 0.061939552426338196
393 0.05673174560070038
394 0.05404558405280113
395 0.07002076506614685
396 0.07569070160388947
397 0.08071944117546082
398 0.060301244258880615
399 0.050115443766117096
400 0.05311305820941925
