1 1.1777690649032593
2 1.1291838884353638
3 1.0681850910186768
4 0.9943652749061584
5 0.9217919707298279
6 0.8523007035255432
7 0.7904131412506104
8 0.7362512946128845
9 0.6924046874046326
10 0.6532914638519287
11 0.6192400455474854
12 0.5908237099647522
13 0.5637511610984802
14 0.5360803008079529
15 0.5167741775512695
16 0.4964609146118164
17 0.47139787673950195
18 0.45659133791923523
19 0.4368400573730469
20 0.42032191157341003
21 0.40311843156814575
22 0.3860701024532318
23 0.37140411138534546
24 0.3602459728717804
25 0.34793031215667725
26 0.333156555891037
27 0.321764200925827
28 0.31123557686805725
29 0.30095192790031433
30 0.293049156665802
31 0.2806525230407715
32 0.2725383937358856
33 0.26809239387512207
34 0.26018258929252625
35 0.25303134322166443
36 0.24657316505908966
37 0.24104639887809753
38 0.23674562573432922
39 0.22995001077651978
40 0.22489838302135468
41 0.2209004908800125
42 0.21848218142986298
43 0.21230244636535645
44 0.2062532901763916
45 0.20509816706180573
46 0.20310761034488678
47 0.20005585253238678
48 0.19213326275348663
49 0.19082802534103394
50 0.18693551421165466
51 0.1832260936498642
52 0.18226581811904907
53 0.1803475171327591
54 0.1773189753293991
55 0.17455346882343292
56 0.17571982741355896
57 0.17059491574764252
58 0.1696493774652481
59 0.16466805338859558
60 0.16296441853046417
61 0.16239316761493683
62 0.16082249581813812
63 0.15867125988006592
64 0.15783652663230896
65 0.1554681658744812
66 0.1542491316795349
67 0.15131697058677673
68 0.15167632699012756
69 0.15057392418384552
70 0.14606733620166779
71 0.14460590481758118
72 0.14369429647922516
73 0.1426687091588974
74 0.14158129692077637
75 0.14333227276802063
76 0.13965821266174316
77 0.14073076844215393
78 0.14121213555335999
79 0.13612310588359833
80 0.13458719849586487
81 0.13334843516349792
82 0.13233187794685364
83 0.13146299123764038
84 0.13367901742458344
85 0.12784019112586975
86 0.12853233516216278
87 0.12852655351161957
88 0.12856589257717133
89 0.12699438631534576
90 0.12487079203128815
91 0.12674106657505035
92 0.1240922287106514
93 0.12342768907546997
94 0.12432955950498581
95 0.1241944208741188
96 0.1196063682436943
97 0.12172611057758331
98 0.11751433461904526
99 0.11985353380441666
100 0.11887717247009277
101 0.11716438829898834
102 0.11532694101333618
103 0.11519192159175873
104 0.11618389934301376
105 0.11357700824737549
106 0.1160757839679718
107 0.11415858566761017
108 0.11312878131866455
109 0.11085093021392822
110 0.11177437752485275
111 0.11008308827877045
112 0.11035371571779251
113 0.10875754058361053
114 0.10972494632005692
115 0.10911726206541061
116 0.10710776597261429
117 0.10637912899255753
118 0.10602833330631256
119 0.10555823892354965
120 0.10540105402469635
121 0.11127307265996933
122 0.10581275820732117
123 0.10778160393238068
124 0.10242434591054916
125 0.10274990648031235
126 0.10249244421720505
127 0.10345892608165741
128 0.10448318719863892
129 0.1023155078291893
130 0.1034897193312645
131 0.10213828086853027
132 0.09975326061248779
133 0.1008540615439415
134 0.10176913440227509
135 0.09969543665647507
136 0.10080671310424805
137 0.09884119778871536
138 0.10238277912139893
139 0.09657222032546997
140 0.09667474031448364
141 0.09805897623300552
142 0.09563644230365753
143 0.0968882218003273
144 0.09539517760276794
145 0.09627679735422134
146 0.09452199190855026
147 0.09571068733930588
148 0.09824248403310776
149 0.09416816383600235
150 0.09448094666004181
151 0.09347952902317047
152 0.09296218305826187
153 0.09221187233924866
154 0.09095034003257751
155 0.09663481265306473
156 0.09028948843479156
157 0.09245539456605911
158 0.09074504673480988
159 0.09408515691757202
160 0.09161430597305298
161 0.0912003368139267
162 0.09000033885240555
163 0.09093713760375977
164 0.090611033141613
165 0.08986210823059082
166 0.08931761980056763
167 0.09083829075098038
168 0.09062578529119492
169 0.08899171650409698
170 0.08750466257333755
171 0.08713311702013016
172 0.0875396728515625
173 0.09006179869174957
174 0.08769020438194275
175 0.0868530124425888
176 0.09004942327737808
177 0.08768952637910843
178 0.0866941288113594
179 0.08822914958000183
180 0.08536521345376968
181 0.08652638643980026
182 0.0854540541768074
183 0.08399619907140732
184 0.08653035759925842
185 0.08322779089212418
186 0.0840623527765274
187 0.08518645167350769
188 0.08550052344799042
189 0.08228374272584915
190 0.0835656002163887
191 0.08570148795843124
192 0.08312982320785522
193 0.08119264990091324
194 0.08219856023788452
195 0.083596371114254
196 0.0840071365237236
197 0.08221521228551865
198 0.0805298238992691
199 0.08121887594461441
200 0.0802125334739685
201 0.08167678117752075
202 0.08210668712854385
203 0.07952210307121277
204 0.07893959432840347
205 0.08095952123403549
206 0.08036571741104126
207 0.07828662544488907
208 0.07925830781459808
209 0.08069215714931488
210 0.08138295263051987
211 0.07932945340871811
212 0.07753892987966537
213 0.07837022095918655
214 0.07940168678760529
215 0.07659342885017395
216 0.07882469147443771
217 0.07811347395181656
218 0.07690208405256271
219 0.08097148686647415
220 0.08044134825468063
221 0.07735002040863037
222 0.0770876407623291
223 0.07900483161211014
224 0.07859291136264801
225 0.07712844014167786
226 0.07694724947214127
227 0.07885904610157013
228 0.07724626362323761
229 0.07645171135663986
230 0.0768832266330719
231 0.07666188478469849
232 0.0776137262582779
233 0.07359864562749863
234 0.07320629060268402
235 0.0783846378326416
236 0.07611473649740219
237 0.07711518555879593
238 0.07406837493181229
239 0.07346776872873306
240 0.0752178430557251
241 0.07460738718509674
242 0.07364633679389954
243 0.07223279774188995
244 0.07418923079967499
245 0.07374042272567749
246 0.07327564060688019
247 0.07175669819116592
248 0.0730365440249443
249 0.0755295678973198
250 0.07502015680074692
251 0.07022460550069809
252 0.07285760343074799
253 0.07233740389347076
254 0.07205361872911453
255 0.071696937084198
256 0.07290878891944885
257 0.07064690440893173
258 0.07131034880876541
259 0.07264210283756256
260 0.07229974865913391
261 0.07407073676586151
262 0.07415039092302322
263 0.07030282914638519
264 0.07364356517791748
265 0.07123672217130661
266 0.07154931128025055
267 0.06921595335006714
268 0.0704406276345253
269 0.06972180306911469
270 0.07137151062488556
271 0.06817780435085297
272 0.0709659606218338
273 0.07059818506240845
274 0.07181686908006668
275 0.0692618265748024
276 0.07085154205560684
277 0.06793759018182755
278 0.06839500367641449
279 0.06859257817268372
280 0.07059883326292038
281 0.06769927591085434
282 0.06909777224063873
283 0.06963438540697098
284 0.06923046708106995
285 0.06766646355390549
286 0.06930345296859741
287 0.07110407948493958
288 0.06856538355350494
289 0.06908651441335678
290 0.06768272072076797
291 0.07028956711292267
292 0.06747167557477951
293 0.06655263900756836
294 0.0714707300066948
295 0.06652386486530304
296 0.06868593394756317
297 0.06640907377004623
298 0.06739884614944458
299 0.06765183806419373
300 0.06955515593290329
301 0.0659477636218071
302 0.06802646070718765
303 0.06744071841239929
304 0.06744320690631866
305 0.06760037690401077
306 0.06597882509231567
307 0.06520969420671463
308 0.06494244933128357
309 0.06694422662258148
310 0.06713918596506119
311 0.06455976516008377
312 0.06723771244287491
313 0.06942853331565857
314 0.06578362733125687
315 0.06695260852575302
316 0.06423665583133698
317 0.06526060402393341
318 0.06486248970031738
319 0.0651274025440216
320 0.06471863389015198
321 0.06413285434246063
322 0.06716489046812057
323 0.06847991049289703
324 0.0676494687795639
325 0.06620615720748901
326 0.06402633339166641
327 0.06424958258867264
328 0.06469543278217316
329 0.06781377643346786
330 0.061727043241262436
331 0.06146344169974327
332 0.06275788694620132
333 0.06306169182062149
334 0.06293977051973343
335 0.06165850907564163
336 0.06411341577768326
337 0.06681376695632935
338 0.061267733573913574
339 0.06410854309797287
340 0.06489353626966476
341 0.062062058597803116
342 0.0683799758553505
343 0.06271973252296448
344 0.06450684368610382
345 0.06161999702453613
346 0.0655718594789505
347 0.06288156658411026
348 0.06273867934942245
349 0.06159229204058647
350 0.06239025294780731
351 0.06297154724597931
352 0.06303446739912033
353 0.06377192586660385
354 0.06395144015550613
355 0.062153615057468414
356 0.06364165246486664
357 0.06554724276065826
358 0.06369894742965698
359 0.06183989718556404
360 0.06141538545489311
361 0.059397030621767044
362 0.06330379098653793
363 0.06146874278783798
364 0.061051081866025925
365 0.06336701661348343
366 0.061182230710983276
367 0.06274216622114182
368 0.0601162314414978
369 0.06300263106822968
370 0.05946426838636398
371 0.060777127742767334
372 0.06217421591281891
373 0.05979126691818237
374 0.06151266023516655
375 0.06127363443374634
376 0.06060030311346054
377 0.059499818831682205
378 0.06127512827515602
379 0.06064726412296295
380 0.05772163346409798
381 0.06007621809840202
382 0.06383678317070007
383 0.059588588774204254
384 0.05865037441253662
385 0.06146449223160744
386 0.05999598652124405
387 0.05918433517217636
388 0.059697140008211136
389 0.06079399213194847
390 0.05599695071578026
391 0.05850692465901375
392 0.06207030266523361
393 0.05952915921807289
394 0.061455268412828445
395 0.05751027539372444
396 0.055950842797756195
397 0.060374584048986435
398 0.05858525633811951
399 0.06023741140961647
400 0.06177813559770584
