1 1.2784433364868164
2 1.1810365915298462
3 1.1730388402938843
4 1.1624257564544678
5 1.145397663116455
6 1.1214144229888916
7 1.0882039070129395
8 1.050537347793579
9 1.0088629722595215
10 0.9681615233421326
11 0.9307395219802856
12 0.8949122428894043
13 0.8617080450057983
14 0.8320483565330505
15 0.8037596940994263
16 0.7782440185546875
17 0.7541252374649048
18 0.7328540086746216
19 0.7141736745834351
20 0.6953412294387817
21 0.6790538430213928
22 0.664063036441803
23 0.6500524878501892
24 0.6367238759994507
25 0.6239351034164429
26 0.6138116717338562
27 0.6036680936813354
28 0.5931263566017151
29 0.5841358304023743
30 0.5762495398521423
31 0.5686901807785034
32 0.5611295700073242
33 0.5521988272666931
34 0.5460163950920105
35 0.5389676094055176
36 0.5331677198410034
37 0.5263830423355103
38 0.5208064317703247
39 0.5147093534469604
40 0.5092025399208069
41 0.5046815872192383
42 0.4996509552001953
43 0.4945978820323944
44 0.4883336126804352
45 0.483917772769928
46 0.4792238175868988
47 0.47532713413238525
48 0.47035887837409973
49 0.4664350748062134
50 0.4620360732078552
51 0.4586123526096344
52 0.45399194955825806
53 0.45048922300338745
54 0.44616833329200745
55 0.4425767958164215
56 0.4376291036605835
57 0.4351225197315216
58 0.430880606174469
59 0.42803144454956055
60 0.4255692958831787
61 0.42079153656959534
62 0.41753891110420227
63 0.41437268257141113
64 0.41172492504119873
65 0.40708404779434204
66 0.40424415469169617
67 0.4014512300491333
68 0.3992895781993866
69 0.3951528072357178
70 0.39269647002220154
71 0.3901330530643463
72 0.3873990476131439
73 0.3851126432418823
74 0.3815793991088867
75 0.37927934527397156
76 0.37611743807792664
77 0.37327542901039124
78 0.3704849183559418
79 0.3673001527786255
80 0.3665587604045868
81 0.3632211983203888
82 0.3619154691696167
83 0.3589526116847992
84 0.35749590396881104
85 0.3535882234573364
86 0.35117414593696594
87 0.3489225506782532
88 0.34610041975975037
89 0.344716340303421
90 0.34320563077926636
91 0.34062960743904114
92 0.3377995491027832
93 0.3366648852825165
94 0.3348657786846161
95 0.3326375186443329
96 0.33076104521751404
97 0.32800912857055664
98 0.3259272873401642
99 0.32407793402671814
100 0.3220955729484558
101 0.32199278473854065
102 0.31889140605926514
103 0.31751519441604614
104 0.3149666488170624
105 0.3135600686073303
106 0.3109011650085449
107 0.30976733565330505
108 0.30870696902275085
109 0.30668899416923523
110 0.30492448806762695
111 0.30283322930336
112 0.3009803593158722
113 0.29968324303627014
114 0.2981177568435669
115 0.2962018549442291
116 0.29526787996292114
117 0.29403793811798096
118 0.29058173298835754
119 0.29097259044647217
120 0.2883853614330292
121 0.287322998046875
122 0.28681838512420654
123 0.28402093052864075
124 0.28433212637901306
125 0.28202977776527405
126 0.2810739278793335
127 0.27902403473854065
128 0.27842533588409424
129 0.2767125070095062
130 0.27541545033454895
131 0.2747129499912262
132 0.2745179235935211
133 0.2723925709724426
134 0.27191048860549927
135 0.27047139406204224
136 0.26874005794525146
137 0.2677227854728699
138 0.2664090394973755
139 0.26476776599884033
140 0.2648516595363617
141 0.263871967792511
142 0.2639691233634949
143 0.26195773482322693
144 0.2610466480255127
145 0.25996848940849304
146 0.2587984502315521
147 0.25842049717903137
148 0.2569849491119385
149 0.2565464377403259
150 0.25442448258399963
151 0.2549501657485962
152 0.25410616397857666
153 0.25316348671913147
154 0.2532689869403839
155 0.2515011131763458
156 0.2503161132335663
157 0.250454306602478
158 0.25036588311195374
159 0.24898768961429596
160 0.2475677877664566
161 0.24723447859287262
162 0.24600329995155334
163 0.24701498448848724
164 0.24591375887393951
165 0.2443113625049591
166 0.24338819086551666
167 0.24409480392932892
168 0.24256029725074768
169 0.2431897670030594
170 0.24214661121368408
171 0.2421274483203888
172 0.240921288728714
173 0.24005427956581116
174 0.23961174488067627
175 0.2392340451478958
176 0.23843730986118317
177 0.2379722148180008
178 0.23824000358581543
179 0.2373584806919098
180 0.2362930178642273
181 0.23698189854621887
182 0.2359035760164261
183 0.23413456976413727
184 0.2342826873064041
185 0.2364290952682495
186 0.2353544384241104
187 0.23421192169189453
188 0.23387648165225983
189 0.23214848339557648
190 0.2319333553314209
191 0.23163673281669617
192 0.23059839010238647
193 0.2298903912305832
194 0.23043666779994965
195 0.23003503680229187
196 0.22979949414730072
197 0.22972290217876434
198 0.22841022908687592
199 0.22965790331363678
200 0.22791609168052673
201 0.22810335457324982
202 0.2281406819820404
203 0.22663675248622894
204 0.2268533706665039
205 0.22654515504837036
206 0.22544445097446442
207 0.22601209580898285
208 0.22420895099639893
209 0.22498494386672974
210 0.22480300068855286
211 0.2236434370279312
212 0.22441142797470093
213 0.22405874729156494
214 0.22172796726226807
215 0.22259621322155
216 0.22398225963115692
217 0.22186976671218872
218 0.22151263058185577
219 0.22116069495677948
220 0.22151045501232147
221 0.22024138271808624
222 0.22097060084342957
223 0.21990317106246948
224 0.2196604311466217
225 0.22001630067825317
226 0.22011065483093262
227 0.21835355460643768
228 0.21922704577445984
229 0.21901588141918182
230 0.21826836466789246
231 0.21762076020240784
232 0.21739473938941956
233 0.2166590392589569
234 0.21715284883975983
235 0.21704673767089844
236 0.21581444144248962
237 0.21643713116645813
238 0.21543829143047333
239 0.21533547341823578
240 0.2155710756778717
241 0.21526691317558289
242 0.21407969295978546
243 0.21345986425876617
244 0.21446943283081055
245 0.2123398333787918
246 0.21390433609485626
247 0.21358317136764526
248 0.21358329057693481
249 0.21279464662075043
250 0.2125602811574936
251 0.21070687472820282
252 0.21336129307746887
253 0.21135538816452026
254 0.21104796230793
255 0.2119973599910736
256 0.21056631207466125
257 0.21039634943008423
258 0.21205589175224304
259 0.21040107309818268
260 0.20980364084243774
261 0.2117866426706314
262 0.2102195918560028
263 0.20896762609481812
264 0.2083825021982193
265 0.21044331789016724
266 0.2086808979511261
267 0.20919205248355865
268 0.20887768268585205
269 0.20838016271591187
270 0.2071148306131363
271 0.2080938071012497
272 0.20917834341526031
273 0.20632126927375793
274 0.2077326625585556
275 0.2068951576948166
276 0.20671358704566956
277 0.2062598019838333
278 0.2068682312965393
279 0.20556804537773132
280 0.2050788551568985
281 0.20531953871250153
282 0.20561417937278748
283 0.20596961677074432
284 0.20432516932487488
285 0.2055792659521103
286 0.20435155928134918
287 0.20393992960453033
288 0.20426394045352936
289 0.20439502596855164
290 0.2041575312614441
291 0.20335623621940613
292 0.20301543176174164
293 0.20361001789569855
294 0.20342953503131866
295 0.20299939811229706
296 0.20318792760372162
297 0.20312610268592834
298 0.20085912942886353
299 0.20186445116996765
300 0.2004299759864807
301 0.20232106745243073
302 0.20174838602542877
303 0.20159880816936493
304 0.20090319216251373
305 0.20181401073932648
306 0.1995125710964203
307 0.2005053162574768
308 0.20138436555862427
309 0.2003209888935089
310 0.2001495063304901
311 0.1998995542526245
312 0.19930784404277802
313 0.19951410591602325
314 0.20038214325904846
315 0.20008203387260437
316 0.19963109493255615
317 0.19889630377292633
318 0.19856131076812744
319 0.19891689717769623
320 0.1987786889076233
321 0.19769909977912903
322 0.19767990708351135
323 0.19817091524600983
324 0.1973688006401062
325 0.19639191031455994
326 0.19810952246189117
327 0.19773991405963898
328 0.1969296783208847
329 0.1966065764427185
330 0.1954449564218521
331 0.19582489132881165
332 0.19658538699150085
333 0.1957421898841858
334 0.196737602353096
335 0.1959022432565689
336 0.19407372176647186
337 0.1950429379940033
338 0.19572147727012634
339 0.19486042857170105
340 0.19580410420894623
341 0.19581696391105652
342 0.19539318978786469
343 0.19461993873119354
344 0.19388259947299957
345 0.19453571736812592
346 0.19368812441825867
347 0.19462981820106506
348 0.19347020983695984
349 0.19411474466323853
350 0.19292601943016052
351 0.19332891702651978
352 0.19352789223194122
353 0.1929362267255783
354 0.19294600188732147
355 0.19064250588417053
356 0.19269661605358124
357 0.19070519506931305
358 0.1924460083246231
359 0.19044004380702972
360 0.19249700009822845
361 0.1916733682155609
362 0.1909984052181244
363 0.19279037415981293
364 0.19069436192512512
365 0.19224987924098969
366 0.19070692360401154
367 0.1911124438047409
368 0.192501038312912
369 0.19039615988731384
370 0.1881353259086609
371 0.18951834738254547
372 0.19061364233493805
373 0.18941666185855865
374 0.18967431783676147
375 0.18990176916122437
376 0.1904064416885376
377 0.1885744035243988
378 0.18986308574676514
379 0.1887432485818863
380 0.1886059045791626
381 0.18828636407852173
382 0.18919438123703003
383 0.18774357438087463
384 0.18864133954048157
385 0.1880243867635727
386 0.1883351057767868
387 0.18823722004890442
388 0.18665377795696259
389 0.18772074580192566
390 0.18773478269577026
391 0.1875581294298172
392 0.18681840598583221
393 0.1871061772108078
394 0.18722335994243622
395 0.1861758679151535
396 0.18668776750564575
397 0.18703213334083557
398 0.18724940717220306
399 0.18647657334804535
400 0.18741905689239502
