1 1.2751878499984741
2 1.2242952585220337
3 1.2296969890594482
4 1.22110116481781
5 1.264491319656372
6 1.2412797212600708
7 1.2459447383880615
8 1.6723921298980713
9 1.3236093521118164
10 1.2132117748260498
11 1.2224490642547607
12 1.220427393913269
13 1.238637924194336
14 1.2671406269073486
15 1.2584397792816162
16 1.2257932424545288
17 1.220625877380371
18 1.2464836835861206
19 1.219946026802063
20 1.2223327159881592
21 1.2375677824020386
22 1.2173492908477783
23 1.2202776670455933
24 1.222307801246643
25 1.2376631498336792
26 1.21961510181427
27 1.2270163297653198
28 1.2234694957733154
29 1.2349717617034912
30 1.2422868013381958
31 1.2296102046966553
32 1.2381399869918823
33 1.246909499168396
34 1.2368266582489014
35 1.2274335622787476
36 1.214715838432312
37 1.2253884077072144
38 1.2532399892807007
39 1.2482448816299438
40 1.2147889137268066
41 1.2372643947601318
42 1.223877191543579
43 1.2412335872650146
44 1.2334918975830078
45 1.265307903289795
46 1.2311434745788574
47 1.3349754810333252
48 1.2263972759246826
49 1.233011245727539
50 1.2409486770629883
51 1.249705195426941
52 1.2464178800582886
53 1.2369970083236694
54 1.2145709991455078
55 1.2324784994125366
56 1.2347151041030884
57 1.231902003288269
58 1.2325901985168457
59 1.2513024806976318
60 1.2266993522644043
61 1.2289824485778809
62 1.2508344650268555
63 1.2312891483306885
64 1.2257975339889526
65 1.2259782552719116
66 1.230209231376648
67 1.2265278100967407
68 1.2509312629699707
69 1.2462797164916992
70 1.2270855903625488
71 1.2208211421966553
72 1.2380410432815552
73 1.2257652282714844
74 1.2412434816360474
75 1.2354146242141724
76 1.23612642288208
77 1.242863416671753
78 1.2318450212478638
79 1.2256025075912476
80 1.226346731185913
81 1.2368942499160767
82 1.220913052558899
83 1.2423192262649536
84 1.2315104007720947
85 1.2330641746520996
86 1.2553659677505493
87 1.2350142002105713
88 1.2298321723937988
89 1.2539088726043701
90 1.2227427959442139
91 1.2417103052139282
92 1.236943244934082
93 1.2441351413726807
94 1.2561683654785156
95 1.239046335220337
96 1.2376424074172974
97 1.2191358804702759
98 1.2345905303955078
99 1.2350175380706787
100 1.2395155429840088
101 1.2477141618728638
102 1.2502995729446411
103 1.2709566354751587
104 1.2306820154190063
105 1.2244936227798462
106 1.2374802827835083
107 1.2126271724700928
108 1.255468487739563
109 1.2518976926803589
110 1.2525194883346558
111 1.2161898612976074
112 1.230358600616455
113 1.2280489206314087
114 1.2169076204299927
115 1.241500735282898
116 1.2324796915054321
117 1.2260316610336304
118 1.2720768451690674
119 1.2337911128997803
120 1.240842580795288
121 1.2414573431015015
122 1.2192236185073853
123 1.2349933385849
124 1.2280489206314087
125 1.2383556365966797
126 1.2444730997085571
127 1.2205040454864502
128 1.2366068363189697
129 1.2454323768615723
130 1.2238370180130005
131 1.2500883340835571
132 1.2217518091201782
133 1.2281280755996704
134 1.2275629043579102
135 1.2363001108169556
136 1.2280160188674927
137 1.2327957153320312
138 1.241965651512146
139 1.2288693189620972
140 1.2330682277679443
141 1.2311944961547852
142 1.3808032274246216
143 1.2432763576507568
144 1.2272372245788574
145 1.2352296113967896
146 1.2304842472076416
147 1.2198302745819092
148 1.2502620220184326
149 1.226890206336975
150 1.2593871355056763
151 1.243280053138733
152 1.2309690713882446
153 1.2423095703125
154 1.2272671461105347
155 1.226216197013855
156 1.255499005317688
157 1.2395137548446655
158 1.232116460800171
159 1.232426404953003
160 1.234043002128601
161 1.2369128465652466
162 1.2539907693862915
163 1.237579345703125
164 1.217789888381958
165 1.219423532485962
166 1.222638726234436
167 1.2292098999023438
168 1.2580139636993408
169 1.233496904373169
170 1.226327896118164
171 1.253198266029358
172 1.2504040002822876
173 1.2130746841430664
174 1.2301983833312988
175 1.2603490352630615
176 1.2386523485183716
177 1.2207505702972412
178 1.224877953529358
179 1.2593032121658325
180 1.2357127666473389
181 1.2585242986679077
182 1.2263258695602417
183 1.2370249032974243
184 1.2182732820510864
185 1.2368016242980957
186 1.2254828214645386
187 1.254427433013916
188 1.245140552520752
189 1.2419902086257935
190 1.2286038398742676
191 1.2154643535614014
192 1.2055079936981201
193 1.232543706893921
194 1.2623769044876099
195 1.2200907468795776
196 1.2346709966659546
197 1.2411918640136719
198 1.2280575037002563
199 1.2563562393188477
200 1.2271578311920166
201 1.220441222190857
202 1.2412043809890747
203 1.2341636419296265
204 1.2348295450210571
205 1.2319719791412354
206 1.2331229448318481
207 1.2256413698196411
208 1.2409311532974243
209 1.2107795476913452
210 1.2443664073944092
211 1.2637592554092407
212 1.211432695388794
213 1.243348240852356
214 1.2386236190795898
215 1.237593412399292
216 1.2372357845306396
217 1.2213921546936035
218 1.2470918893814087
219 1.235593318939209
220 1.2237133979797363
221 1.2286819219589233
222 1.2488003969192505
223 1.2179385423660278
224 1.2386822700500488
225 1.2329360246658325
226 1.2318757772445679
227 1.232770562171936
228 1.2753715515136719
229 1.2340278625488281
230 1.2481518983840942
231 1.2346042394638062
232 1.2251265048980713
233 1.2530966997146606
234 1.233353853225708
235 1.265362024307251
236 1.2193459272384644
237 1.252897024154663
238 1.235129475593567
239 1.2235643863677979
240 1.2404662370681763
241 1.2271783351898193
242 1.223212480545044
243 1.2536436319351196
244 1.2673728466033936
245 1.2433652877807617
246 1.2282040119171143
247 1.2356237173080444
248 1.2354695796966553
249 1.2236237525939941
250 1.2204866409301758
251 1.2310404777526855
252 1.2500746250152588
253 1.2668672800064087
254 1.2509844303131104
255 1.24408757686615
256 1.247280478477478
257 1.216968059539795
258 1.219841480255127
259 1.2251930236816406
260 1.2618674039840698
261 1.2255010604858398
262 1.235343098640442
263 1.2404310703277588
264 1.2174484729766846
265 1.2225340604782104
266 1.249109148979187
267 1.226481318473816
268 1.2222013473510742
269 1.2301206588745117
270 1.2329293489456177
271 1.2367238998413086
272 1.2353440523147583
273 1.2315644025802612
274 1.239263653755188
275 1.2490307092666626
276 1.2321738004684448
277 1.2354905605316162
278 1.2428531646728516
279 1.224888801574707
280 1.218945860862732
281 1.2432290315628052
282 1.2369511127471924
283 1.2103208303451538
284 1.2441165447235107
285 1.2399084568023682
286 1.2405375242233276
287 1.2348469495773315
288 1.2497942447662354
289 1.2292777299880981
290 1.2308717966079712
291 1.2183351516723633
292 1.2571865320205688
293 1.2485748529434204
294 1.2301719188690186
295 1.229312777519226
296 1.236396312713623
297 1.2474374771118164
298 1.2196496725082397
299 1.2325586080551147
300 1.2406103610992432
301 1.2544914484024048
302 1.2450554370880127
303 1.2395765781402588
304 1.2210015058517456
305 1.2347619533538818
306 1.2365394830703735
307 1.2240546941757202
308 1.247375249862671
309 1.228421688079834
310 1.245759129524231
311 1.2271236181259155
312 1.2357978820800781
313 1.2358626127243042
314 1.2254183292388916
315 1.240309715270996
316 1.2664101123809814
317 1.238274335861206
318 1.2447749376296997
319 1.244429111480713
320 1.231102705001831
321 1.2459745407104492
322 1.2196959257125854
323 1.2492152452468872
324 1.2396475076675415
325 1.2286747694015503
326 1.2364500761032104
327 1.255470633506775
328 1.2227604389190674
329 1.2412222623825073
330 1.2337137460708618
331 1.2259653806686401
332 1.2268904447555542
333 1.2535483837127686
334 1.229162573814392
335 1.2331572771072388
336 1.2356505393981934
337 1.2363927364349365
338 1.2425140142440796
339 1.2166742086410522
340 1.2299951314926147
341 1.2523338794708252
342 1.238237977027893
343 1.2269752025604248
344 1.2456270456314087
345 1.245775818824768
346 1.2266316413879395
347 1.2452123165130615
348 1.2582213878631592
349 1.240781307220459
350 1.2353795766830444
351 1.2664661407470703
352 1.2235394716262817
353 1.2363358736038208
354 1.2296112775802612
355 1.2382757663726807
356 1.2434183359146118
357 1.238403558731079
358 1.237517237663269
359 1.2367100715637207
360 1.2247236967086792
361 1.2388280630111694
362 1.2323102951049805
363 1.2399541139602661
364 1.2428640127182007
365 1.2414129972457886
366 1.2349048852920532
367 1.2170685529708862
368 1.2291728258132935
369 1.2197569608688354
370 1.3106979131698608
371 1.2398841381072998
372 1.2421542406082153
373 1.22852623462677
374 1.239926815032959
375 1.2327951192855835
376 1.2261536121368408
377 1.2231203317642212
378 1.2558640241622925
379 1.2610903978347778
380 1.223382592201233
381 1.241361141204834
382 1.2488994598388672
383 1.2269935607910156
384 1.2261340618133545
385 1.2451872825622559
386 1.2238986492156982
387 1.2370238304138184
388 1.2587336301803589
389 1.2791292667388916
390 1.2332077026367188
391 1.2284116744995117
392 1.209707260131836
393 1.2384201288223267
394 1.2241278886795044
395 1.2314950227737427
396 1.2423467636108398
397 1.2267136573791504
398 1.2510915994644165
399 1.2357831001281738
400 1.2362875938415527
