1 1.284535527229309
2 1.2573843002319336
3 1.2343686819076538
4 1.2645152807235718
5 1.2647250890731812
6 1.2593384981155396
7 1.2583630084991455
8 1.259157657623291
9 1.2737940549850464
10 1.253029227256775
11 1.2432116270065308
12 1.24335777759552
13 1.2708837985992432
14 1.2642799615859985
15 1.2700027227401733
16 1.26058030128479
17 1.2697980403900146
18 1.2452080249786377
19 1.274773359298706
20 1.244372844696045
21 1.2421419620513916
22 1.2470866441726685
23 1.2853477001190186
24 1.2537957429885864
25 1.2606121301651
26 1.25791597366333
27 1.2716894149780273
28 1.2725425958633423
29 1.2521393299102783
30 1.2551530599594116
31 1.2735966444015503
32 1.2493714094161987
33 1.2498971223831177
34 1.255181908607483
35 1.2435600757598877
36 1.2422438859939575
37 1.236871361732483
38 1.276817798614502
39 1.2760100364685059
40 1.2649303674697876
41 1.265546441078186
42 1.2417380809783936
43 1.2880204916000366
44 1.2602580785751343
45 1.2662973403930664
46 1.242964506149292
47 1.2631700038909912
48 1.2650953531265259
49 1.252465009689331
50 1.248551845550537
51 1.2565652132034302
52 1.2630491256713867
53 1.2542541027069092
54 1.2628450393676758
55 1.2529853582382202
56 1.258579134941101
57 1.2559293508529663
58 1.28209388256073
59 1.2553454637527466
60 1.2631757259368896
61 1.2384662628173828
62 1.2418957948684692
63 1.2384744882583618
64 1.2611901760101318
65 1.2539581060409546
66 1.2462133169174194
67 1.240268588066101
68 1.262804627418518
69 1.2507742643356323
70 1.248278021812439
71 1.2513870000839233
72 1.2599756717681885
73 1.248952031135559
74 1.2694169282913208
75 1.2649257183074951
76 1.2541717290878296
77 1.2465609312057495
78 1.2638424634933472
79 1.2633056640625
80 1.2565927505493164
81 1.2491987943649292
82 1.2726027965545654
83 1.2566735744476318
84 1.2534213066101074
85 1.2753790616989136
86 1.2674797773361206
87 1.2493212223052979
88 1.2544810771942139
89 1.269565224647522
90 1.2523233890533447
91 1.2563226222991943
92 1.2389183044433594
93 1.2471619844436646
94 1.2546916007995605
95 1.2661374807357788
96 1.258150577545166
97 1.2435059547424316
98 1.2686134576797485
99 1.2408376932144165
100 1.2599183320999146
101 1.260769248008728
102 1.269492745399475
103 1.258679986000061
104 1.2437701225280762
105 1.2786271572113037
106 1.2358031272888184
107 1.2501300573349
108 1.2453138828277588
109 1.2801340818405151
110 1.2806719541549683
111 1.2490605115890503
112 1.2658289670944214
113 1.250338077545166
114 1.2484997510910034
115 1.271500587463379
116 1.2694429159164429
117 1.2902907133102417
118 1.2517964839935303
119 1.252014398574829
120 1.2527613639831543
121 1.2419174909591675
122 1.2557282447814941
123 1.2575044631958008
124 1.2546207904815674
125 1.2641823291778564
126 1.260701060295105
127 1.2545145750045776
128 1.2484652996063232
129 1.244202971458435
130 1.288652777671814
131 1.2828625440597534
132 1.2708775997161865
133 1.256157636642456
134 1.2571825981140137
135 1.2602849006652832
136 1.2533200979232788
137 1.2758334875106812
138 1.2644100189208984
139 1.2317391633987427
140 1.2580015659332275
141 1.256065845489502
142 1.2413816452026367
143 1.2558972835540771
144 1.2599059343338013
145 1.2872682809829712
146 1.263611912727356
147 1.2384922504425049
148 1.2607488632202148
149 1.2443370819091797
150 1.2501544952392578
151 1.2607877254486084
152 1.2656900882720947
153 1.2357723712921143
154 1.2450273036956787
155 1.2509125471115112
156 1.240454077720642
157 1.2801246643066406
158 1.2628434896469116
159 1.2443715333938599
160 1.2342901229858398
161 1.2687933444976807
162 1.2547144889831543
163 1.2654169797897339
164 1.2365573644638062
165 1.2691781520843506
166 1.2544822692871094
167 1.2700713872909546
168 1.2666738033294678
169 1.2688956260681152
170 1.2693171501159668
171 1.260010838508606
172 1.2705233097076416
173 1.259372353553772
174 1.2497780323028564
175 1.2639542818069458
176 1.2604472637176514
177 1.253051519393921
178 1.2507044076919556
179 1.2629741430282593
180 1.2623097896575928
181 1.257790207862854
182 1.2600899934768677
183 1.245836615562439
184 1.2481625080108643
185 1.2512850761413574
186 1.2391111850738525
187 1.2626254558563232
188 1.2539137601852417
189 1.2496600151062012
190 1.2671563625335693
191 1.2575763463974
192 1.2553468942642212
193 1.2409088611602783
194 1.2735732793807983
195 1.2534650564193726
196 1.2460873126983643
197 1.255312442779541
198 1.2661141157150269
199 1.2945146560668945
200 1.2806951999664307
