1 1.0715606212615967
2 0.7302472591400146
3 0.5404735803604126
4 0.42978936433792114
5 0.3665618300437927
6 0.3208300471305847
7 0.2610466480255127
8 0.26819661259651184
9 0.23272281885147095
10 0.20661523938179016
11 0.2073916494846344
12 0.20028530061244965
13 0.20457278192043304
14 0.19615566730499268
15 0.17297771573066711
16 0.17126621305942535
17 0.17726007103919983
18 0.1712861955165863
19 0.17154055833816528
20 0.1612604260444641
21 0.1559188812971115
22 0.15822772681713104
23 0.18326638638973236
24 0.13394218683242798
25 0.1617729365825653
26 0.1507500857114792
27 0.1370474398136139
28 0.1367984265089035
29 0.15041391551494598
30 0.14511705935001373
31 0.13622742891311646
32 0.1436157077550888
33 0.1354874223470688
34 0.12316620349884033
35 0.15243090689182281
36 0.16417133808135986
37 0.14947806298732758
38 0.12824887037277222
39 0.13265936076641083
40 0.13209465146064758
41 0.12239637225866318
42 0.1266443431377411
43 0.13621897995471954
44 0.13128730654716492
45 0.11757685989141464
46 0.13877655565738678
47 0.12593026459217072
48 0.12038496881723404
49 0.13552547991275787
50 0.11574497073888779
51 0.0995616689324379
52 0.13341009616851807
53 0.11134268343448639
54 0.1442176252603531
55 0.11774791032075882
56 0.11912919580936432
57 0.10207870602607727
58 0.10430871695280075
59 0.11371757090091705
60 0.10262609273195267
61 0.1327054500579834
62 0.128808856010437
63 0.09763090312480927
64 0.10488395392894745
65 0.10887723416090012
66 0.11507086455821991
67 0.13453486561775208
68 0.10349937528371811
69 0.12906795740127563
70 0.0941358134150505
71 0.10381413996219635
72 0.1031850278377533
73 0.09320147335529327
74 0.10876774042844772
75 0.116619773209095
76 0.13817644119262695
77 0.10672062635421753
78 0.10620288550853729
79 0.1063888892531395
80 0.11603156477212906
81 0.10114359855651855
82 0.11986459791660309
83 0.09933097660541534
84 0.10182009637355804
85 0.10449990630149841
86 0.11026337742805481
87 0.1101054921746254
88 0.10738799721002579
89 0.08710001409053802
90 0.1292235255241394
91 0.11703533679246902
92 0.0996040627360344
93 0.09605233371257782
94 0.08074364066123962
95 0.08628050237894058
96 0.09701242297887802
97 0.12666663527488708
98 0.08499149978160858
99 0.10378976166248322
100 0.10470321774482727
101 0.13158977031707764
102 0.0900467112660408
103 0.09187524765729904
104 0.09075068682432175
105 0.10841768980026245
106 0.0929017961025238
107 0.1118829995393753
108 0.10862851142883301
109 0.08708988130092621
110 0.08979830890893936
111 0.10301640629768372
112 0.11659978330135345
113 0.0998506173491478
114 0.10783505439758301
115 0.09375524520874023
116 0.0891832783818245
117 0.08818093687295914
118 0.09471824020147324
119 0.11680562049150467
120 0.09546909481287003
121 0.08517006784677505
122 0.10948343575000763
123 0.08856745809316635
124 0.09558115154504776
125 0.09690231829881668
126 0.09169255197048187
127 0.08265765756368637
128 0.08702371269464493
129 0.11824959516525269
130 0.0967409759759903
131 0.10480018705129623
132 0.09379316866397858
133 0.08866600692272186
134 0.11598730832338333
135 0.09215528517961502
136 0.08340978622436523
137 0.09085502475500107
138 0.09313901513814926
139 0.11151890456676483
140 0.10998325794935226
141 0.08282312005758286
142 0.1068100705742836
143 0.09164876490831375
144 0.07621367275714874
145 0.07510050386190414
146 0.08318506926298141
147 0.08501667529344559
148 0.08834996074438095
149 0.10284378379583359
150 0.08820386976003647
151 0.08956047892570496
152 0.08155142515897751
153 0.08747289329767227
154 0.11399062722921371
155 0.07945016771554947
156 0.09189625829458237
157 0.0901702493429184
158 0.08553505688905716
159 0.10936039686203003
160 0.145638108253479
161 0.08533351123332977
162 0.09826278686523438
163 0.07321924716234207
164 0.08465328067541122
165 0.07986122369766235
166 0.07888764888048172
167 0.0794602558016777
168 0.08745866268873215
169 0.1047673150897026
170 0.09237835556268692
171 0.07868634164333344
172 0.09212420880794525
173 0.07793360948562622
174 0.09612993150949478
175 0.07508783787488937
176 0.08403997868299484
177 0.09240987151861191
178 0.08376800268888474
179 0.08270025998353958
180 0.08951133489608765
181 0.08981778472661972
182 0.07212011516094208
183 0.10282901674509048
184 0.08431725949048996
185 0.09573133289813995
186 0.10323403775691986
187 0.09163159132003784
188 0.09142863005399704
189 0.08056378364562988
190 0.08598267287015915
191 0.08758892118930817
192 0.08579713851213455
193 0.1051321029663086
194 0.07894685119390488
195 0.07395877689123154
196 0.06877681612968445
197 0.07539059221744537
198 0.07554242014884949
199 0.07409272342920303
200 0.09845022857189178
201 0.07674696296453476
202 0.08035851269960403
203 0.08702057600021362
204 0.08475102484226227
205 0.08920849859714508
206 0.07937134057283401
207 0.09216149151325226
208 0.08407170325517654
209 0.09155621379613876
210 0.08065146952867508
211 0.0805588811635971
212 0.0699792206287384
213 0.0939994752407074
214 0.08698785305023193
215 0.08366342633962631
216 0.0762965977191925
217 0.07967429608106613
218 0.0899679958820343
219 0.079989492893219
220 0.09277641028165817
221 0.08611895143985748
222 0.08830519765615463
223 0.08140730112791061
224 0.07470480352640152
225 0.09783552587032318
226 0.07810375839471817
227 0.0850067064166069
228 0.0681758001446724
229 0.10961340367794037
230 0.08076007664203644
231 0.09872980415821075
232 0.06785187870264053
233 0.08588665723800659
234 0.07421072572469711
235 0.07907824963331223
236 0.07758475840091705
237 0.08628229796886444
238 0.0808320939540863
239 0.0754721388220787
240 0.07888669520616531
241 0.08101949095726013
242 0.08029526472091675
243 0.07663194835186005
244 0.07186294347047806
245 0.07689474523067474
246 0.08785829693078995
247 0.0805346667766571
248 0.06903661787509918
249 0.0985284149646759
250 0.0757056251168251
251 0.08464648574590683
252 0.07253438234329224
253 0.09332625567913055
254 0.0884176641702652
255 0.06997865438461304
256 0.0684892013669014
257 0.07722406089305878
258 0.06494597345590591
259 0.0889749675989151
260 0.07410207390785217
261 0.08164941519498825
262 0.08196819573640823
263 0.07245837897062302
264 0.07784414291381836
265 0.06996608525514603
266 0.09328202903270721
267 0.07386928051710129
268 0.06634170562028885
269 0.0825311541557312
270 0.07642687112092972
271 0.10077956318855286
272 0.07186292111873627
273 0.11244907975196838
274 0.061963558197021484
275 0.06544353812932968
276 0.0683879479765892
277 0.06393373012542725
278 0.07095515727996826
279 0.07798425108194351
280 0.07970542460680008
281 0.07744818925857544
282 0.07867886871099472
283 0.06534861028194427
284 0.07481107860803604
285 0.08173181116580963
286 0.07705968618392944
287 0.07929276674985886
288 0.0789446085691452
289 0.07993673533201218
290 0.06723187118768692
291 0.0671662762761116
292 0.07521215826272964
293 0.07235538959503174
294 0.0814240574836731
295 0.08750513941049576
296 0.07414810359477997
297 0.06639271229505539
298 0.08401491492986679
299 0.08242250978946686
300 0.07962794601917267
301 0.09201774001121521
302 0.07078857719898224
303 0.06714911758899689
304 0.08088960498571396
305 0.08111801743507385
306 0.06107443943619728
307 0.0855913758277893
308 0.06977580487728119
309 0.07432505488395691
310 0.08071533590555191
311 0.061415500938892365
312 0.07320982962846756
313 0.07709387689828873
314 0.06896769255399704
315 0.05349454656243324
316 0.07034660875797272
317 0.07243890315294266
318 0.07931550592184067
319 0.06756085157394409
320 0.07513415068387985
321 0.08391325920820236
322 0.08255688101053238
323 0.07057441025972366
324 0.08059946447610855
325 0.09563378989696503
326 0.08081571012735367
327 0.06905931979417801
328 0.06951548904180527
329 0.06455368548631668
330 0.08209482580423355
331 0.07620619237422943
332 0.0665227621793747
333 0.07084502279758453
334 0.06737250834703445
335 0.06792977452278137
336 0.0818333774805069
337 0.08979620039463043
338 0.07209502905607224
339 0.075042225420475
340 0.0642494484782219
341 0.08054603636264801
342 0.07378020882606506
343 0.06686969101428986
344 0.0777176097035408
345 0.07338052242994308
346 0.08232473582029343
347 0.06668779253959656
348 0.08462164551019669
349 0.06827237457036972
350 0.0719803124666214
351 0.0617092065513134
352 0.05757645145058632
353 0.06807199865579605
354 0.06521981209516525
355 0.0722418949007988
356 0.07589751482009888
357 0.06192512810230255
358 0.07868467271327972
359 0.08142915368080139
360 0.06674694269895554
361 0.06600949913263321
362 0.07266464829444885
363 0.07053404301404953
364 0.05702248588204384
365 0.07518178969621658
366 0.06745316088199615
367 0.07029367238283157
368 0.06165378540754318
369 0.06172015517950058
370 0.08162239193916321
371 0.059205226600170135
372 0.10725954920053482
373 0.0838354155421257
374 0.059812281280756
375 0.07691271603107452
376 0.0797446221113205
377 0.06164797395467758
378 0.06243041157722473
379 0.07262947410345078
380 0.07165870815515518
381 0.06081899628043175
382 0.06849006563425064
383 0.06479471921920776
384 0.08590803295373917
385 0.05834401398897171
386 0.0735059455037117
387 0.06770064681768417
388 0.06882550567388535
389 0.06387926638126373
390 0.06557018309831619
391 0.057624515146017075
392 0.0587419830262661
393 0.0825389176607132
394 0.06023262068629265
395 0.09422892332077026
396 0.064628966152668
397 0.07969766855239868
398 0.05719604715704918
399 0.053046755492687225
400 0.06884948909282684
