1 1.3295197486877441
2 1.184817910194397
3 1.1621018648147583
4 1.1358880996704102
5 1.0982334613800049
6 1.055993676185608
7 1.0110632181167603
8 0.9708432555198669
9 0.9300954341888428
10 0.8915978074073792
11 0.8551061153411865
12 0.8199430108070374
13 0.7869929671287537
14 0.7545700669288635
15 0.7235838174819946
16 0.6979381442070007
17 0.6724454164505005
18 0.6472036242485046
19 0.624815046787262
20 0.6014969348907471
21 0.5837098956108093
22 0.5644974708557129
23 0.546147882938385
24 0.5308775305747986
25 0.5139619708061218
26 0.4982214868068695
27 0.4859333038330078
28 0.4717891216278076
29 0.4586939811706543
30 0.44586730003356934
31 0.4350840747356415
32 0.4225371778011322
33 0.4120301902294159
34 0.4026066064834595
35 0.3929830491542816
36 0.38332152366638184
37 0.37467896938323975
38 0.36501753330230713
39 0.355864018201828
40 0.34866800904273987
41 0.34334978461265564
42 0.3362366557121277
43 0.3289951980113983
44 0.32283949851989746
45 0.31668663024902344
46 0.31180763244628906
47 0.3050920069217682
48 0.299277663230896
49 0.29501062631607056
50 0.2909778952598572
51 0.28585249185562134
52 0.28209248185157776
53 0.27687737345695496
54 0.2731500267982483
55 0.2689436376094818
56 0.26621323823928833
57 0.2616734802722931
58 0.2594718933105469
59 0.25431427359580994
60 0.2525556981563568
61 0.249214768409729
62 0.246414914727211
63 0.24285387992858887
64 0.2403145581483841
65 0.23924782872200012
66 0.23510447144508362
67 0.23251253366470337
68 0.23080354928970337
69 0.22797270119190216
70 0.22592709958553314
71 0.22459399700164795
72 0.22209078073501587
73 0.2194264978170395
74 0.21714332699775696
75 0.21654275059700012
76 0.21365238726139069
77 0.21176975965499878
78 0.20876918733119965
79 0.20810572803020477
80 0.20688490569591522
81 0.2055586874485016
82 0.20392337441444397
83 0.20114217698574066
84 0.19999267160892487
85 0.19641943275928497
86 0.19708898663520813
87 0.19602814316749573
88 0.19295592606067657
89 0.19178742170333862
90 0.19120921194553375
91 0.18921922147274017
92 0.18887870013713837
93 0.18652747571468353
94 0.18628326058387756
95 0.1833030879497528
96 0.1830138862133026
97 0.18110774457454681
98 0.18063104152679443
99 0.18061338365077972
100 0.17584481835365295
101 0.17766310274600983
102 0.1767178624868393
103 0.17530108988285065
104 0.17380620539188385
105 0.1723560243844986
106 0.17192569375038147
107 0.1698826253414154
108 0.16883708536624908
109 0.1678524911403656
110 0.16750916838645935
111 0.16709591448307037
112 0.1660953313112259
113 0.16333529353141785
114 0.16322524845600128
115 0.16083306074142456
116 0.16158735752105713
117 0.16117417812347412
118 0.15949822962284088
119 0.1566893607378006
120 0.15772490203380585
121 0.15618093311786652
122 0.1553695648908615
123 0.15493658185005188
124 0.1543935090303421
125 0.15305310487747192
126 0.15325047075748444
127 0.15167011320590973
128 0.14918473362922668
129 0.1499084234237671
130 0.14905664324760437
131 0.14785777032375336
132 0.1475163847208023
133 0.1465502381324768
134 0.14624837040901184
135 0.14574569463729858
136 0.14414569735527039
137 0.1433975249528885
138 0.14330951869487762
139 0.14163507521152496
140 0.14131130278110504
141 0.14025752246379852
142 0.1403185874223709
143 0.13983254134655
144 0.13912691175937653
145 0.13768824934959412
146 0.13799448311328888
147 0.13601846992969513
148 0.1358800083398819
149 0.1365378051996231
150 0.13552197813987732
151 0.13428491353988647
152 0.13391046226024628
153 0.13330480456352234
154 0.13142722845077515
155 0.1313180923461914
156 0.13233214616775513
157 0.13165751099586487
158 0.1296236664056778
159 0.12940049171447754
160 0.1299915611743927
161 0.12754791975021362
162 0.1268358826637268
163 0.1279858499765396
164 0.12739720940589905
165 0.12491098046302795
166 0.1250317096710205
167 0.12569819390773773
168 0.12442762404680252
169 0.12360581010580063
170 0.12311875075101852
171 0.12280800938606262
172 0.12447034567594528
173 0.1235402300953865
174 0.12175911664962769
175 0.12047407031059265
176 0.1223476380109787
177 0.11990524083375931
178 0.12147137522697449
179 0.1195363700389862
180 0.11822176724672318
181 0.11990778893232346
182 0.11775296181440353
183 0.11784953624010086
184 0.1163768619298935
185 0.1169814020395279
186 0.11765310913324356
187 0.11560340970754623
188 0.11653310060501099
189 0.1157345250248909
190 0.11480332911014557
191 0.11413880437612534
192 0.11458809673786163
193 0.11284862458705902
194 0.11378097534179688
195 0.11350847035646439
196 0.11139950901269913
197 0.11363295465707779
198 0.11345091462135315
199 0.10990148782730103
200 0.11153720319271088
201 0.11092161387205124
202 0.11109220236539841
203 0.1093771904706955
204 0.11010503768920898
205 0.10967465490102768
206 0.10831879079341888
207 0.10971298813819885
208 0.10784733295440674
209 0.10803382098674774
210 0.10720694810152054
211 0.1069936528801918
212 0.1081499308347702
213 0.10814015567302704
214 0.10680443793535233
215 0.10530859231948853
216 0.10648443549871445
217 0.10514708608388901
218 0.10382646322250366
219 0.10446229577064514
220 0.10491756349802017
221 0.10365652292966843
222 0.10411055386066437
223 0.10306233167648315
224 0.10357874631881714
225 0.10384573042392731
226 0.10417366772890091
227 0.10274358838796616
228 0.10166512429714203
229 0.10192248970270157
230 0.10280095785856247
231 0.10344938188791275
232 0.10107997804880142
233 0.10197040438652039
234 0.1011015996336937
235 0.10070542246103287
236 0.09999113529920578
237 0.10093008726835251
238 0.09912608563899994
239 0.10085977613925934
240 0.09870188683271408
241 0.09958585351705551
242 0.09975138306617737
243 0.09945900738239288
244 0.09698966145515442
245 0.09848816692829132
246 0.09641802310943604
247 0.0979696586728096
248 0.09716737270355225
249 0.09804444760084152
250 0.09684471786022186
251 0.0966043695807457
252 0.09601662307977676
253 0.09709056466817856
254 0.09738528728485107
255 0.09629426896572113
256 0.09544218331575394
257 0.09485147893428802
258 0.09561792016029358
259 0.09379585087299347
260 0.09422417730093002
261 0.09494726359844208
262 0.09430054575204849
263 0.09548310935497284
264 0.09484225511550903
265 0.09240088611841202
266 0.09398681670427322
267 0.0935690626502037
268 0.09232842177152634
269 0.09266886860132217
270 0.09224006533622742
271 0.09255166351795197
272 0.09280016273260117
273 0.09325283765792847
274 0.09125851839780807
275 0.09245557337999344
276 0.09105018526315689
277 0.0907788798213005
278 0.09240351617336273
279 0.09182121604681015
280 0.09027785807847977
281 0.08957191556692123
282 0.08987758308649063
283 0.0890025794506073
284 0.09093914926052094
285 0.09041422605514526
286 0.08806519955396652
287 0.09288645535707474
288 0.08884084224700928
289 0.08875557780265808
290 0.09008355438709259
291 0.08988317102193832
292 0.08857402205467224
293 0.09044663608074188
294 0.08757267892360687
295 0.08854800462722778
296 0.08725809305906296
297 0.08687219768762589
298 0.08728010952472687
299 0.08675062656402588
300 0.08956903964281082
301 0.08675180375576019
302 0.08674899488687515
303 0.08608647435903549
304 0.08735538274049759
305 0.08814289420843124
306 0.08650075644254684
307 0.08686956763267517
308 0.08768386393785477
309 0.08608026802539825
310 0.08604099601507187
311 0.08599105477333069
312 0.08508623391389847
313 0.08569557219743729
314 0.08756022900342941
315 0.08399416506290436
316 0.0870358943939209
317 0.08480294793844223
318 0.08619096875190735
319 0.08479569852352142
320 0.08460444957017899
321 0.08397611230611801
322 0.08322246372699738
323 0.08376985788345337
324 0.08448264747858047
325 0.08562321215867996
326 0.0835937038064003
327 0.08361046016216278
328 0.08370352536439896
329 0.08287602663040161
330 0.08293754607439041
331 0.0832068920135498
332 0.08285734057426453
333 0.0830913707613945
334 0.08271683752536774
335 0.08235052973031998
336 0.08204936981201172
337 0.08279267698526382
338 0.08186320960521698
339 0.08270420134067535
340 0.08294987678527832
341 0.0806373804807663
342 0.08101159334182739
343 0.08073568344116211
344 0.0816924124956131
345 0.08071634918451309
346 0.0815807357430458
347 0.0808645635843277
348 0.0816105529665947
349 0.08065717667341232
350 0.08133739978075027
351 0.08109892159700394
352 0.0801704004406929
353 0.0812385156750679
354 0.08128082007169724
355 0.07962233573198318
356 0.08050283044576645
357 0.07966124266386032
358 0.08148549497127533
359 0.08033233880996704
360 0.07942070811986923
361 0.08027113229036331
362 0.08053608238697052
363 0.07967300713062286
364 0.08074355870485306
365 0.07866159826517105
366 0.07948693633079529
367 0.07824171334505081
368 0.07811129838228226
369 0.07870856672525406
370 0.07842212170362473
371 0.07730788737535477
372 0.07882574200630188
373 0.07815825194120407
374 0.07954096049070358
375 0.07940246164798737
376 0.07754284888505936
377 0.07675331085920334
378 0.0769251212477684
379 0.07668813318014145
380 0.07856421917676926
381 0.07732721418142319
382 0.07843399792909622
383 0.07755143940448761
384 0.07784703373908997
385 0.07728812098503113
386 0.07702690362930298
387 0.07588504254817963
388 0.07798606902360916
389 0.07694460451602936
390 0.07742886990308762
391 0.07709573209285736
392 0.07592540234327316
393 0.07547546923160553
394 0.07583632320165634
395 0.07501931488513947
396 0.0771176740527153
397 0.07515035569667816
398 0.07524695992469788
399 0.07568931579589844
400 0.07559660077095032
401 0.07669993489980698
402 0.07457268238067627
403 0.07478345930576324
404 0.07467807084321976
405 0.07579012960195541
406 0.07698888331651688
407 0.07467260956764221
408 0.07642878592014313
409 0.07534541934728622
410 0.0749087929725647
411 0.07310710102319717
412 0.07362067699432373
413 0.07239401340484619
414 0.07414350658655167
415 0.07349728792905807
416 0.0753631666302681
417 0.07454261183738708
418 0.07364843785762787
419 0.07509712129831314
420 0.07501526176929474
421 0.07449366897344589
422 0.07370855659246445
423 0.07325176894664764
424 0.0735432580113411
425 0.07656601071357727
426 0.0739559456706047
427 0.07284010946750641
428 0.07214105129241943
429 0.07308916747570038
430 0.07486649602651596
431 0.07203537970781326
432 0.07262317836284637
433 0.07179435342550278
434 0.0720781460404396
435 0.07326444983482361
436 0.07322853803634644
437 0.0715540274977684
438 0.07148236036300659
439 0.07166144996881485
440 0.07222852110862732
441 0.07230056822299957
442 0.0729522779583931
443 0.07182588428258896
444 0.07268354296684265
445 0.07213783264160156
446 0.07219845056533813
447 0.07277379930019379
448 0.07117655128240585
449 0.07177849113941193
450 0.07115820050239563
451 0.07068292796611786
452 0.07063675671815872
453 0.071858711540699
454 0.07247330993413925
455 0.07047785073518753
456 0.0696033462882042
457 0.07125362008810043
458 0.0699416771531105
459 0.07205822318792343
460 0.0697426050901413
461 0.07090991735458374
462 0.0707523375749588
463 0.06931737810373306
464 0.07093902677297592
465 0.07031497359275818
466 0.0684741735458374
467 0.0707888975739479
468 0.06987395137548447
469 0.06840182840824127
470 0.07046884298324585
471 0.07104871422052383
472 0.07256707549095154
473 0.0721871629357338
474 0.07112590223550797
475 0.07028330117464066
476 0.07109060883522034
477 0.06994563341140747
478 0.07065195590257645
479 0.06934963911771774
480 0.06955038756132126
481 0.06836685538291931
482 0.07069595903158188
483 0.0680290088057518
484 0.06946375966072083
485 0.06817086786031723
486 0.06897805631160736
487 0.06898803263902664
488 0.0680803507566452
489 0.06895975768566132
490 0.0697416216135025
491 0.06878434866666794
492 0.0684564933180809
493 0.06976456940174103
494 0.06749147921800613
495 0.06879451125860214
496 0.06890840828418732
497 0.06947838515043259
498 0.0674218162894249
499 0.06796562671661377
500 0.06790683418512344
501 0.06799501180648804
502 0.06798835843801498
503 0.0667898878455162
504 0.06838333606719971
505 0.06866089254617691
506 0.06720376759767532
507 0.06682876497507095
508 0.06651432067155838
509 0.0668543130159378
510 0.06507353484630585
511 0.06631416082382202
512 0.06752592325210571
513 0.06782513111829758
514 0.06858666241168976
515 0.06733306497335434
516 0.06708569824695587
517 0.0670468807220459
518 0.06713913381099701
519 0.0668831542134285
520 0.06739196926355362
521 0.06533771008253098
522 0.06772977113723755
523 0.06771793961524963
524 0.06752464175224304
525 0.06645583361387253
526 0.0670270249247551
527 0.06632712483406067
528 0.06601504236459732
529 0.0670301616191864
530 0.06672412157058716
531 0.06797511130571365
532 0.067085862159729
533 0.06674639880657196
534 0.06597816944122314
535 0.06604792177677155
536 0.06708534061908722
537 0.06680828332901001
538 0.06567724794149399
539 0.06624870747327805
540 0.06497497111558914
541 0.06707581132650375
542 0.06708934158086777
543 0.06719517707824707
544 0.06495670229196548
545 0.06590292602777481
546 0.06812788546085358
547 0.06675513088703156
548 0.06530648469924927
549 0.06513876467943192
550 0.06659488379955292
551 0.06670492887496948
552 0.0627923235297203
553 0.06491181999444962
554 0.06500875949859619
555 0.06396686285734177
556 0.0651877373456955
557 0.06445182114839554
558 0.0643521249294281
559 0.0639105960726738
560 0.06445933133363724
561 0.06323059648275375
562 0.06278005242347717
563 0.06337887048721313
564 0.06645390391349792
565 0.06521951407194138
566 0.062120161950588226
567 0.06587077677249908
568 0.06470420211553574
569 0.06468552350997925
570 0.06433244794607162
571 0.0640946552157402
572 0.06341133266687393
573 0.06259384006261826
574 0.06285294890403748
575 0.06541840732097626
576 0.06281962990760803
577 0.06479483842849731
578 0.0636509507894516
579 0.06413271278142929
580 0.06598616391420364
581 0.06253401190042496
582 0.06412879377603531
583 0.06335677206516266
584 0.06264125555753708
585 0.06349564343690872
586 0.06416916847229004
587 0.06251028925180435
588 0.06510426104068756
589 0.06336972117424011
590 0.06273995339870453
591 0.06394637376070023
592 0.06195143610239029
593 0.06401470303535461
594 0.06364230066537857
595 0.06146440654993057
596 0.062316786497831345
597 0.06318148225545883
598 0.06279057264328003
599 0.06299113482236862
600 0.06169555336236954
601 0.06220470741391182
602 0.06379072368144989
603 0.06403858214616776
604 0.062454044818878174
605 0.06412938237190247
606 0.06160488724708557
607 0.0614456832408905
608 0.06233109533786774
609 0.06243608891963959
610 0.06288211047649384
611 0.062484536319971085
612 0.06294860690832138
613 0.06212856248021126
614 0.06152129918336868
615 0.06394622474908829
616 0.06156109645962715
617 0.06263560056686401
618 0.06189176067709923
619 0.06195513904094696
620 0.061449408531188965
621 0.06198177486658096
622 0.06168343126773834
623 0.06263833492994308
624 0.06341960281133652
625 0.06208581477403641
626 0.06047164648771286
627 0.06245791167020798
628 0.06066327169537544
629 0.061195697635412216
630 0.0611499585211277
631 0.05993330478668213
632 0.06104061007499695
633 0.060647737234830856
634 0.0617712065577507
635 0.06047997996211052
636 0.06045455485582352
637 0.06099295616149902
638 0.061794571578502655
639 0.06119219958782196
640 0.06326738744974136
641 0.061475131660699844
642 0.061037905514240265
643 0.061187610030174255
644 0.06093762814998627
645 0.0627208724617958
646 0.060304898768663406
647 0.06041717156767845
648 0.06083476543426514
649 0.05950787290930748
650 0.05992962419986725
651 0.05890239030122757
652 0.059056755155324936
653 0.059888049960136414
654 0.06247002258896828
655 0.061820607632398605
656 0.05992133915424347
657 0.061958834528923035
658 0.06089913100004196
659 0.0615314245223999
660 0.06057067960500717
661 0.060084860771894455
662 0.0615997388958931
663 0.059465840458869934
664 0.06027071923017502
665 0.06048396974802017
666 0.060453664511442184
667 0.05866632238030434
668 0.05789494141936302
669 0.0612746998667717
670 0.059020642191171646
671 0.05811017006635666
672 0.05941886454820633
673 0.06191384047269821
674 0.060748256742954254
675 0.058853935450315475
676 0.060724399983882904
677 0.05969076603651047
678 0.05880993232131004
679 0.05991695448756218
680 0.059748150408267975
681 0.05945879966020584
682 0.059225186705589294
683 0.060440681874752045
684 0.06219851225614548
685 0.058899033814668655
686 0.0583907850086689
687 0.05940013378858566
688 0.05893539637327194
689 0.05917840451002121
690 0.05927441269159317
691 0.05854694917798042
692 0.05957794561982155
693 0.05937918648123741
694 0.05762966349720955
695 0.05883346125483513
696 0.059908803552389145
697 0.059465132653713226
698 0.05969904363155365
699 0.05774669721722603
700 0.05748521164059639
701 0.05885881185531616
702 0.05758577212691307
703 0.05809048190712929
704 0.057447969913482666
705 0.05850045382976532
706 0.06181950867176056
707 0.05704256892204285
708 0.05809881538152695
709 0.05859215930104256
710 0.058375824242830276
711 0.05654262378811836
712 0.05850978195667267
713 0.05845605581998825
714 0.05952693521976471
715 0.060092926025390625
716 0.05790379270911217
717 0.05838986486196518
718 0.05842217430472374
719 0.05847785994410515
720 0.057707853615283966
721 0.059276193380355835
722 0.058663155883550644
723 0.05725168436765671
724 0.057418402284383774
725 0.05682714655995369
726 0.0584477037191391
727 0.05817708000540733
728 0.057274382561445236
729 0.05695454031229019
730 0.05957211181521416
731 0.05601416155695915
732 0.05808515474200249
733 0.05586257949471474
734 0.05832922086119652
735 0.05795806273818016
736 0.05907416716217995
737 0.05952669307589531
738 0.05827363580465317
739 0.05713515356183052
740 0.05524301901459694
741 0.05693889409303665
742 0.05634285509586334
743 0.05579454079270363
744 0.058614350855350494
745 0.058288902044296265
746 0.05753715708851814
747 0.05718059837818146
748 0.056166231632232666
749 0.056668397039175034
750 0.05630108714103699
751 0.056828778237104416
752 0.057692304253578186
753 0.056470759212970734
754 0.05743207782506943
755 0.057263217866420746
756 0.05683331564068794
757 0.05759203061461449
758 0.056570298969745636
759 0.05675956979393959
760 0.05540565028786659
761 0.05720323696732521
762 0.05696434900164604
763 0.058564890176057816
764 0.05672932043671608
765 0.057795025408267975
766 0.05586671456694603
767 0.056053757667541504
768 0.056322094053030014
769 0.055741533637046814
770 0.05410097911953926
771 0.055235013365745544
772 0.05503733456134796
773 0.05755694583058357
774 0.055519986897706985
775 0.055486395955085754
776 0.05470287799835205
777 0.05530129373073578
778 0.056676678359508514
779 0.05777886137366295
780 0.05428614467382431
781 0.056442320346832275
782 0.056047458201646805
783 0.05749073997139931
784 0.0549934059381485
785 0.056698184460401535
786 0.056146882474422455
787 0.05597566440701485
788 0.05563801899552345
789 0.05542850121855736
790 0.0545881986618042
791 0.055022843182086945
792 0.054946765303611755
793 0.05681166797876358
794 0.05542200058698654
795 0.057429999113082886
796 0.054533571004867554
797 0.05520115792751312
798 0.05556302145123482
799 0.05364009737968445
800 0.05600780248641968
