1 1.5006695985794067
2 1.587406873703003
3 2.685074806213379
4 2.0681986808776855
5 1.8431086540222168
6 1.7571005821228027
7 1.7703770399093628
8 1.6753215789794922
9 1.8453774452209473
10 1.6689711809158325
11 1.251746654510498
12 1.242669701576233
13 1.2561159133911133
14 1.2753657102584839
15 1.2722474336624146
16 1.3139833211898804
17 1.3915538787841797
18 1.2819815874099731
19 4.017660617828369
20 3.5587105751037598
21 2.5622332096099854
22 2.5110161304473877
23 2.1978588104248047
24 1.8254538774490356
25 1.7655695676803589
26 1.860701322555542
27 1.8495439291000366
28 2.014502763748169
29 1.7138029336929321
30 1.6364078521728516
31 1.7208189964294434
32 1.7625248432159424
33 1.5738656520843506
34 1.720312476158142
35 1.7315809726715088
36 1.7190932035446167
37 1.7922347784042358
38 1.8998260498046875
39 1.8104043006896973
40 1.5997213125228882
41 1.6151870489120483
42 1.6354312896728516
43 1.5720582008361816
44 1.6549652814865112
45 1.6759637594223022
46 1.7980138063430786
47 1.8500789403915405
48 1.6403656005859375
49 1.8525876998901367
50 1.671454906463623
51 1.7580970525741577
52 1.7004421949386597
53 1.7566986083984375
54 1.5715506076812744
55 1.6219050884246826
56 1.7072327136993408
57 1.5537608861923218
58 1.7967286109924316
59 1.6136729717254639
60 1.6876332759857178
61 1.7408555746078491
62 1.8390905857086182
63 1.6764912605285645
64 1.8550857305526733
65 1.721286416053772
66 1.6079193353652954
67 1.7572823762893677
68 1.7705488204956055
69 1.7269912958145142
70 1.81370210647583
71 1.6618602275848389
72 1.5667555332183838
73 1.622989296913147
74 1.5977871417999268
75 1.7248210906982422
76 1.7845592498779297
77 1.7103557586669922
78 1.8415381908416748
79 1.669156789779663
80 1.5888067483901978
81 1.6552166938781738
82 1.6290298700332642
83 1.705332636833191
84 1.980890154838562
85 1.797520399093628
86 1.5811150074005127
87 1.792858362197876
88 1.710113286972046
89 1.5247992277145386
90 1.7184420824050903
91 1.7405452728271484
92 1.8573613166809082
93 1.766997218132019
94 1.5981595516204834
95 5.373346328735352
96 4.474605560302734
97 8.410150527954102
98 5.01725435256958
99 4.388723373413086
100 3.4000463485717773
101 3.217569589614868
102 3.1850829124450684
103 2.810079574584961
104 3.0268778800964355
105 2.7385106086730957
106 2.4046831130981445
107 2.2526297569274902
108 2.3640267848968506
109 2.100390672683716
110 2.482088088989258
111 2.351778745651245
112 2.401447057723999
113 2.33678936958313
114 2.254070997238159
115 2.309314012527466
116 2.2665176391601562
117 2.1487643718719482
118 2.2727274894714355
119 2.4885542392730713
120 2.528085708618164
121 2.0914783477783203
122 2.3827784061431885
123 2.217486619949341
124 2.098234176635742
125 2.341789960861206
126 2.0825116634368896
127 2.465078592300415
128 2.2472150325775146
129 2.3166937828063965
130 2.1657161712646484
131 2.1002731323242188
132 2.0879733562469482
133 2.2947328090667725
134 2.181312084197998
135 2.203035593032837
136 2.045917510986328
137 2.381032943725586
138 2.206012487411499
139 2.278895616531372
140 2.063363790512085
141 2.259798288345337
142 2.1257410049438477
143 2.282999277114868
144 2.2505106925964355
145 2.2189464569091797
146 2.090481996536255
147 2.0356855392456055
148 2.1960408687591553
149 2.2942872047424316
150 2.2696359157562256
151 2.2000653743743896
152 2.2424252033233643
153 2.2620177268981934
154 2.1423370838165283
155 2.4220151901245117
156 2.282757043838501
157 2.224003553390503
158 2.329807758331299
159 2.2804553508758545
160 2.2944273948669434
161 2.2504642009735107
162 2.238600969314575
163 2.3158063888549805
164 2.1436843872070312
165 2.1205742359161377
166 2.117300033569336
167 2.1584842205047607
168 2.27748703956604
169 2.1752769947052
170 2.34753680229187
171 2.055893898010254
172 2.1930408477783203
173 2.3023300170898438
174 2.4256184101104736
175 2.245600461959839
176 2.3544135093688965
177 1.9596549272537231
178 2.1094353199005127
179 2.2560393810272217
180 2.155782461166382
181 2.3838484287261963
182 2.148111343383789
183 2.325371503829956
184 2.187171697616577
185 2.276484727859497
186 2.322235584259033
187 2.2960140705108643
188 2.1381123065948486
189 2.232191801071167
190 2.304943561553955
191 2.291717290878296
192 2.0684926509857178
193 2.180253028869629
194 2.0554358959198
195 2.1202056407928467
196 2.47092604637146
197 2.2506608963012695
198 2.150420665740967
199 2.200648307800293
200 2.195340156555176
201 2.2674002647399902
202 2.0902457237243652
203 2.2528321743011475
204 2.0347793102264404
205 2.1835150718688965
206 2.332026958465576
207 2.198391914367676
208 2.0375471115112305
209 2.3981387615203857
210 2.43153715133667
211 2.5245862007141113
212 2.12394642829895
213 2.134268283843994
214 2.2672441005706787
215 2.109173536300659
216 2.163137435913086
217 2.327770233154297
218 2.088844060897827
219 2.2161734104156494
220 2.3105971813201904
221 2.155226707458496
222 2.1347126960754395
223 2.348731517791748
224 2.05410099029541
225 2.14756441116333
226 2.311917304992676
227 2.1708812713623047
228 2.243431806564331
229 2.2101359367370605
230 2.172424554824829
231 2.1803956031799316
232 2.0157337188720703
233 2.3050684928894043
234 2.3950300216674805
235 2.4360554218292236
236 2.019484043121338
237 2.174121618270874
238 2.1052021980285645
239 2.4890201091766357
240 2.389143705368042
241 2.095695734024048
242 2.143641471862793
243 2.2821128368377686
244 2.3868372440338135
245 2.0464494228363037
246 2.0505993366241455
247 2.0531444549560547
248 2.2126827239990234
249 2.1621341705322266
250 2.328139066696167
251 2.2573957443237305
252 1.970943808555603
253 2.2815723419189453
254 2.144423246383667
255 2.26814603805542
256 2.1846046447753906
257 2.2677218914031982
258 2.291776180267334
259 2.385808229446411
260 2.265108108520508
261 2.3081843852996826
262 2.1521692276000977
263 2.1452996730804443
264 2.3386642932891846
265 2.4762721061706543
266 2.2873153686523438
267 2.271333694458008
268 2.1916282176971436
269 2.1933231353759766
270 2.1262338161468506
271 2.0956311225891113
272 2.100471019744873
273 2.4294421672821045
274 2.1771888732910156
275 2.1488349437713623
276 2.3477377891540527
277 2.117903232574463
278 2.3097140789031982
279 2.3259689807891846
280 2.4443206787109375
281 2.3450024127960205
282 2.1417040824890137
283 2.2465829849243164
284 2.334899663925171
285 2.1647727489471436
286 2.045546054840088
287 2.047600269317627
288 2.1599419116973877
289 2.280139923095703
290 2.164464235305786
291 2.333897113800049
292 2.310070037841797
293 2.2697300910949707
294 2.1805386543273926
295 2.25504469871521
296 2.2259397506713867
297 1.987120509147644
298 2.1383261680603027
299 2.3581089973449707
300 2.180026054382324
301 2.1836483478546143
302 2.2201051712036133
303 2.0640358924865723
304 2.247403860092163
305 2.2094600200653076
306 1.9703644514083862
307 1.931776762008667
308 2.494931697845459
309 2.2255377769470215
310 2.1507997512817383
311 2.4031319618225098
312 2.293975830078125
313 2.332517147064209
314 2.3242783546447754
315 2.03413462638855
316 2.1639275550842285
317 2.2217600345611572
318 2.06559157371521
319 2.265275716781616
320 2.3488261699676514
321 2.266136407852173
322 2.304068088531494
323 2.4352307319641113
324 2.1399219036102295
325 2.137709140777588
326 2.2557873725891113
327 2.1744987964630127
328 2.136810064315796
329 1.9940524101257324
330 2.128093957901001
331 2.249762535095215
332 2.2345287799835205
333 2.324007272720337
334 2.1970155239105225
335 2.2162930965423584
336 2.3616034984588623
337 2.0241217613220215
338 2.051466464996338
339 2.3776872158050537
340 2.0687742233276367
341 2.2326290607452393
342 2.290773868560791
343 2.041649580001831
344 2.1186769008636475
345 2.217074155807495
346 2.2868311405181885
347 2.271498441696167
348 2.103881359100342
349 2.3423423767089844
350 2.2845876216888428
351 2.130642890930176
352 2.1355183124542236
353 2.4251842498779297
354 2.119509220123291
355 2.2574734687805176
356 2.076619863510132
357 4.20918083190918
358 6.846863269805908
359 4.825297832489014
360 3.8883748054504395
361 3.716623067855835
362 3.3430869579315186
363 3.7955121994018555
364 3.435089349746704
365 3.315599203109741
366 3.475698709487915
367 2.7176449298858643
368 3.2870612144470215
369 3.1495087146759033
370 3.1663424968719482
371 2.883405923843384
372 3.2511794567108154
373 2.9119629859924316
374 3.0982627868652344
375 3.151120901107788
376 2.865985870361328
377 2.6972897052764893
378 2.7676641941070557
379 3.057623863220215
380 3.083026647567749
381 2.7220942974090576
382 2.917685031890869
383 2.7717952728271484
384 2.8866260051727295
385 2.8669450283050537
386 2.6777586936950684
387 3.1311709880828857
388 2.8569488525390625
389 2.7667953968048096
390 2.7086899280548096
391 2.7220067977905273
392 2.665713310241699
393 3.154691219329834
394 2.956949472427368
395 3.0571670532226562
396 2.6613402366638184
397 2.646700382232666
398 3.1188485622406006
399 2.5727949142456055
400 3.2140963077545166
401 2.751504421234131
402 2.9972801208496094
403 2.5000133514404297
404 2.6818034648895264
405 2.803612470626831
406 2.822235107421875
407 2.672384738922119
408 2.780712842941284
409 2.9105193614959717
410 2.7567591667175293
411 2.6625216007232666
412 3.1246488094329834
413 2.6649234294891357
414 3.222841739654541
415 2.8589727878570557
416 2.8868966102600098
417 2.928745985031128
418 2.7049524784088135
419 2.8920509815216064
420 3.2027976512908936
421 2.806347131729126
422 2.8957698345184326
423 2.510222911834717
424 2.955667734146118
425 2.8746392726898193
426 2.749605178833008
427 2.835815668106079
428 2.9143314361572266
429 2.5806727409362793
430 2.837514638900757
431 2.9413089752197266
432 3.0361828804016113
433 2.6045355796813965
434 2.89534068107605
435 2.915285348892212
436 2.78554105758667
437 2.947783946990967
438 2.655087471008301
439 2.887254238128662
440 2.7831499576568604
441 2.865532875061035
442 2.928229331970215
443 2.784965991973877
444 3.170487403869629
445 3.1438233852386475
446 2.386070728302002
447 2.760634183883667
448 2.9314067363739014
449 3.0078344345092773
450 2.7862658500671387
451 3.1193342208862305
452 2.5473976135253906
453 3.041377544403076
454 2.8151168823242188
455 2.733281373977661
456 2.9592130184173584
457 2.535226345062256
458 2.590404748916626
459 2.689769983291626
460 3.075239419937134
461 2.8063852787017822
462 2.809765338897705
463 3.1242153644561768
464 3.003173828125
465 2.8357126712799072
466 2.90766978263855
467 2.8823351860046387
468 2.7468485832214355
469 2.521888494491577
470 2.891561985015869
471 2.932346820831299
472 3.0661637783050537
473 2.6483969688415527
474 3.0828957557678223
475 2.9499571323394775
476 2.8016140460968018
477 2.8987293243408203
478 2.724112033843994
479 2.7100729942321777
480 2.7226805686950684
481 2.6224496364593506
482 2.736088514328003
483 2.6747453212738037
484 2.919999361038208
485 2.765937566757202
486 3.058781147003174
487 2.903135061264038
488 2.891218900680542
489 2.715754508972168
490 2.685457944869995
491 2.96563458442688
492 3.138843536376953
493 3.133388042449951
494 2.6745407581329346
495 2.751587390899658
496 2.8096320629119873
497 2.6734395027160645
498 3.192970037460327
499 2.8149821758270264
500 2.7823262214660645
501 2.6737592220306396
502 3.0367348194122314
503 2.705990791320801
504 2.8983778953552246
505 2.84859037399292
506 2.872501850128174
507 2.760859251022339
508 2.8598763942718506
509 3.0193450450897217
510 2.948021173477173
511 2.9970908164978027
512 2.63769268989563
513 3.0590980052948
514 2.9558606147766113
515 2.639080762863159
516 2.882819414138794
517 2.640402317047119
518 2.788245916366577
519 3.024641275405884
520 3.028257369995117
521 2.599203586578369
522 2.609255313873291
523 2.5318353176116943
524 2.9512763023376465
525 2.7858083248138428
526 2.9221627712249756
527 2.657170295715332
528 2.878662109375
529 3.0170342922210693
530 2.8030598163604736
531 3.2483749389648438
532 2.8912339210510254
533 2.921724319458008
534 3.0245296955108643
535 2.7070624828338623
536 2.733069896697998
537 2.9492573738098145
538 2.6398332118988037
539 2.846818685531616
540 2.8501906394958496
541 2.6334292888641357
542 3.0545237064361572
543 3.074942111968994
544 2.4212646484375
545 2.6992740631103516
546 2.629659414291382
547 2.995488405227661
548 2.7591769695281982
549 2.8914599418640137
550 2.6322546005249023
551 2.7143759727478027
552 2.88578724861145
553 2.6060850620269775
554 3.1292946338653564
555 2.9800708293914795
556 3.1582140922546387
557 2.797461748123169
558 2.783507823944092
559 2.7880682945251465
560 2.6117987632751465
561 3.0809383392333984
562 2.7364001274108887
563 2.9080543518066406
564 2.8453867435455322
565 3.0338659286499023
566 2.8847622871398926
567 3.128854274749756
568 2.5589780807495117
569 3.228889226913452
570 2.7612648010253906
571 3.0437448024749756
572 2.865713596343994
573 2.7192533016204834
574 2.91538143157959
575 3.047034740447998
576 2.9133894443511963
577 2.7461068630218506
578 2.962050676345825
579 2.7534537315368652
580 2.7894351482391357
581 2.974492311477661
582 2.915203809738159
583 2.5769481658935547
584 2.4461426734924316
585 2.571981191635132
586 2.9043729305267334
587 2.9510884284973145
588 2.827277183532715
589 3.0376033782958984
590 2.4309866428375244
591 3.048300266265869
592 3.114701509475708
593 2.6061224937438965
594 2.8298158645629883
595 3.0741050243377686
596 2.7022292613983154
597 2.81846284866333
598 2.7168402671813965
599 2.8310346603393555
600 2.95715594291687
601 3.1543478965759277
602 3.0518431663513184
603 2.9983088970184326
604 3.0022144317626953
605 2.8189632892608643
606 2.8867177963256836
607 2.797072172164917
608 2.8090174198150635
609 3.0177881717681885
610 2.8644275665283203
611 2.676405906677246
612 2.690181255340576
613 2.9489235877990723
614 2.8815479278564453
615 2.662759304046631
616 2.7706665992736816
617 2.766965866088867
618 3.232414722442627
619 2.7932751178741455
620 3.129262924194336
621 2.6431732177734375
622 2.838440418243408
623 2.9234158992767334
624 2.885286331176758
625 2.4285943508148193
626 3.083587169647217
627 2.9716315269470215
628 2.750241279602051
629 2.89290714263916
630 2.703935384750366
631 2.7832014560699463
632 2.6011950969696045
633 2.7312333583831787
634 2.9068241119384766
635 2.971438407897949
636 2.7352161407470703
637 3.0573525428771973
638 2.8421761989593506
639 2.8747105598449707
640 2.788374662399292
641 2.845194101333618
642 2.7769570350646973
643 2.912144184112549
644 2.9942550659179688
645 2.6491429805755615
646 3.135240077972412
647 3.017781972885132
648 2.935242176055908
649 2.771878957748413
650 2.8545024394989014
651 2.5933451652526855
652 2.53950834274292
653 3.0439014434814453
654 3.193735361099243
655 2.702782392501831
656 2.863662004470825
657 2.7797369956970215
658 2.9619028568267822
659 2.9268689155578613
660 2.923837184906006
661 2.9117369651794434
662 2.966303825378418
663 2.6674835681915283
664 2.570561408996582
665 2.952596426010132
666 2.6755473613739014
667 2.793339967727661
668 2.8141205310821533
669 3.015310287475586
670 3.115917682647705
671 2.6784863471984863
672 2.6631722450256348
673 2.5995919704437256
674 2.906661033630371
675 3.1210520267486572
676 2.6311514377593994
677 2.7738864421844482
678 2.796290159225464
679 3.0987443923950195
680 3.0716280937194824
681 3.0938913822174072
682 3.012648344039917
683 2.8371975421905518
684 2.7781548500061035
685 2.778484344482422
686 2.663698196411133
687 3.043464183807373
688 2.777501344680786
689 2.912740468978882
690 2.9320833683013916
691 2.873609781265259
692 2.810436487197876
693 2.794257402420044
694 3.105067253112793
695 2.6070384979248047
696 2.739292860031128
697 2.7737843990325928
698 2.8273515701293945
699 3.220458745956421
700 2.9479258060455322
701 2.703115224838257
702 2.710886240005493
703 2.909287452697754
704 3.069096565246582
705 2.806806802749634
706 2.7589499950408936
707 2.856577157974243
708 2.7290494441986084
709 3.316114664077759
710 2.675647020339966
711 2.857959270477295
712 2.6336252689361572
713 2.7662911415100098
714 2.8457367420196533
715 2.7520835399627686
716 2.977102041244507
717 2.859246253967285
718 2.815951347351074
719 3.018887758255005
720 3.2800259590148926
721 2.9533140659332275
722 2.733452320098877
723 3.0325961112976074
724 3.0064103603363037
725 2.7224221229553223
726 2.777463674545288
727 2.705029010772705
728 2.843644380569458
729 2.888059616088867
730 2.645655393600464
731 2.739739179611206
732 2.8190202713012695
733 2.9930918216705322
734 2.579158067703247
735 2.6822526454925537
736 2.8490817546844482
737 2.9754462242126465
738 2.831610918045044
739 2.9161412715911865
740 3.353867530822754
741 2.7839536666870117
742 2.7540695667266846
743 3.245238780975342
744 3.395376682281494
745 2.516188383102417
746 2.584213972091675
747 2.7693490982055664
748 2.903189182281494
749 2.8324673175811768
750 3.035006046295166
751 3.0287375450134277
752 2.9689691066741943
753 2.7617318630218506
754 2.746384620666504
755 2.6356360912323
756 2.6005258560180664
757 2.701331853866577
758 2.801490068435669
759 2.6328938007354736
760 3.0363197326660156
761 2.8229305744171143
762 2.8545913696289062
763 3.1795527935028076
764 2.6374387741088867
765 2.8557894229888916
766 2.9461264610290527
767 2.8971915245056152
768 2.621445655822754
769 2.9224255084991455
770 2.8650052547454834
771 2.680117607116699
772 3.0375702381134033
773 3.229661464691162
774 2.9373281002044678
775 2.709463119506836
776 2.9449198246002197
777 3.008246660232544
778 2.722980499267578
779 2.549041509628296
780 2.955214262008667
781 2.7222542762756348
782 2.920344114303589
783 3.0339910984039307
784 2.7697038650512695
785 2.7843434810638428
786 2.987299680709839
787 2.7889723777770996
788 3.122004985809326
789 2.6568965911865234
790 2.6250264644622803
791 2.9843735694885254
792 2.541050672531128
793 2.6145236492156982
794 2.8460075855255127
795 3.1041224002838135
796 2.9949822425842285
797 2.890204668045044
798 2.7210824489593506
799 3.1227364540100098
800 3.2629218101501465
