1 1.1986057758331299
2 1.1386034488677979
3 1.0768158435821533
4 1.001079797744751
5 0.9336948990821838
6 0.8660632371902466
7 0.8106704950332642
8 0.7552609443664551
9 0.7154000997543335
10 0.6718446016311646
11 0.6354315280914307
12 0.6058964729309082
13 0.5736281275749207
14 0.5477955341339111
15 0.5214743614196777
16 0.49763813614845276
17 0.4750710129737854
18 0.45398566126823425
19 0.4325840175151825
20 0.41559603810310364
21 0.3977012038230896
22 0.3816516101360321
23 0.3627699613571167
24 0.35042402148246765
25 0.3380800783634186
26 0.3262893557548523
27 0.31917497515678406
28 0.3046373426914215
29 0.2950551211833954
30 0.28896135091781616
31 0.27748537063598633
32 0.2692045569419861
33 0.26505282521247864
34 0.2562315762042999
35 0.2495320737361908
36 0.2449830174446106
37 0.24005289375782013
38 0.2329215258359909
39 0.2274944931268692
40 0.22537662088871002
41 0.22124886512756348
42 0.21528244018554688
43 0.21069973707199097
44 0.20889252424240112
45 0.20497989654541016
46 0.20230631530284882
47 0.1987963765859604
48 0.19383221864700317
49 0.18891097605228424
50 0.1869313269853592
51 0.1852131187915802
52 0.18348757922649384
53 0.1801389753818512
54 0.17634107172489166
55 0.1734771579504013
56 0.17225760221481323
57 0.16911818087100983
58 0.16767758131027222
59 0.1668260544538498
60 0.16309607028961182
61 0.16237574815750122
62 0.16252493858337402
63 0.15743495523929596
64 0.15996110439300537
65 0.15445353090763092
66 0.1510007232427597
67 0.15224169194698334
68 0.15052026510238647
69 0.1512976735830307
70 0.1492392122745514
71 0.14578165113925934
72 0.1461338996887207
73 0.143619105219841
74 0.14156095683574677
75 0.14251050353050232
76 0.1409633904695511
77 0.13924221694469452
78 0.13670603930950165
79 0.13733193278312683
80 0.13604900240898132
81 0.13486327230930328
82 0.13399900496006012
83 0.1337437927722931
84 0.13057775795459747
85 0.13198935985565186
86 0.13064132630825043
87 0.13073943555355072
88 0.1292998194694519
89 0.12702208757400513
90 0.12733738124370575
91 0.12469345331192017
92 0.12643741071224213
93 0.12259010970592499
94 0.12416363507509232
95 0.12130355089902878
96 0.12106866389513016
97 0.12170375883579254
98 0.11872154474258423
99 0.1202043741941452
100 0.1203828677535057
101 0.1174604669213295
102 0.1187908947467804
103 0.11767909675836563
104 0.11542890965938568
105 0.11485470831394196
106 0.11683708429336548
107 0.11399992555379868
108 0.11383458971977234
109 0.11052703857421875
110 0.11412573605775833
111 0.11206234246492386
112 0.11282597482204437
113 0.10895916074514389
114 0.10935764014720917
115 0.1143050342798233
116 0.10865212976932526
117 0.10810037702322006
118 0.10924636572599411
119 0.10641241073608398
120 0.1054220125079155
121 0.1087493821978569
122 0.10648435354232788
123 0.10548271983861923
124 0.10640835762023926
125 0.1047736406326294
126 0.1029140055179596
127 0.10205261409282684
128 0.10198981314897537
129 0.10469616949558258
130 0.10250411182641983
131 0.10609332472085953
132 0.10211585462093353
133 0.1003442332148552
134 0.09990760684013367
135 0.10241097956895828
136 0.09885053336620331
137 0.09957970678806305
138 0.09991902112960815
139 0.09915000945329666
140 0.09956228733062744
141 0.10037761926651001
142 0.09630472958087921
143 0.09808836877346039
144 0.0973573625087738
145 0.09773753583431244
146 0.09703713655471802
147 0.09758377820253372
148 0.09443847835063934
149 0.09538174420595169
150 0.09775743633508682
151 0.0962107703089714
152 0.09406066685914993
153 0.09382064640522003
154 0.0925341323018074
155 0.09487344324588776
156 0.09402299672365189
157 0.0916132852435112
158 0.09378012269735336
159 0.09597939997911453
160 0.09154915064573288
161 0.09094072878360748
162 0.09134130924940109
163 0.08924791216850281
164 0.08969922363758087
165 0.09380005300045013
166 0.09141404181718826
167 0.09105191379785538
168 0.09098143875598907
169 0.09076659381389618
170 0.08818386495113373
171 0.09028206765651703
172 0.09128401428461075
173 0.08560576289892197
174 0.08945804089307785
175 0.08923457562923431
176 0.0906619131565094
177 0.08803831040859222
178 0.08932799100875854
179 0.08901312947273254
180 0.08685173839330673
181 0.09213455766439438
182 0.0858270525932312
183 0.08716471493244171
184 0.08438502997159958
185 0.08717050403356552
186 0.08760513365268707
187 0.08805344253778458
188 0.08457833528518677
189 0.08380930870771408
190 0.08492059260606766
191 0.08499939739704132
192 0.08534947782754898
193 0.08432839810848236
194 0.08407755941152573
195 0.08252990990877151
196 0.08587512373924255
197 0.08394570648670197
198 0.08519233018159866
199 0.08374924212694168
200 0.0826946273446083
201 0.08170008659362793
202 0.08389735221862793
203 0.0834154412150383
204 0.08458958566188812
205 0.08269619941711426
206 0.08022020012140274
207 0.08425746858119965
208 0.08195333182811737
209 0.07984352856874466
210 0.08420267701148987
211 0.08006710559129715
212 0.08063741773366928
213 0.08035600930452347
214 0.08158715069293976
215 0.07821743935346603
216 0.07921331375837326
217 0.08167207986116409
218 0.0814584270119667
219 0.07797674089670181
220 0.07976799458265305
221 0.07877542078495026
222 0.08138477057218552
223 0.08085944503545761
224 0.08081282675266266
225 0.07571718096733093
226 0.07900585234165192
227 0.07845468074083328
228 0.07489611953496933
229 0.07710948586463928
230 0.07862473279237747
231 0.07815712690353394
232 0.07746606320142746
233 0.07525855302810669
234 0.07793673872947693
235 0.0778447687625885
236 0.07650527358055115
237 0.07709471881389618
238 0.07549470663070679
239 0.07979109138250351
240 0.07389295101165771
241 0.07522710412740707
242 0.0744510218501091
243 0.08064611256122589
244 0.07572803646326065
245 0.07660818845033646
246 0.07488666474819183
247 0.07449652999639511
248 0.07512295991182327
249 0.07232265174388885
250 0.07341369241476059
251 0.07425431907176971
252 0.07508034259080887
253 0.07441241294145584
254 0.07291953265666962
255 0.07580814510583878
256 0.07482358068227768
257 0.07213091850280762
258 0.07429903745651245
259 0.07304968684911728
260 0.07090001553297043
261 0.0719163790345192
262 0.07618801295757294
263 0.07708309590816498
264 0.07147765904664993
265 0.07111918181180954
266 0.0786447748541832
267 0.07081416249275208
268 0.07160374522209167
269 0.0705295130610466
270 0.07187756150960922
271 0.06834761053323746
272 0.07209344953298569
273 0.07302644848823547
274 0.0700862854719162
275 0.0694519579410553
276 0.07169868052005768
277 0.0720960795879364
278 0.07041195780038834
279 0.0712103396654129
280 0.07289067655801773
281 0.06834804266691208
282 0.0713222548365593
283 0.07057055085897446
284 0.07091843336820602
285 0.06985156983137131
286 0.06976912915706635
287 0.07511268556118011
288 0.07081492245197296
289 0.07103550434112549
290 0.07268475741147995
291 0.06979070603847504
292 0.07189717888832092
293 0.06925112754106522
294 0.06983129680156708
295 0.06741669774055481
296 0.06816185265779495
297 0.06848089396953583
298 0.07027065753936768
299 0.07273240387439728
300 0.0673910528421402
301 0.06983467191457748
302 0.06912242621183395
303 0.0719570517539978
304 0.07310256361961365
305 0.06655121594667435
306 0.06907359510660172
307 0.0669298768043518
308 0.06689297407865524
309 0.0667448416352272
310 0.06775841116905212
311 0.06599712371826172
312 0.06669764220714569
313 0.0662233829498291
314 0.0671197697520256
315 0.06741845607757568
316 0.06881793588399887
317 0.07021787762641907
318 0.06467413157224655
319 0.06622374802827835
320 0.07040565460920334
321 0.06705920398235321
322 0.0661836788058281
323 0.06700898706912994
324 0.06290610879659653
325 0.0670209750533104
326 0.06936588138341904
327 0.06785598397254944
328 0.06543530523777008
329 0.06426829099655151
330 0.06762833148241043
331 0.06632736325263977
332 0.06437303125858307
333 0.06347167491912842
334 0.06630627810955048
335 0.06628433614969254
336 0.06573523581027985
337 0.06398356705904007
338 0.0637410432100296
339 0.0655440017580986
340 0.06241188570857048
341 0.06678410619497299
342 0.06452513486146927
343 0.06400489062070847
344 0.0668303444981575
345 0.0639893040060997
346 0.066171795129776
347 0.06304867565631866
348 0.06479436904191971
349 0.06505250185728073
350 0.06377788633108139
351 0.06390631943941116
352 0.062269385904073715
353 0.06360525637865067
354 0.06405653059482574
355 0.06627023220062256
356 0.06306442618370056
357 0.061751674860715866
358 0.06225629150867462
359 0.06480493396520615
360 0.06833748519420624
361 0.06774082779884338
362 0.07010145485401154
363 0.06243116408586502
364 0.06254085898399353
365 0.061828527599573135
366 0.06544609367847443
367 0.06301388889551163
368 0.06257406622171402
369 0.06389410048723221
370 0.06573832035064697
371 0.0639205202460289
372 0.06273698806762695
373 0.06310414522886276
374 0.06583422422409058
375 0.0602298229932785
376 0.06366006284952164
377 0.06109631806612015
378 0.06020436808466911
379 0.0652272030711174
380 0.06099173054099083
381 0.06036805734038353
382 0.06217951327562332
383 0.059954892843961716
384 0.06316933780908585
385 0.05940729379653931
386 0.0636616051197052
387 0.06321625411510468
388 0.06250254809856415
389 0.06022213026881218
390 0.06540974974632263
391 0.06080102548003197
392 0.06150703877210617
393 0.06094292551279068
394 0.06367059797048569
395 0.06209128350019455
396 0.05930797755718231
397 0.06126028299331665
398 0.05852261185646057
399 0.06105989217758179
400 0.05900339409708977
