1 1.0927983522415161
2 0.7866755723953247
3 0.5903241634368896
4 0.47060924768447876
5 0.39408257603645325
6 0.33942911028862
7 0.29228004813194275
8 0.2679550349712372
9 0.2483287900686264
10 0.24363180994987488
11 0.2144438773393631
12 0.20498797297477722
13 0.2094954401254654
14 0.18782098591327667
15 0.18742476403713226
16 0.17385125160217285
17 0.16526097059249878
18 0.16945786774158478
19 0.165564626455307
20 0.16626949608325958
21 0.17254650592803955
22 0.1481548249721527
23 0.15607398748397827
24 0.14767207205295563
25 0.14741893112659454
26 0.1375308781862259
27 0.14599066972732544
28 0.1433987021446228
29 0.1246088370680809
30 0.13417743146419525
31 0.12401457875967026
32 0.13895884156227112
33 0.14175795018672943
34 0.14410468935966492
35 0.1280703991651535
36 0.1180114895105362
37 0.127571240067482
38 0.12549647688865662
39 0.12253015488386154
40 0.11649048328399658
41 0.11610715836286545
42 0.12308378517627716
43 0.1284593939781189
44 0.12189871817827225
45 0.12344539165496826
46 0.1429012417793274
47 0.10610412806272507
48 0.1158447116613388
49 0.12373146414756775
50 0.1159307137131691
51 0.11745408922433853
52 0.10634005814790726
53 0.12948772311210632
54 0.10868267714977264
55 0.10671214759349823
56 0.13319414854049683
57 0.09928444027900696
58 0.0998258888721466
59 0.11463586241006851
60 0.10167820751667023
61 0.10582072287797928
62 0.11276009678840637
63 0.11290227621793747
64 0.1284242868423462
65 0.11395782977342606
66 0.10609915852546692
67 0.10405781120061874
68 0.09950491786003113
69 0.0952475443482399
70 0.11312061548233032
71 0.11024948954582214
72 0.11604689061641693
73 0.11276327818632126
74 0.11122220754623413
75 0.10600466281175613
76 0.10718459635972977
77 0.10932620614767075
78 0.09341727197170258
79 0.12292930483818054
80 0.10133565962314606
81 0.10786386579275131
82 0.09547002613544464
83 0.0951242670416832
84 0.09226763248443604
85 0.10363275557756424
86 0.09211704879999161
87 0.10010071098804474
88 0.12725648283958435
89 0.11599012464284897
90 0.09297308325767517
91 0.10741443186998367
92 0.09983076900243759
93 0.09846474230289459
94 0.09113826602697372
95 0.10650060325860977
96 0.09092932939529419
97 0.10831082612276077
98 0.09921052306890488
99 0.1023397222161293
100 0.08428139239549637
101 0.10342766344547272
102 0.09241858869791031
103 0.08689562231302261
104 0.10238152742385864
105 0.08870286494493484
106 0.10078136622905731
107 0.10055140405893326
108 0.08382673561573029
109 0.09963031113147736
110 0.09346608072519302
111 0.10000692307949066
112 0.11068368703126907
113 0.09493513405323029
114 0.10175090283155441
115 0.1304108202457428
116 0.10085371136665344
117 0.09282824397087097
118 0.10102952271699905
119 0.08556192368268967
120 0.08964015543460846
121 0.08226902782917023
122 0.10825077444314957
123 0.08338925987482071
124 0.11777560412883759
125 0.08028481155633926
126 0.14594006538391113
127 0.09253403544425964
128 0.10087117552757263
129 0.0855543240904808
130 0.08642104268074036
131 0.09798334538936615
132 0.12639406323432922
133 0.08571164309978485
134 0.08002946525812149
135 0.09227998554706573
136 0.11249607801437378
137 0.08077064156532288
138 0.08654803037643433
139 0.09433876723051071
140 0.08176663517951965
141 0.08775155991315842
142 0.10759259760379791
143 0.08649104833602905
144 0.08894889801740646
145 0.08256137371063232
146 0.0786602795124054
147 0.09188289195299149
148 0.09687159210443497
149 0.09126310050487518
150 0.08640368282794952
151 0.07927237451076508
152 0.09714098274707794
153 0.08097925037145615
154 0.0940370261669159
155 0.07497437298297882
156 0.08966776728630066
157 0.0863657221198082
158 0.09749415516853333
159 0.09187360107898712
160 0.07365047186613083
161 0.09214594215154648
162 0.09126171469688416
163 0.08182449638843536
164 0.08374616503715515
165 0.09255698323249817
166 0.09576842188835144
167 0.10167448222637177
168 0.1059645339846611
169 0.09741435199975967
170 0.08289702981710434
171 0.09286898374557495
172 0.07273342460393906
173 0.09179364889860153
174 0.10409974306821823
175 0.09019486606121063
176 0.09096378087997437
177 0.07722057402133942
178 0.08206404000520706
179 0.07217948138713837
180 0.08999278396368027
181 0.08258878439664841
182 0.10020370036363602
183 0.08904413133859634
184 0.10871393978595734
185 0.08383376151323318
186 0.07749298959970474
187 0.09823434799909592
188 0.10087820887565613
189 0.10627659410238266
190 0.08132955431938171
191 0.08573228865861893
192 0.08112785965204239
193 0.07432922720909119
194 0.08785191923379898
195 0.08889080584049225
196 0.08956339210271835
197 0.08092223852872849
198 0.11068516969680786
199 0.08417802304029465
200 0.10192525386810303
201 0.0952608585357666
202 0.09761983156204224
203 0.07508567720651627
204 0.07169950753450394
205 0.07577783614397049
206 0.0811939686536789
207 0.08796938508749008
208 0.08777562528848648
209 0.09547993540763855
210 0.0806904211640358
211 0.08679379522800446
212 0.07483457773923874
213 0.08565567433834076
214 0.09928301721811295
215 0.0786912590265274
216 0.08029445260763168
217 0.08008356392383575
218 0.08020509034395218
219 0.10066201537847519
220 0.09298734366893768
221 0.08559402823448181
222 0.08269208669662476
223 0.07824345678091049
224 0.07835416495800018
225 0.08688539266586304
226 0.08874521404504776
227 0.08721879124641418
228 0.07515854388475418
229 0.0876140370965004
230 0.077098049223423
231 0.08132068812847137
232 0.08485456556081772
233 0.09506959468126297
234 0.08537182956933975
235 0.08544773608446121
236 0.08335741609334946
237 0.08460361510515213
238 0.07911241799592972
239 0.0804881677031517
240 0.07447021454572678
241 0.0678006038069725
242 0.06730177253484726
243 0.07132996618747711
244 0.08772837370634079
245 0.07881557941436768
246 0.08361756056547165
247 0.09103276580572128
248 0.07646200805902481
249 0.07785564661026001
250 0.07537443190813065
251 0.07976412028074265
252 0.08464886993169785
253 0.08554935455322266
254 0.08214421570301056
255 0.08451300859451294
256 0.08059412240982056
257 0.10161905735731125
258 0.08482732623815536
259 0.10600253194570541
260 0.07230713963508606
261 0.09269706904888153
262 0.07039084285497665
263 0.09264307469129562
264 0.09452372789382935
265 0.07840283215045929
266 0.07867248356342316
267 0.06562023609876633
268 0.06912973523139954
269 0.0840933546423912
270 0.0803501158952713
271 0.07157623767852783
272 0.08584821224212646
273 0.07746795564889908
274 0.0727199912071228
275 0.07260869443416595
276 0.0755079835653305
277 0.09525404125452042
278 0.08701375871896744
279 0.07442005723714828
280 0.09249256551265717
281 0.09056579321622849
282 0.0834939032793045
283 0.09811711311340332
284 0.08625482767820358
285 0.07592263072729111
286 0.0672764778137207
287 0.07556287199258804
288 0.0958712249994278
289 0.08113250881433487
290 0.07289635390043259
291 0.08311262726783752
292 0.07349014282226562
293 0.07464698702096939
294 0.07621224224567413
295 0.06720224767923355
296 0.07418709993362427
297 0.0887102335691452
298 0.08981747180223465
299 0.0797140896320343
300 0.07544902712106705
301 0.08148060739040375
302 0.06963443011045456
303 0.10835880041122437
304 0.06245402991771698
305 0.06350874900817871
306 0.08233489096164703
307 0.06845486164093018
308 0.06232775002717972
309 0.07265497744083405
310 0.06616012006998062
311 0.11510222405195236
312 0.06896741688251495
313 0.06728436052799225
314 0.06704859435558319
315 0.06936455518007278
316 0.07491795718669891
317 0.08780999481678009
318 0.06334433704614639
319 0.06639409810304642
320 0.06911568343639374
321 0.0761730745434761
322 0.0755363404750824
323 0.07512243837118149
324 0.09780726581811905
325 0.0744156688451767
326 0.0626673549413681
327 0.0739089623093605
328 0.07232668995857239
329 0.07216551154851913
330 0.08326159417629242
331 0.07036156952381134
332 0.07384392619132996
333 0.06949468702077866
334 0.06458787620067596
335 0.08380239456892014
336 0.09205134212970734
337 0.07953982800245285
338 0.07700122147798538
339 0.07117924839258194
340 0.07567862421274185
341 0.07046841830015182
342 0.0805094912648201
343 0.07370532304048538
344 0.07680714875459671
345 0.08029245585203171
346 0.09411019086837769
347 0.0762149840593338
348 0.07062417268753052
349 0.06999403238296509
350 0.07473751157522202
351 0.08007807284593582
352 0.06968987733125687
353 0.0797269269824028
354 0.08935068547725677
355 0.07033353298902512
356 0.10523154586553574
357 0.06263371556997299
358 0.07891100645065308
359 0.07046157866716385
360 0.06666472554206848
361 0.07321907579898834
362 0.05723410099744797
363 0.07789332419633865
364 0.07171408087015152
365 0.06868944317102432
366 0.07412709295749664
367 0.06983009725809097
368 0.07427839189767838
369 0.06450130045413971
370 0.09606049954891205
371 0.07557646185159683
372 0.0697207823395729
373 0.06355223804712296
374 0.07265429198741913
375 0.08807861804962158
376 0.05911209434270859
377 0.0665830746293068
378 0.07726409286260605
379 0.0689648762345314
380 0.0648973360657692
381 0.07476374506950378
382 0.08258405327796936
383 0.0666382759809494
384 0.08162783086299896
385 0.059175942093133926
386 0.06646963953971863
387 0.07471481710672379
388 0.07584131509065628
389 0.08713311702013016
390 0.061004750430583954
391 0.06564969569444656
392 0.05979108065366745
393 0.08418416231870651
394 0.08970391005277634
395 0.05896616354584694
396 0.07533922046422958
397 0.06980857253074646
398 0.05914696305990219
399 0.09293822199106216
400 0.08628303557634354
