1 1.2385227680206299
2 1.1638375520706177
3 1.1329104900360107
4 1.0950995683670044
5 1.0507129430770874
6 1.007452130317688
7 0.9672355055809021
8 0.9308185577392578
9 0.8978772759437561
10 0.869154691696167
11 0.8410406112670898
12 0.8181596994400024
13 0.794322669506073
14 0.7748948931694031
15 0.754976749420166
16 0.7371016144752502
17 0.7216141223907471
18 0.7076638340950012
19 0.6941241025924683
20 0.6808569431304932
21 0.6704561710357666
22 0.6585116982460022
23 0.6496598124504089
24 0.639326274394989
25 0.6320652365684509
26 0.6231992244720459
27 0.6138458251953125
28 0.6078073382377625
29 0.600216805934906
30 0.5935069918632507
31 0.5867030024528503
32 0.5800197124481201
33 0.575045645236969
34 0.5691497921943665
35 0.5637430548667908
36 0.5579532980918884
37 0.5534470081329346
38 0.5476506352424622
39 0.543720543384552
40 0.5382870435714722
41 0.5347056984901428
42 0.5292381048202515
43 0.5245987176895142
44 0.5206171274185181
45 0.5168564319610596
46 0.5114942193031311
47 0.5081352591514587
48 0.503480076789856
49 0.499686062335968
50 0.49569833278656006
51 0.491413414478302
52 0.48663994669914246
53 0.48487719893455505
54 0.47972720861434937
55 0.474891722202301
56 0.4719073176383972
57 0.46760550141334534
58 0.4651452898979187
59 0.4611597955226898
60 0.45666807889938354
61 0.45318546891212463
62 0.4489748775959015
63 0.4460430145263672
64 0.4414754807949066
65 0.4380943775177002
66 0.4355650842189789
67 0.43074098229408264
68 0.4282051920890808
69 0.42544400691986084
70 0.4200338125228882
71 0.41753140091896057
72 0.4139353334903717
73 0.4110957682132721
74 0.40758612751960754
75 0.4041628837585449
76 0.3994694650173187
77 0.39648106694221497
78 0.3931082785129547
79 0.3896356225013733
80 0.3860061466693878
81 0.3831830620765686
82 0.37914222478866577
83 0.37626713514328003
84 0.3719155192375183
85 0.37195613980293274
86 0.36763742566108704
87 0.36380934715270996
88 0.36016470193862915
89 0.3576726019382477
90 0.35420653223991394
91 0.35163938999176025
92 0.34860023856163025
93 0.3455856442451477
94 0.34285858273506165
95 0.34042656421661377
96 0.33641889691352844
97 0.33430159091949463
98 0.3315925598144531
99 0.32819294929504395
100 0.3268941044807434
101 0.3231438398361206
102 0.3199545443058014
103 0.3184869885444641
104 0.31604382395744324
105 0.3123643696308136
106 0.31074926257133484
107 0.30790236592292786
108 0.30600959062576294
109 0.30419933795928955
110 0.30230727791786194
111 0.2990088164806366
112 0.2975251078605652
113 0.29565754532814026
114 0.2926247715950012
115 0.29179587960243225
116 0.28903213143348694
117 0.28725793957710266
118 0.2860279977321625
119 0.2838033139705658
120 0.2817002534866333
121 0.2813362777233124
122 0.27898555994033813
123 0.27726665139198303
124 0.2765403687953949
125 0.2736189663410187
126 0.2746901512145996
127 0.2728821933269501
128 0.27198055386543274
129 0.2688565254211426
130 0.2674444019794464
131 0.26607072353363037
132 0.26514288783073425
133 0.2643067240715027
134 0.26234138011932373
135 0.26106637716293335
136 0.26108449697494507
137 0.25791287422180176
138 0.25889089703559875
139 0.2573045790195465
140 0.25532737374305725
141 0.2552575469017029
142 0.2540581524372101
143 0.25336506962776184
144 0.2533077001571655
145 0.25175389647483826
146 0.2500242292881012
147 0.24970108270645142
148 0.25027725100517273
149 0.2487105429172516
150 0.2469424605369568
151 0.24699518084526062
152 0.2456815242767334
153 0.2462344765663147
154 0.24478739500045776
155 0.24342821538448334
156 0.24235934019088745
157 0.24233749508857727
158 0.24140414595603943
159 0.24108804762363434
160 0.23992712795734406
161 0.23939171433448792
162 0.23947939276695251
163 0.23874396085739136
164 0.23725244402885437
165 0.237278550863266
166 0.23650334775447845
167 0.23545144498348236
168 0.23519602417945862
169 0.23434966802597046
170 0.23563899099826813
171 0.23390904068946838
172 0.23222187161445618
173 0.2345203012228012
174 0.23157300055027008
175 0.2302233874797821
176 0.23175343871116638
177 0.23205406963825226
178 0.22984910011291504
179 0.23057743906974792
180 0.23038466274738312
181 0.2277238667011261
182 0.22835063934326172
183 0.22763387858867645
184 0.22736933827400208
185 0.22691528499126434
186 0.22509454190731049
187 0.22502122819423676
188 0.22584694623947144
189 0.2255477011203766
190 0.22480766475200653
191 0.2244277149438858
192 0.2230837643146515
193 0.2233697921037674
194 0.22208857536315918
195 0.22426682710647583
196 0.2215096354484558
197 0.22206392884254456
198 0.22156228125095367
199 0.22009503841400146
200 0.2213662564754486
