1 1.1460896730422974
2 0.8434349894523621
3 0.6343032121658325
4 0.5100022554397583
5 0.4415968358516693
6 0.3930491507053375
7 0.3538126051425934
8 0.3265209496021271
9 0.3034695088863373
10 0.2861092984676361
11 0.26261308789253235
12 0.251689076423645
13 0.2419644296169281
14 0.23549462854862213
15 0.21942836046218872
16 0.21205390989780426
17 0.20368671417236328
18 0.1936085820198059
19 0.18620264530181885
20 0.1817057579755783
21 0.18622362613677979
22 0.16680027544498444
23 0.16104310750961304
24 0.1625971645116806
25 0.15985049307346344
26 0.15780039131641388
27 0.15565229952335358
28 0.14680777490139008
29 0.1476401388645172
30 0.14145545661449432
31 0.13380034267902374
32 0.15172430872917175
33 0.13653169572353363
34 0.14059092104434967
35 0.1288209706544876
36 0.1299847811460495
37 0.14589695632457733
38 0.13998661935329437
39 0.13683298230171204
40 0.12597303092479706
41 0.12531988322734833
42 0.12530621886253357
43 0.12215503305196762
44 0.11820365488529205
45 0.11916332691907883
46 0.12188536673784256
47 0.11935929954051971
48 0.12431550770998001
49 0.12402772903442383
50 0.11879441142082214
51 0.11714088916778564
52 0.11822569370269775
53 0.11957823485136032
54 0.10974317044019699
55 0.11735070496797562
56 0.10095720738172531
57 0.10886836051940918
58 0.10667479783296585
59 0.10668066143989563
60 0.10485199093818665
61 0.11970576643943787
62 0.10609190911054611
63 0.10153473168611526
64 0.10989873111248016
65 0.1022682636976242
66 0.10119398683309555
67 0.104808010160923
68 0.09780161827802658
69 0.1033640056848526
70 0.09826946258544922
71 0.10868474096059799
72 0.10700512677431107
73 0.10435643047094345
74 0.09131303429603577
75 0.11804737150669098
76 0.10150760412216187
77 0.09607548266649246
78 0.1006104126572609
79 0.10107775032520294
80 0.09867404401302338
81 0.09102274477481842
82 0.093922458589077
83 0.08788339793682098
84 0.10159903764724731
85 0.10303044319152832
86 0.09197893738746643
87 0.10698151588439941
88 0.09835179895162582
89 0.09423667937517166
90 0.09067182242870331
91 0.09944789111614227
92 0.09763521701097488
93 0.08757343888282776
94 0.08175966143608093
95 0.09392696619033813
96 0.08186010271310806
97 0.09809187799692154
98 0.11247921735048294
99 0.11158449947834015
100 0.09731947630643845
101 0.0969172865152359
102 0.09091340005397797
103 0.0822763442993164
104 0.08828210830688477
105 0.11736349016427994
106 0.08917824178934097
107 0.09423711895942688
108 0.09307081252336502
109 0.08936998248100281
110 0.08789920806884766
111 0.08499277383089066
112 0.08298615366220474
113 0.08230015635490417
114 0.08477435261011124
115 0.09105675667524338
116 0.08455388993024826
117 0.0868084579706192
118 0.0860200822353363
119 0.08923346549272537
120 0.09042187035083771
121 0.09904684126377106
122 0.08988183736801147
123 0.08307603746652603
124 0.08731745183467865
125 0.07652729749679565
126 0.0805128738284111
127 0.08294208347797394
128 0.08433061093091965
129 0.08938741683959961
130 0.08922004699707031
131 0.08020438253879547
132 0.09646237641572952
133 0.08290112763643265
134 0.09793494641780853
135 0.08148045837879181
136 0.08483542501926422
137 0.07472983002662659
138 0.08284406363964081
139 0.07474038749933243
140 0.08731020241975784
141 0.09548939764499664
142 0.08576259762048721
143 0.08096504211425781
144 0.08488007634878159
145 0.10100751370191574
146 0.08084484189748764
147 0.08201639354228973
148 0.08200354129076004
149 0.08484892547130585
150 0.08588887006044388
151 0.08049414306879044
152 0.09720873832702637
153 0.09061877429485321
154 0.07499688863754272
155 0.08150841295719147
156 0.07654017955064774
157 0.08246360719203949
158 0.07620105892419815
159 0.08008944988250732
160 0.07664285600185394
161 0.07064668089151382
162 0.07151603698730469
163 0.08901264518499374
164 0.09013119339942932
165 0.08577127754688263
166 0.09425359964370728
167 0.08031779527664185
168 0.08945099264383316
169 0.07352837175130844
170 0.07917381823062897
171 0.0839410349726677
172 0.07777447253465652
173 0.08472806960344315
174 0.06500247120857239
175 0.07053344696760178
176 0.07787375897169113
177 0.07983773201704025
178 0.07619262486696243
179 0.07838578522205353
180 0.07735380530357361
181 0.0698038786649704
182 0.07838551700115204
183 0.08381214737892151
184 0.07497558742761612
185 0.07893941551446915
186 0.0921117439866066
187 0.08918914198875427
188 0.07964923232793808
189 0.08334420621395111
190 0.07900067418813705
191 0.07708229869604111
192 0.0826730728149414
193 0.0708184465765953
194 0.07074685394763947
195 0.08587988466024399
196 0.08527857810258865
197 0.08653837442398071
198 0.0726155936717987
199 0.07430155575275421
200 0.08086518198251724
201 0.07033254951238632
202 0.07059193402528763
203 0.06811268627643585
204 0.07840941846370697
205 0.07030541449785233
206 0.08214760571718216
207 0.07926709204912186
208 0.0645064115524292
209 0.07996713370084763
210 0.08173861354589462
211 0.1001884862780571
212 0.07297009229660034
213 0.07506776601076126
214 0.07357341796159744
215 0.08525698632001877
216 0.08082536607980728
217 0.08042539656162262
218 0.07102987915277481
219 0.06631943583488464
220 0.08752638101577759
221 0.07533199340105057
222 0.07202032208442688
223 0.07763957232236862
224 0.06802499294281006
225 0.07113704830408096
226 0.06969621032476425
227 0.07188650220632553
228 0.10207046568393707
229 0.07064945995807648
230 0.07407315075397491
231 0.08873899281024933
232 0.06575480103492737
233 0.07062983512878418
234 0.08457770198583603
235 0.08372040838003159
236 0.07358850538730621
237 0.07701381295919418
238 0.07401752471923828
239 0.07002763450145721
240 0.06702875345945358
241 0.08058034628629684
242 0.07116426527500153
243 0.08966344594955444
244 0.07856898009777069
245 0.06917408853769302
246 0.06723713874816895
247 0.08205654472112656
248 0.08560296893119812
249 0.07516191899776459
250 0.06384307891130447
251 0.0670652911067009
252 0.06929685175418854
253 0.0696064755320549
254 0.06492405384778976
255 0.07188837975263596
256 0.0777069553732872
257 0.06659363210201263
258 0.08145640045404434
259 0.0803375244140625
260 0.0697360709309578
261 0.06609328091144562
262 0.08157718926668167
263 0.06399845331907272
264 0.06670846045017242
265 0.061671335250139236
266 0.061520885676145554
267 0.08717410266399384
268 0.0727628692984581
269 0.07397303730249405
270 0.06086955592036247
271 0.07491444796323776
272 0.08727620542049408
273 0.08299479633569717
274 0.08050669729709625
275 0.07099409401416779
276 0.06877392530441284
277 0.05942334607243538
278 0.06435683369636536
279 0.09756064414978027
280 0.06752990931272507
281 0.07815442234277725
282 0.07762300968170166
283 0.06107218191027641
284 0.07165717333555222
285 0.07282190769910812
286 0.07628452032804489
287 0.07434052228927612
288 0.06582781672477722
289 0.06562971323728561
290 0.07226322591304779
291 0.06979982554912567
292 0.07332844287157059
293 0.07336734980344772
294 0.06423433870077133
295 0.07999362051486969
296 0.0821453109383583
297 0.07576268911361694
298 0.07074796408414841
299 0.06018228083848953
300 0.06236580014228821
301 0.08448214828968048
302 0.06659629195928574
303 0.07325441390275955
304 0.06556512415409088
305 0.07058260589838028
306 0.06404342502355576
307 0.07020631432533264
308 0.08450253307819366
309 0.061807047575712204
310 0.08051694184541702
311 0.06025237590074539
312 0.0802854597568512
313 0.06753583252429962
314 0.08345181494951248
315 0.0638188049197197
316 0.07263036072254181
317 0.06574123352766037
318 0.07288674265146255
319 0.06928617507219315
320 0.06948401778936386
321 0.060424789786338806
322 0.06419254094362259
323 0.08126354217529297
324 0.06481780111789703
325 0.07353639602661133
326 0.0778898075222969
327 0.06674167513847351
328 0.06430910527706146
329 0.05907465144991875
330 0.0768866240978241
331 0.07049623876810074
332 0.09750128537416458
333 0.06603788584470749
334 0.06894627213478088
335 0.07152911275625229
336 0.06080390512943268
337 0.06007622182369232
338 0.05995693802833557
339 0.06619257479906082
340 0.0661597028374672
341 0.06497278064489365
342 0.0774831622838974
343 0.05563800409436226
344 0.0715293437242508
345 0.06517933309078217
346 0.0599842295050621
347 0.07434751093387604
348 0.0688273161649704
349 0.06274871528148651
350 0.06313224881887436
351 0.06062287092208862
352 0.07243350148200989
353 0.06080712750554085
354 0.06337793171405792
355 0.06812495738267899
356 0.06951776891946793
357 0.07663307338953018
358 0.0687670186161995
359 0.06847202032804489
360 0.07183967530727386
361 0.08131995797157288
362 0.06052554026246071
363 0.07162142544984818
364 0.058241359889507294
365 0.06786663830280304
366 0.07068044692277908
367 0.07519857585430145
368 0.06734135746955872
369 0.06317684054374695
370 0.0629415288567543
371 0.06187546253204346
372 0.0812147930264473
373 0.08095116913318634
374 0.06982658058404922
375 0.0647057294845581
376 0.06829717755317688
377 0.06450816243886948
378 0.060089390724897385
379 0.08051753789186478
380 0.0548444427549839
381 0.05938733369112015
382 0.06957428902387619
383 0.07462803274393082
384 0.06265945732593536
385 0.08465873450040817
386 0.06277243793010712
387 0.06466501206159592
388 0.07127311080694199
389 0.06986342370510101
390 0.06439873576164246
391 0.07687819749116898
392 0.06076613441109657
393 0.06869561970233917
394 0.1012955978512764
395 0.06853868812322617
396 0.06901434063911438
397 0.06289790570735931
398 0.0653451606631279
399 0.06316565722227097
400 0.06404687464237213
401 0.07130178064107895
402 0.08270173519849777
403 0.08456112444400787
404 0.054347362369298935
405 0.05582929030060768
406 0.07120133191347122
407 0.061281636357307434
408 0.0671645775437355
409 0.06698182970285416
410 0.05698323994874954
411 0.06338272243738174
412 0.07411517202854156
413 0.06972160935401917
414 0.07392758876085281
415 0.06425019353628159
416 0.07321197539567947
417 0.05572871118783951
418 0.06446801126003265
419 0.07031526416540146
420 0.06454364210367203
421 0.05907886102795601
422 0.05922264978289604
423 0.07542353868484497
424 0.06077616289258003
425 0.06968483328819275
426 0.05908103287220001
427 0.07524892687797546
428 0.0601835697889328
429 0.06187991052865982
430 0.07263661175966263
431 0.08118706941604614
432 0.05629967153072357
433 0.06636980175971985
434 0.06672938168048859
435 0.06254550814628601
436 0.07626315951347351
437 0.06395406275987625
438 0.06888668984174728
439 0.07273288816213608
440 0.050901029258966446
441 0.0783158466219902
442 0.05420726537704468
443 0.06110616773366928
444 0.06214253976941109
445 0.08989305049180984
446 0.07652928680181503
447 0.0599188469350338
448 0.05974695086479187
449 0.07553477585315704
450 0.05954980477690697
451 0.06215357035398483
452 0.06445732712745667
453 0.0750623270869255
454 0.06131478399038315
455 0.06772325187921524
456 0.06041857227683067
457 0.06879299134016037
458 0.06589215248823166
459 0.050168588757514954
460 0.062385715544223785
461 0.066294826567173
462 0.07910925149917603
463 0.06413525342941284
464 0.0546090230345726
465 0.07406739890575409
466 0.08547480404376984
467 0.08703824132680893
468 0.06441599875688553
469 0.056559402495622635
470 0.07205292582511902
471 0.07110869139432907
472 0.056280866265296936
473 0.05484551191329956
474 0.0623389407992363
475 0.0675610899925232
476 0.05967135727405548
477 0.05294641852378845
478 0.05386452004313469
479 0.05752524361014366
480 0.0681353211402893
481 0.07922638207674026
482 0.07456058263778687
483 0.05681098252534866
484 0.07008098065853119
485 0.060860149562358856
486 0.05021163821220398
487 0.06641165167093277
488 0.058967240154743195
489 0.07037658244371414
490 0.06822662055492401
491 0.06279417127370834
492 0.05980578064918518
493 0.07844380289316177
494 0.06638431549072266
495 0.06401750445365906
496 0.05914156138896942
497 0.05779622495174408
498 0.0569995753467083
499 0.06451281905174255
500 0.06270530074834824
501 0.06187266483902931
502 0.06439189612865448
503 0.07144009321928024
504 0.07718842476606369
505 0.07061967998743057
506 0.05497097969055176
507 0.06517206877470016
508 0.06021030247211456
509 0.05266973376274109
510 0.07616538554430008
511 0.07652884721755981
512 0.06804493814706802
513 0.061943549662828445
514 0.06467832624912262
515 0.055747777223587036
516 0.05670647695660591
517 0.06273733079433441
518 0.07157018035650253
519 0.06115495041012764
520 0.0696173757314682
521 0.06492400169372559
522 0.06540894508361816
523 0.07458992302417755
524 0.06841198354959488
525 0.06429880857467651
526 0.0663066878914833
527 0.061602476984262466
528 0.054862190037965775
529 0.06421875953674316
530 0.07419422268867493
531 0.06490297615528107
532 0.05990658700466156
533 0.06840157508850098
534 0.05404508858919144
535 0.056118208914995193
536 0.05969684571027756
537 0.057853154838085175
538 0.06047336384654045
539 0.0700761154294014
540 0.07380874454975128
541 0.05834691971540451
542 0.06884206831455231
543 0.055270660668611526
544 0.07428314536809921
545 0.06981436163187027
546 0.06463092565536499
547 0.05030394718050957
548 0.053347498178482056
549 0.06524912267923355
550 0.07731316238641739
551 0.07001614570617676
552 0.060370322316884995
553 0.058495745062828064
554 0.0604027584195137
555 0.06586326658725739
556 0.04944900423288345
557 0.05617671459913254
558 0.05713320150971413
559 0.08644169569015503
560 0.0594201497733593
561 0.057310085743665695
562 0.05635903403162956
563 0.06244209036231041
564 0.061524681746959686
565 0.07631108164787292
566 0.05513571575284004
567 0.05063440278172493
568 0.0844319760799408
569 0.06644751876592636
570 0.05807683616876602
571 0.07439611107110977
572 0.05610094591975212
573 0.05813572555780411
574 0.06639121472835541
575 0.05652400851249695
576 0.060154881328344345
577 0.05972392484545708
578 0.06017611548304558
579 0.06162013113498688
580 0.0677298754453659
581 0.06536193937063217
582 0.05763479694724083
583 0.05655732378363609
584 0.05993827432394028
585 0.061976637691259384
586 0.05509469285607338
587 0.05782032757997513
588 0.0673886388540268
589 0.07494515180587769
590 0.07396050542593002
591 0.062351375818252563
592 0.07063817977905273
593 0.0746232345700264
594 0.06020040437579155
595 0.055506978183984756
596 0.04828689247369766
597 0.05372351408004761
598 0.06635895371437073
599 0.056657470762729645
600 0.06674729287624359
601 0.06534191966056824
602 0.06080959737300873
603 0.06428096443414688
604 0.06453476846218109
605 0.05670074746012688
606 0.0741986334323883
607 0.06062433496117592
608 0.07560839504003525
609 0.08385718613862991
610 0.060179516673088074
611 0.06177796795964241
612 0.054505616426467896
613 0.08595306426286697
614 0.06058352813124657
615 0.05322696268558502
616 0.05711252987384796
617 0.05501728504896164
618 0.09906391054391861
619 0.06227388232946396
620 0.06040986627340317
621 0.061360351741313934
622 0.06819014251232147
623 0.05629444867372513
624 0.052612267434597015
625 0.057532694190740585
626 0.07565110176801682
627 0.053826525807380676
628 0.06978441029787064
629 0.05162803456187248
630 0.0687524750828743
631 0.07157695293426514
632 0.05510054528713226
633 0.05194757878780365
634 0.059162333607673645
635 0.06479331105947495
636 0.06679923832416534
637 0.051803067326545715
638 0.05654115974903107
639 0.05464664846658707
640 0.050232890993356705
641 0.10101776570081711
642 0.05028213933110237
643 0.06919273734092712
644 0.051267191767692566
645 0.06732580810785294
646 0.05993431806564331
647 0.064909927546978
648 0.05823805555701256
649 0.053236886858940125
650 0.0551142655313015
651 0.07725267857313156
652 0.056929368525743484
653 0.05265546962618828
654 0.06538750976324081
655 0.059135161340236664
656 0.04982037469744682
657 0.05270747095346451
658 0.07380322366952896
659 0.05185062438249588
660 0.07340376824140549
661 0.07780444622039795
662 0.07540817558765411
663 0.05854957178235054
664 0.06142793595790863
665 0.06307462602853775
666 0.05962454900145531
667 0.05642957240343094
668 0.058887604624032974
669 0.06560764461755753
670 0.051219623535871506
671 0.05233277007937431
672 0.05843526870012283
673 0.07883696258068085
674 0.05905788764357567
675 0.05608946457505226
676 0.04710365831851959
677 0.06000460684299469
678 0.06455381959676743
679 0.058133747428655624
680 0.06551704555749893
681 0.061984896659851074
682 0.04981062561273575
683 0.06622986495494843
684 0.05767202004790306
685 0.05771508067846298
686 0.06697991490364075
687 0.05002331733703613
688 0.06351140141487122
689 0.06236112490296364
690 0.0812806561589241
691 0.059088338166475296
692 0.0487721711397171
693 0.05830740928649902
694 0.04779854789376259
695 0.057447344064712524
696 0.06721927970647812
697 0.047537945210933685
698 0.0655195564031601
699 0.05049176141619682
700 0.0495220310986042
701 0.057187482714653015
702 0.0810890942811966
703 0.06193678453564644
704 0.0631754919886589
705 0.05232780799269676
706 0.06241898238658905
707 0.05853085592389107
708 0.05815364792943001
709 0.05360138416290283
710 0.04952596127986908
711 0.07221697270870209
712 0.06385241448879242
713 0.05590517446398735
714 0.051046621054410934
715 0.05515771731734276
716 0.05759813264012337
717 0.054766152054071426
718 0.06848489493131638
719 0.07989509403705597
720 0.04693758860230446
721 0.054230839014053345
722 0.06769102811813354
723 0.0680951401591301
724 0.05553269013762474
725 0.05919642373919487
726 0.06147623434662819
727 0.07491662353277206
728 0.05618700385093689
729 0.04627609625458717
730 0.0677042081952095
731 0.0730256512761116
732 0.0502731017768383
733 0.06691048294305801
734 0.05824535712599754
735 0.05036521703004837
736 0.05488312616944313
737 0.06000795587897301
738 0.07834482192993164
739 0.057218074798583984
740 0.04950955510139465
741 0.07367976009845734
742 0.04891270026564598
743 0.07047735899686813
744 0.06419791281223297
745 0.0575590580701828
746 0.05274878814816475
747 0.07228215038776398
748 0.07171208411455154
749 0.056156232953071594
750 0.056205954402685165
751 0.05074125900864601
752 0.05454270914196968
753 0.07063139975070953
754 0.05992802977561951
755 0.060500919818878174
756 0.06160147488117218
757 0.0638960525393486
758 0.04879015311598778
759 0.05996953323483467
760 0.06044687703251839
761 0.057470906525850296
762 0.05961243808269501
763 0.05874234810471535
764 0.055256202816963196
765 0.05717422440648079
766 0.06349427253007889
767 0.05193481221795082
768 0.05126642808318138
769 0.07329262793064117
770 0.05590354651212692
771 0.05640460178256035
772 0.05642854794859886
773 0.05429888889193535
774 0.06622632592916489
775 0.056082163006067276
776 0.06314434111118317
777 0.05629291012883186
778 0.05746624618768692
779 0.05869121849536896
780 0.04837280884385109
781 0.07324142754077911
782 0.05840277299284935
783 0.06298738718032837
784 0.07218898832798004
785 0.05153331160545349
786 0.05643022060394287
787 0.04848077893257141
788 0.0462682731449604
789 0.05217703804373741
790 0.05826989933848381
791 0.05859298259019852
792 0.05171949416399002
793 0.06415979564189911
794 0.05546383187174797
795 0.062454622238874435
796 0.04900379851460457
797 0.05292478948831558
798 0.0539347305893898
799 0.0706482082605362
800 0.05743226408958435
