1 1.0993852615356445
2 0.8545275926589966
3 0.7296939492225647
4 0.643317461013794
5 0.598784327507019
6 0.574479341506958
7 0.5377645492553711
8 0.5076368451118469
9 0.4804185628890991
10 0.46480560302734375
11 0.4476037621498108
12 0.4229682981967926
13 0.41008496284484863
14 0.42427852749824524
15 0.3816477060317993
16 0.3702506721019745
17 0.35426226258277893
18 0.3609165847301483
19 0.3458602726459503
20 0.31798142194747925
21 0.32347866892814636
22 0.3359179198741913
23 0.3144588768482208
24 0.3071933388710022
25 0.31755220890045166
26 0.2833433747291565
27 0.28818073868751526
28 0.29217529296875
29 0.28660139441490173
30 0.2990015745162964
31 0.3002149164676666
32 0.2831111550331116
33 0.30089980363845825
34 0.2717271149158478
35 0.266543447971344
36 0.27295178174972534
37 0.2850385308265686
38 0.2789624333381653
39 0.2642148733139038
40 0.2764478921890259
41 0.2675362825393677
42 0.25996658205986023
43 0.26483896374702454
44 0.24998947978019714
45 0.26174724102020264
46 0.2648511826992035
47 0.24741962552070618
48 0.2650260627269745
49 0.2487194538116455
50 0.2569851279258728
51 0.2604828178882599
52 0.27927735447883606
53 0.2551611065864563
54 0.25370875000953674
55 0.25853538513183594
56 0.2646998167037964
57 0.25230664014816284
58 0.2543722987174988
59 0.2561124861240387
60 0.2687714099884033
61 0.24333012104034424
62 0.2526761293411255
63 0.24023573100566864
64 0.25290367007255554
65 0.24339359998703003
66 0.25215402245521545
67 0.23770704865455627
68 0.26135897636413574
69 0.26595520973205566
70 0.23240919411182404
71 0.24419793486595154
72 0.23921148478984833
73 0.24395152926445007
74 0.2577078938484192
75 0.2344007045030594
76 0.225332573056221
77 0.2384461909532547
78 0.2627509832382202
79 0.2307320237159729
80 0.2506949305534363
81 0.23410570621490479
82 0.2686501145362854
83 0.25432324409484863
84 0.2621847987174988
85 0.25539010763168335
86 0.24652783572673798
87 0.23134981095790863
88 0.2178400605916977
89 0.23566704988479614
90 0.23140892386436462
91 0.26058414578437805
92 0.25002148747444153
93 0.25848686695098877
94 0.21843074262142181
95 0.25221073627471924
96 0.22827047109603882
97 0.23178808391094208
98 0.23593346774578094
99 0.28472936153411865
100 0.2196955531835556
101 0.259247362613678
102 0.22866667807102203
103 0.2410920113325119
104 0.23004582524299622
105 0.23309843242168427
106 0.23151090741157532
107 0.22517283260822296
108 0.2509613633155823
109 0.24030853807926178
110 0.22615425288677216
111 0.23474730551242828
112 0.2323848456144333
113 0.22302564978599548
114 0.24963021278381348
115 0.23855186998844147
116 0.23233984410762787
117 0.21543309092521667
118 0.25152355432510376
119 0.23526374995708466
120 0.23710767924785614
121 0.22352883219718933
122 0.2128606140613556
123 0.22908686101436615
124 0.23401710391044617
125 0.24377398192882538
126 0.24461263418197632
127 0.22954310476779938
128 0.2594911754131317
129 0.22606462240219116
130 0.22491423785686493
131 0.22664564847946167
132 0.2509251832962036
133 0.2646271288394928
134 0.24908098578453064
135 0.21902573108673096
136 0.22731131315231323
137 0.2251904159784317
138 0.2595132887363434
139 0.22496578097343445
140 0.21994659304618835
141 0.23637045919895172
142 0.22344832122325897
143 0.213556170463562
144 0.23929159343242645
145 0.22049546241760254
146 0.23002693057060242
147 0.2226988673210144
148 0.22230258584022522
149 0.23023353517055511
150 0.25444477796554565
151 0.2392689287662506
152 0.2198362797498703
153 0.21580757200717926
154 0.22606712579727173
155 0.2245284616947174
156 0.21519459784030914
157 0.22565187513828278
158 0.2323765903711319
159 0.2788027822971344
160 0.20651033520698547
161 0.277732789516449
162 0.21817584335803986
163 0.2194911539554596
164 0.249984011054039
165 0.22906669974327087
166 0.22687098383903503
167 0.22517992556095123
168 0.2209475189447403
169 0.2423335760831833
170 0.21375267207622528
171 0.2476959079504013
172 0.21377353370189667
173 0.23602145910263062
174 0.21892490983009338
175 0.23390483856201172
176 0.25680944323539734
177 0.22301411628723145
178 0.20832274854183197
179 0.2655269205570221
180 0.23775282502174377
181 0.2660282552242279
182 0.2180047333240509
183 0.21236896514892578
184 0.2356036752462387
185 0.21272671222686768
186 0.22029566764831543
187 0.22522607445716858
188 0.2131454050540924
189 0.22281114757061005
190 0.2299514263868332
191 0.19707265496253967
192 0.2606917917728424
193 0.21478481590747833
194 0.22025029361248016
195 0.21037621796131134
196 0.21917909383773804
197 0.23107366263866425
198 0.21927721798419952
199 0.23119951784610748
200 0.20946909487247467
201 0.22352203726768494
202 0.2565132677555084
203 0.2137807458639145
204 0.20625877380371094
205 0.21256843209266663
206 0.25352004170417786
207 0.23164238035678864
208 0.23643893003463745
209 0.21526473760604858
210 0.24599365890026093
211 0.22082999348640442
212 0.22099889814853668
213 0.23441287875175476
214 0.21094538271427155
215 0.24042445421218872
216 0.21033801138401031
217 0.23627758026123047
218 0.22439387440681458
219 0.2417096644639969
220 0.22931557893753052
221 0.21664248406887054
222 0.20239777863025665
223 0.23795443773269653
224 0.2055964171886444
225 0.20712921023368835
226 0.23477695882320404
227 0.2051113396883011
228 0.24383024871349335
229 0.21640104055404663
230 0.2152613252401352
231 0.2474474161863327
232 0.22275327146053314
233 0.21276353299617767
234 0.21285268664360046
235 0.24376791715621948
236 0.2390187531709671
237 0.21552033722400665
238 0.221268892288208
239 0.27290019392967224
240 0.2020811140537262
241 0.1920260339975357
242 0.20756323635578156
243 0.22209450602531433
244 0.20569679141044617
245 0.2117391973733902
246 0.25397178530693054
247 0.1972108632326126
248 0.2235492318868637
249 0.20731937885284424
250 0.2453654557466507
251 0.20694449543952942
252 0.22401905059814453
253 0.2083045244216919
254 0.203920379281044
255 0.2181907445192337
256 0.21728773415088654
257 0.19959130883216858
258 0.20110361278057098
259 0.2145509272813797
260 0.2344040721654892
261 0.24687737226486206
262 0.2021486908197403
263 0.21092261373996735
264 0.2092125564813614
265 0.21295277774333954
266 0.21238288283348083
267 0.19576124846935272
268 0.2227572798728943
269 0.2107764631509781
270 0.20319882035255432
271 0.20165102183818817
272 0.21222572028636932
273 0.23089341819286346
274 0.20840923488140106
275 0.20232442021369934
276 0.21152907609939575
277 0.2423800677061081
278 0.20148880779743195
279 0.2433224767446518
280 0.20486894249916077
281 0.20999856293201447
282 0.2559852600097656
283 0.1999865174293518
284 0.19726908206939697
285 0.21116992831230164
286 0.19339995086193085
287 0.2370648831129074
288 0.23462428152561188
289 0.2279314398765564
290 0.18540260195732117
291 0.24784232676029205
292 0.1901562660932541
293 0.18852098286151886
294 0.19797369837760925
295 0.19146843254566193
296 0.2036028802394867
297 0.1985083371400833
298 0.19887910783290863
299 0.21649716794490814
300 0.2072852998971939
301 0.19861115515232086
302 0.18528836965560913
303 0.2188572883605957
304 0.21177369356155396
305 0.21215292811393738
306 0.20017001032829285
307 0.19290867447853088
308 0.21368840336799622
309 0.25781118869781494
310 0.2039647400379181
311 0.19594618678092957
312 0.21178363263607025
313 0.21196135878562927
314 0.20531857013702393
315 0.20874743163585663
316 0.20019549131393433
317 0.20324650406837463
318 0.1765177696943283
319 0.1900307685136795
320 0.1783791035413742
321 0.22059829533100128
322 0.2077970802783966
323 0.1749669909477234
324 0.23243367671966553
325 0.16897566616535187
326 0.21661169826984406
327 0.17419667541980743
328 0.21540725231170654
329 0.18329066038131714
330 0.182545468211174
331 0.20049497485160828
332 0.21889257431030273
333 0.19124630093574524
334 0.19669780135154724
335 0.17925378680229187
336 0.21323834359645844
337 0.1878867894411087
338 0.19062703847885132
339 0.21128517389297485
340 0.17045505344867706
341 0.1921698898077011
342 0.2465469390153885
343 0.19317840039730072
344 0.20416557788848877
345 0.16579298675060272
346 0.19905461370944977
347 0.17806927859783173
348 0.18338215351104736
349 0.19812747836112976
350 0.21374255418777466
351 0.2023358792066574
352 0.21562200784683228
353 0.20498161017894745
354 0.19299808144569397
355 0.17630431056022644
356 0.1957813799381256
357 0.16692189872264862
358 0.18632566928863525
359 0.22082634270191193
360 0.19105610251426697
361 0.16705121099948883
362 0.18033179640769958
363 0.18576224148273468
364 0.16878612339496613
365 0.15552157163619995
366 0.18209244310855865
367 0.19067606329917908
368 0.1861613541841507
369 0.19359461963176727
370 0.1933121234178543
371 0.18242694437503815
372 0.21430592238903046
373 0.1806764453649521
374 0.20788602530956268
375 0.24927125871181488
376 0.18951404094696045
377 0.18779228627681732
378 0.21969877183437347
379 0.19047841429710388
380 0.16376326978206635
381 0.17637798190116882
382 0.1785324215888977
383 0.16924124956130981
384 0.1948782056570053
385 0.19432485103607178
386 0.2397751808166504
387 0.17164579033851624
388 0.19522976875305176
389 0.1682390421628952
390 0.17855937778949738
391 0.21569448709487915
392 0.21742312610149384
393 0.1580173820257187
394 0.16740131378173828
395 0.19995462894439697
396 0.2163514941930771
397 0.19564157724380493
398 0.18572084605693817
399 0.17039728164672852
400 0.21557457745075226
