1 1.278664469718933
2 1.2415556907653809
3 1.2126952409744263
4 1.2329808473587036
5 1.2389624118804932
6 1.2254464626312256
7 1.2291440963745117
8 1.2383646965026855
9 1.2252860069274902
10 1.2197394371032715
11 1.2330161333084106
12 1.2280919551849365
13 1.2280659675598145
14 1.2470171451568604
15 1.228023886680603
16 1.2263848781585693
17 1.256282091140747
18 1.2465863227844238
19 1.2712785005569458
20 1.236649751663208
21 1.2171739339828491
22 1.2234537601470947
23 1.2511072158813477
24 1.2463098764419556
25 1.2363181114196777
26 1.2299647331237793
27 1.233658790588379
28 1.236527442932129
29 1.2199523448944092
30 1.2464182376861572
31 1.2341926097869873
32 1.2355856895446777
33 1.2312783002853394
34 1.2187002897262573
35 1.248750925064087
36 1.2286813259124756
37 1.2299226522445679
38 1.2366925477981567
39 1.230607509613037
40 1.2584761381149292
41 1.2598577737808228
42 1.2198615074157715
43 1.2359591722488403
44 1.2370730638504028
45 1.2377235889434814
46 1.225975513458252
47 1.2287542819976807
48 1.2348979711532593
49 1.219929814338684
50 1.226473093032837
51 1.235262393951416
52 1.2443643808364868
53 1.232969880104065
54 1.2348501682281494
55 1.2434409856796265
56 1.2344759702682495
57 1.2335236072540283
58 1.2299578189849854
59 1.250641942024231
60 1.2210625410079956
61 1.2224916219711304
62 1.2171411514282227
63 1.237898588180542
64 1.2354402542114258
65 1.2439296245574951
66 1.2190507650375366
67 1.2341192960739136
68 1.2459360361099243
69 1.2351799011230469
70 1.2259856462478638
71 1.2412358522415161
72 1.2656686305999756
73 1.2294385433197021
74 1.2253247499465942
75 1.2491804361343384
76 1.2306065559387207
77 1.2407078742980957
78 1.2485032081604004
79 1.228554368019104
80 1.2528156042099
81 1.2219200134277344
82 1.2390588521957397
83 1.2190598249435425
84 1.2530916929244995
85 1.234609603881836
86 1.2324466705322266
87 1.238277792930603
88 1.2455781698226929
89 1.2267208099365234
90 1.2305984497070312
91 1.2428926229476929
92 1.2200711965560913
93 1.2274421453475952
94 1.249550700187683
95 1.2140958309173584
96 1.234291911125183
97 1.2276420593261719
98 1.2375564575195312
99 1.2261534929275513
100 1.2281603813171387
101 1.2397921085357666
102 1.2304531335830688
103 1.231567144393921
104 1.2256062030792236
105 1.2263319492340088
106 1.2424582242965698
107 1.2286527156829834
108 1.2453638315200806
109 1.2554030418395996
110 1.2365223169326782
111 1.2187496423721313
112 1.2251287698745728
113 1.232972264289856
114 1.2565746307373047
115 1.229512333869934
116 1.2371044158935547
117 1.2335305213928223
118 1.2354271411895752
119 1.244326114654541
120 1.2460403442382812
121 1.2408478260040283
122 1.238762617111206
123 1.2287145853042603
124 1.2413179874420166
125 1.239145278930664
126 1.2395302057266235
127 1.2435731887817383
128 1.245591640472412
129 1.2286808490753174
130 1.2648911476135254
131 1.237619161605835
132 1.2353708744049072
133 1.2295730113983154
134 1.227736234664917
135 1.2353870868682861
136 1.2552937269210815
137 1.2317798137664795
138 1.2278281450271606
139 1.225316047668457
140 1.2239047288894653
141 1.2615293264389038
142 1.2576137781143188
143 1.224979281425476
144 1.253755807876587
145 1.216553807258606
146 1.2280421257019043
147 1.222325325012207
148 1.2223272323608398
149 1.265913486480713
150 1.2371313571929932
151 1.2375353574752808
152 1.2508606910705566
153 1.258062720298767
154 1.2736105918884277
155 1.2589293718338013
156 1.2247406244277954
157 1.2222247123718262
158 1.244178295135498
159 1.2487397193908691
160 1.223595142364502
161 1.2259811162948608
162 1.2446054220199585
163 1.2511557340621948
164 1.22438383102417
165 1.2689443826675415
166 1.237461805343628
167 1.2185747623443604
168 1.2316412925720215
169 1.246730923652649
170 1.2322642803192139
171 1.241409420967102
172 1.2212620973587036
173 1.2229036092758179
174 1.2252322435379028
175 1.2321323156356812
176 1.218529224395752
177 1.269242763519287
178 1.228164553642273
179 1.2374813556671143
180 1.2431975603103638
181 1.2507725954055786
182 1.2413463592529297
183 1.241676926612854
184 1.2282276153564453
185 1.2294363975524902
186 1.2594023942947388
187 1.22637140750885
188 1.226923942565918
189 1.2605534791946411
190 1.2374860048294067
191 1.2377684116363525
192 1.2373008728027344
193 1.2277344465255737
194 1.2257543802261353
195 1.2335295677185059
196 1.2202504873275757
197 1.2179216146469116
198 1.2438617944717407
199 1.2244689464569092
200 1.2163578271865845
201 1.2155835628509521
202 1.2398120164871216
203 1.2247124910354614
204 1.2268142700195312
205 1.240332841873169
206 1.2355753183364868
207 1.229080080986023
208 1.2401158809661865
209 1.2226128578186035
210 1.2471046447753906
211 1.251230239868164
212 1.2276922464370728
213 1.2302497625350952
214 1.23989999294281
215 1.2326343059539795
216 1.2522563934326172
217 1.237229585647583
218 1.2206608057022095
219 1.2313991785049438
220 1.2493960857391357
221 1.228958249092102
222 1.2231184244155884
223 1.2214242219924927
224 1.2262117862701416
225 1.2321988344192505
226 1.2287803888320923
227 1.2522847652435303
228 1.2430588006973267
229 1.2427438497543335
230 1.258228063583374
231 1.228033185005188
232 1.223149061203003
233 1.2707425355911255
234 1.2232791185379028
235 1.2238492965698242
236 1.2255175113677979
237 1.2308918237686157
238 1.2196096181869507
239 1.245017409324646
240 1.2414847612380981
241 1.2346559762954712
242 1.2692097425460815
243 1.2512843608856201
244 1.225485920906067
245 1.270952820777893
246 1.2456482648849487
247 1.2172077894210815
248 1.2368143796920776
249 1.2398793697357178
250 1.217593789100647
251 1.2667272090911865
252 1.2374602556228638
253 1.218096375465393
254 1.2254829406738281
255 1.2260757684707642
256 1.226120948791504
257 1.2484709024429321
258 1.24044668674469
259 1.2341305017471313
260 1.2419984340667725
261 1.2347944974899292
262 1.248723030090332
263 1.2216451168060303
264 1.2182445526123047
265 1.2254798412322998
266 1.2397351264953613
267 1.2247743606567383
268 1.2406927347183228
269 1.2318388223648071
270 1.2777732610702515
271 1.2284421920776367
272 1.2545504570007324
273 1.2263301610946655
274 1.2333014011383057
275 1.2476792335510254
276 1.231187105178833
277 1.2471272945404053
278 1.2444976568222046
279 1.2253098487854004
280 1.2292393445968628
281 1.2366461753845215
282 1.2326111793518066
283 1.2357189655303955
284 1.2499834299087524
285 1.217163324356079
286 1.228795051574707
287 1.2321144342422485
288 1.2216936349868774
289 1.2285138368606567
290 1.2162290811538696
291 1.2591408491134644
292 1.2285101413726807
293 1.2383676767349243
294 1.243756890296936
295 1.2409472465515137
296 1.2306067943572998
297 1.2314339876174927
298 1.216162919998169
299 1.2395504713058472
300 1.2462962865829468
301 1.2223601341247559
302 1.2266260385513306
303 1.220556378364563
304 1.224554419517517
305 1.2394332885742188
306 1.25260591506958
307 1.2452419996261597
308 1.234609603881836
309 1.2371042966842651
310 1.2275961637496948
311 1.2387449741363525
312 1.231385350227356
313 1.2350677251815796
314 1.2317878007888794
315 1.2275218963623047
316 1.2280316352844238
317 1.242043375968933
318 1.2208603620529175
319 1.2551897764205933
320 1.2228567600250244
321 1.2222460508346558
322 1.2428419589996338
323 1.2321027517318726
324 1.2188770771026611
325 1.2353484630584717
326 1.2318243980407715
327 1.2356244325637817
328 1.2271673679351807
329 1.2253172397613525
330 1.2335095405578613
331 1.2426369190216064
332 1.2389205694198608
333 1.226999044418335
334 1.2316447496414185
335 1.2460153102874756
336 1.2382423877716064
337 1.2417359352111816
338 1.2563979625701904
339 1.2410476207733154
340 1.2323174476623535
341 1.238491415977478
342 1.232711911201477
343 1.2360165119171143
344 1.2337687015533447
345 1.2506736516952515
346 1.2462308406829834
347 1.2320847511291504
348 1.2132513523101807
349 1.2329987287521362
350 1.228980302810669
351 1.238484263420105
352 1.2381014823913574
353 1.2341617345809937
354 1.2281402349472046
355 1.214800238609314
356 1.2254014015197754
357 1.2177177667617798
358 1.2227643728256226
359 1.23661470413208
360 1.224375605583191
361 1.2134212255477905
362 1.2351126670837402
363 1.2295669317245483
364 1.2289338111877441
365 1.234407663345337
366 1.2471801042556763
367 1.2491546869277954
368 1.2398489713668823
369 1.2164242267608643
370 1.2458151578903198
371 1.2343066930770874
372 1.2409404516220093
373 1.2369470596313477
374 1.2396345138549805
375 1.2228591442108154
376 1.2317628860473633
377 1.2357417345046997
378 1.2285010814666748
379 1.2237297296524048
380 1.2486687898635864
381 1.2326480150222778
382 1.2421220541000366
383 1.2348546981811523
384 1.2399563789367676
385 1.2892297506332397
386 1.2371643781661987
387 1.2316697835922241
388 1.226012110710144
389 1.2305119037628174
390 1.2447082996368408
391 1.2532804012298584
392 1.221472978591919
393 1.2248497009277344
394 1.24114990234375
395 1.240181565284729
396 1.2441556453704834
397 1.2392116785049438
398 1.2540383338928223
399 1.2299737930297852
400 1.2241158485412598
