1 1.4474186897277832
2 1.4676694869995117
3 1.2741448879241943
4 1.3514430522918701
5 1.4020828008651733
6 1.3260130882263184
7 1.3157685995101929
8 1.3394533395767212
9 1.396822214126587
10 1.3268120288848877
11 1.3718395233154297
12 1.3431757688522339
13 1.3692622184753418
14 1.3159626722335815
15 1.32428777217865
16 1.35038423538208
17 1.3168551921844482
18 1.3078060150146484
19 1.3231345415115356
20 1.3373239040374756
21 1.3649417161941528
22 1.3291079998016357
23 1.3165675401687622
24 1.3301584720611572
25 1.338685393333435
26 1.304787278175354
27 1.344843864440918
28 1.355041265487671
29 1.3205924034118652
30 1.4167543649673462
31 1.29315185546875
32 1.3695197105407715
33 1.2953646183013916
34 1.3511583805084229
35 1.355163812637329
36 1.3772579431533813
37 1.345109462738037
38 1.3676930665969849
39 1.3077434301376343
40 1.3440388441085815
41 1.3662608861923218
42 1.3501704931259155
43 1.4272485971450806
44 1.289867639541626
45 1.3313605785369873
46 1.3059604167938232
47 1.3434879779815674
48 1.3802258968353271
49 1.3727517127990723
50 1.3025473356246948
51 1.375375509262085
52 1.3055288791656494
53 1.3528863191604614
54 1.3736072778701782
55 1.3239768743515015
56 1.2886933088302612
57 1.318247675895691
58 1.360385775566101
59 1.363039255142212
60 1.322601556777954
61 1.3028357028961182
62 1.3087074756622314
63 1.3396302461624146
64 1.3213531970977783
65 1.3265621662139893
66 1.3572814464569092
67 1.3066675662994385
68 1.3337258100509644
69 1.3432931900024414
70 1.3226349353790283
71 1.3733339309692383
72 1.2954800128936768
73 1.3220034837722778
74 1.3528386354446411
75 1.3414266109466553
76 1.4019745588302612
77 1.3410567045211792
78 1.398380160331726
79 1.2857259511947632
80 1.367276906967163
81 1.3136245012283325
82 1.3622390031814575
83 1.3303518295288086
84 1.3553956747055054
85 1.3157029151916504
86 1.3466180562973022
87 1.3739038705825806
88 1.3631638288497925
89 1.338104009628296
90 1.3375452756881714
91 1.322962760925293
92 1.3563697338104248
93 1.3835686445236206
94 1.2898470163345337
95 1.3847354650497437
96 1.3574192523956299
97 1.3422645330429077
98 1.3497860431671143
99 1.2888453006744385
100 1.3344465494155884
101 1.2898180484771729
102 1.3396270275115967
103 1.3202106952667236
104 1.3884762525558472
105 1.3709526062011719
106 1.3381959199905396
107 1.3390069007873535
108 1.344694972038269
109 1.3002815246582031
110 1.322200894355774
111 1.3860920667648315
112 1.3669970035552979
113 1.2967901229858398
114 1.3184664249420166
115 1.3257139921188354
116 1.3663421869277954
117 1.3463082313537598
118 1.297659158706665
119 1.3567618131637573
120 1.2988591194152832
121 1.4096629619598389
122 1.3417671918869019
123 1.3864729404449463
124 1.342443823814392
125 1.319779872894287
126 1.3257770538330078
127 1.3291497230529785
128 1.2937372922897339
129 1.3221906423568726
130 1.3388152122497559
131 5.686374664306641
132 1.310148000717163
133 1.2930972576141357
134 1.2871071100234985
135 1.2780460119247437
136 1.3613929748535156
137 1.3143062591552734
138 1.3008736371994019
139 1.3654896020889282
140 1.3310030698776245
141 1.3121968507766724
142 1.2998628616333008
143 1.3620998859405518
144 1.321150541305542
145 1.3232898712158203
146 1.3358715772628784
147 1.3125102519989014
148 1.3056347370147705
149 1.35506010055542
150 1.3703758716583252
151 1.354373812675476
152 1.332606554031372
153 1.400085687637329
154 1.3063287734985352
155 1.3172436952590942
156 1.3202221393585205
157 1.2803221940994263
158 1.3464691638946533
159 1.4647297859191895
160 1.3819741010665894
161 1.3529874086380005
162 1.3293060064315796
163 1.3074684143066406
164 1.3491895198822021
165 1.3546603918075562
166 1.3137054443359375
167 1.3264435529708862
168 1.347905158996582
169 1.2931078672409058
170 1.3334931135177612
171 1.3453514575958252
172 1.3302007913589478
173 1.348470687866211
174 1.3448995351791382
175 1.3516803979873657
176 1.3084303140640259
177 1.3727771043777466
178 1.3984601497650146
179 1.3247790336608887
180 1.3333525657653809
181 1.3319395780563354
182 1.331937313079834
183 1.3350398540496826
184 1.3748600482940674
185 1.3336759805679321
186 1.308438777923584
187 4.895195484161377
188 4.319559574127197
189 3.1229264736175537
190 2.5102169513702393
191 2.1893746852874756
192 2.3140363693237305
193 1.8899773359298706
194 2.0438413619995117
195 1.851940631866455
196 1.76883864402771
197 1.9080630540847778
198 1.773385763168335
199 1.889129638671875
200 1.8491170406341553
