1 1.2664393186569214
2 1.167881965637207
3 1.1434799432754517
4 1.119248867034912
5 1.0862290859222412
6 1.0493814945220947
7 1.0103378295898438
8 0.970500111579895
9 0.9338672757148743
10 0.8995670676231384
11 0.868403434753418
12 0.8383036255836487
13 0.811244785785675
14 0.7872524857521057
15 0.7629082798957825
16 0.7408885359764099
17 0.7212344408035278
18 0.7017554044723511
19 0.6836771965026855
20 0.6664092540740967
21 0.6515588760375977
22 0.6347237825393677
23 0.6208925843238831
24 0.6084952354431152
25 0.5949822664260864
26 0.5827590227127075
27 0.5716525316238403
28 0.5606178641319275
29 0.5507945418357849
30 0.5401009321212769
31 0.5301313400268555
32 0.5216012001037598
33 0.5112594962120056
34 0.5039685368537903
35 0.49393150210380554
36 0.48569005727767944
37 0.47675821185112
38 0.46746084094047546
39 0.45962095260620117
40 0.4518771767616272
41 0.44387340545654297
42 0.43715614080429077
43 0.4294253885746002
44 0.4219062328338623
45 0.41586628556251526
46 0.40831097960472107
47 0.4012710154056549
48 0.39548683166503906
49 0.3903234004974365
50 0.3830987215042114
51 0.3778391480445862
52 0.37365826964378357
53 0.3676668107509613
54 0.362121045589447
55 0.3574175536632538
56 0.35430651903152466
57 0.3487866222858429
58 0.3445541262626648
59 0.3424045741558075
60 0.33764854073524475
61 0.3340398669242859
62 0.33083704113960266
63 0.32836952805519104
64 0.32378536462783813
65 0.3213821053504944
66 0.3188425898551941
67 0.31603309512138367
68 0.3140186667442322
69 0.31115037202835083
70 0.30837228894233704
71 0.3069498538970947
72 0.303692489862442
73 0.30249714851379395
74 0.30076730251312256
75 0.2977712154388428
76 0.29529809951782227
77 0.29406315088272095
78 0.29223060607910156
79 0.28938084840774536
80 0.287718266248703
81 0.2860598862171173
82 0.2847903370857239
83 0.28365615010261536
84 0.2806243896484375
85 0.2814759314060211
86 0.28018718957901
87 0.2769322693347931
88 0.2753779888153076
89 0.27473291754722595
90 0.2741937041282654
91 0.27152636647224426
92 0.2713455855846405
93 0.26923179626464844
94 0.26877427101135254
95 0.26776406168937683
96 0.26595568656921387
97 0.2652794122695923
98 0.26458701491355896
99 0.2638363838195801
100 0.2611050605773926
101 0.25998008251190186
102 0.2609536945819855
103 0.25938090682029724
104 0.25655433535575867
105 0.25664132833480835
106 0.25719019770622253
107 0.254412978887558
108 0.25328704714775085
109 0.2523347735404968
110 0.2524237036705017
111 0.2507377862930298
112 0.2505524158477783
113 0.24948276579380035
114 0.24888496100902557
115 0.24679550528526306
116 0.2467014044523239
117 0.24615366756916046
118 0.24552178382873535
119 0.24442853033542633
120 0.24497902393341064
121 0.24441438913345337
122 0.24340929090976715
123 0.24141764640808105
124 0.24170100688934326
125 0.24106353521347046
126 0.24080269038677216
127 0.23901617527008057
128 0.2380855232477188
129 0.2375633716583252
130 0.23716120421886444
131 0.23572635650634766
132 0.23644380271434784
133 0.2369459569454193
134 0.23559999465942383
135 0.23384462296962738
136 0.234014093875885
137 0.23321367800235748
138 0.2324291169643402
139 0.23190540075302124
140 0.22979198396205902
141 0.23070518672466278
142 0.23080970346927643
143 0.2309379279613495
144 0.2279028445482254
145 0.2290395051240921
146 0.22678524255752563
147 0.22728309035301208
148 0.22754423320293427
149 0.2265593558549881
150 0.22577573359012604
151 0.22743606567382812
152 0.22501984238624573
153 0.22413018345832825
154 0.2235642969608307
155 0.22298459708690643
156 0.22474615275859833
157 0.22292065620422363
158 0.22190386056900024
159 0.22274601459503174
160 0.22082023322582245
161 0.22234885394573212
162 0.2202637791633606
163 0.21985496580600739
164 0.2205439656972885
165 0.21919210255146027
166 0.21916115283966064
167 0.21766145527362823
168 0.21732313930988312
169 0.21819183230400085
170 0.2163447141647339
171 0.21695204079151154
172 0.2158348113298416
173 0.21548593044281006
174 0.21526089310646057
175 0.2160499095916748
176 0.2165326476097107
177 0.21422384679317474
178 0.21361835300922394
179 0.21358712017536163
180 0.21394146978855133
181 0.21251900494098663
182 0.21232479810714722
183 0.2132403403520584
184 0.21178533136844635
185 0.2126750349998474
186 0.21093259751796722
187 0.21204699575901031
188 0.2117004245519638
189 0.21097104251384735
190 0.2115294486284256
191 0.21134299039840698
192 0.20886312425136566
193 0.2100914567708969
194 0.20779147744178772
195 0.20888195931911469
196 0.20871980488300323
197 0.2068072110414505
198 0.2066713124513626
199 0.2072659432888031
200 0.20688866078853607
201 0.20805904269218445
202 0.20630453526973724
203 0.2073565125465393
204 0.20562399923801422
205 0.20556241273880005
206 0.20542113482952118
207 0.20428778231143951
208 0.2041681855916977
209 0.20430324971675873
210 0.2036433219909668
211 0.20394116640090942
212 0.20285089313983917
213 0.203667551279068
214 0.20207738876342773
215 0.2033565193414688
216 0.2017979919910431
217 0.20278120040893555
218 0.20091788470745087
219 0.20087945461273193
220 0.2012515515089035
221 0.20122063159942627
222 0.20048482716083527
223 0.2011263370513916
224 0.1985408216714859
225 0.20320340991020203
226 0.19896899163722992
227 0.19783055782318115
228 0.20012889802455902
229 0.1999966949224472
230 0.19825014472007751
231 0.19694258272647858
232 0.19776985049247742
233 0.1969795972108841
234 0.19796593487262726
235 0.19659170508384705
236 0.1962607204914093
237 0.19691087305545807
238 0.1959429234266281
239 0.19642986357212067
240 0.19466722011566162
241 0.19529715180397034
242 0.19612489640712738
243 0.194566011428833
244 0.19473668932914734
245 0.19590722024440765
246 0.19474714994430542
247 0.19400987029075623
248 0.19459867477416992
249 0.19357645511627197
250 0.19424809515476227
251 0.19283084571361542
252 0.19268566370010376
253 0.19291682541370392
254 0.19299767911434174
255 0.19305460155010223
256 0.19213815033435822
257 0.19284027814865112
258 0.19159965217113495
259 0.19084173440933228
260 0.19147220253944397
261 0.18971779942512512
262 0.1910352110862732
263 0.1907314509153366
264 0.19145222008228302
265 0.19040663540363312
266 0.18892072141170502
267 0.18972009420394897
268 0.18894441425800323
269 0.1897529661655426
270 0.18821696937084198
271 0.19004316627979279
272 0.18835686147212982
273 0.18893596529960632
274 0.18801823258399963
275 0.18828333914279938
276 0.18757812678813934
277 0.18775436282157898
278 0.1867409199476242
279 0.18852998316287994
280 0.18777567148208618
281 0.18752409517765045
282 0.1847657412290573
283 0.18817856907844543
284 0.18688668310642242
285 0.1885998398065567
286 0.18630239367485046
287 0.1848667412996292
288 0.1852162927389145
289 0.18638989329338074
290 0.18620751798152924
291 0.1846041977405548
292 0.18635453283786774
293 0.18461070954799652
294 0.18421247601509094
295 0.18520067632198334
296 0.18450124561786652
297 0.184612438082695
298 0.18275953829288483
299 0.1829824298620224
300 0.18320782482624054
301 0.18355005979537964
302 0.18231771886348724
303 0.18255220353603363
304 0.1827409565448761
305 0.18296599388122559
306 0.18134717643260956
307 0.18325209617614746
308 0.18194681406021118
309 0.1820441633462906
310 0.18204407393932343
311 0.1823127418756485
312 0.17992989718914032
313 0.18146176636219025
314 0.18219414353370667
315 0.18114738166332245
316 0.18006445467472076
317 0.1800483614206314
318 0.18055325746536255
319 0.17996273934841156
320 0.17944246530532837
321 0.17964260280132294
322 0.18092936277389526
323 0.17916248738765717
324 0.18000957369804382
325 0.17960631847381592
326 0.17885027825832367
327 0.17816251516342163
328 0.17837262153625488
329 0.17996007204055786
330 0.17865689098834991
331 0.17800273001194
332 0.1773311346769333
333 0.17705748975276947
334 0.1788203865289688
335 0.17763346433639526
336 0.17724253237247467
337 0.1769075095653534
338 0.17645564675331116
339 0.177889883518219
340 0.17738300561904907
341 0.17609386146068573
342 0.17659029364585876
343 0.1783665120601654
344 0.17596445977687836
345 0.17583130300045013
346 0.17533552646636963
347 0.17634251713752747
348 0.17573320865631104
349 0.17644399404525757
350 0.17504651844501495
351 0.17451617121696472
352 0.17404556274414062
353 0.17446084320545197
354 0.17408102750778198
355 0.17296230792999268
356 0.17429211735725403
357 0.17312853038311005
358 0.1748957633972168
359 0.17135924100875854
360 0.1747114211320877
361 0.17301318049430847
362 0.1730063408613205
363 0.17378713190555573
364 0.1734195500612259
365 0.1736721396446228
366 0.1734827607870102
367 0.17406471073627472
368 0.17207758128643036
369 0.1731691211462021
370 0.17208820581436157
371 0.1719655990600586
372 0.17077527940273285
373 0.17106516659259796
374 0.17135818302631378
375 0.17109160125255585
376 0.17214372754096985
377 0.17195641994476318
378 0.17138591408729553
379 0.17245614528656006
380 0.1716012954711914
381 0.17106831073760986
382 0.17067787051200867
383 0.16983231902122498
384 0.1698618233203888
385 0.17037983238697052
386 0.16991344094276428
387 0.16859686374664307
388 0.1693347990512848
389 0.1690349280834198
390 0.16854803264141083
391 0.1681899130344391
392 0.1692415475845337
393 0.16893230378627777
394 0.16909365355968475
395 0.17079991102218628
396 0.1699097603559494
397 0.16906125843524933
398 0.16959628462791443
399 0.1681668609380722
400 0.16828413307666779
401 0.16864384710788727
402 0.16857342422008514
403 0.16749827563762665
404 0.1673247367143631
405 0.16742753982543945
406 0.16849392652511597
407 0.16663096845149994
408 0.16707362234592438
409 0.16651444137096405
410 0.16755014657974243
411 0.16607345640659332
412 0.16675648093223572
413 0.16518820822238922
414 0.1650146245956421
415 0.16698864102363586
416 0.16697579622268677
417 0.164732426404953
418 0.16608352959156036
419 0.1666378378868103
420 0.16456790268421173
421 0.16487395763397217
422 0.1646878570318222
423 0.16521945595741272
424 0.16458770632743835
425 0.16758979856967926
426 0.16438159346580505
427 0.16790714859962463
428 0.16628322005271912
429 0.16644959151744843
430 0.16381515562534332
431 0.1641988754272461
432 0.1633521467447281
433 0.16303589940071106
434 0.1649552583694458
435 0.16275371611118317
436 0.16370731592178345
437 0.16315783560276031
438 0.16302254796028137
439 0.16164062917232513
440 0.16429424285888672
441 0.16459427773952484
442 0.16330572962760925
443 0.16165617108345032
444 0.16234733164310455
445 0.16269861161708832
446 0.16299815475940704
447 0.161202073097229
448 0.16250081360340118
449 0.16172359883785248
450 0.16278181970119476
451 0.16288156807422638
452 0.16075493395328522
453 0.16085684299468994
454 0.16103622317314148
455 0.1618376225233078
456 0.1615239530801773
457 0.16100165247917175
458 0.16123837232589722
459 0.16029228270053864
460 0.16088169813156128
461 0.16161294281482697
462 0.16020964086055756
463 0.16109643876552582
464 0.16152185201644897
465 0.16041843593120575
466 0.16028915345668793
467 0.15937957167625427
468 0.1594078540802002
469 0.15982674062252045
470 0.1602838784456253
471 0.15876732766628265
472 0.1582283079624176
473 0.1592887043952942
474 0.1589442491531372
475 0.16097325086593628
476 0.15822555124759674
477 0.16018730401992798
478 0.15842971205711365
479 0.158834308385849
480 0.16023555397987366
481 0.1596498042345047
482 0.1584225445985794
483 0.15857528150081635
484 0.15867727994918823
485 0.1577480137348175
486 0.15710864961147308
487 0.15760456025600433
488 0.15898416936397552
489 0.15734528005123138
490 0.15661850571632385
491 0.15658482909202576
492 0.15669706463813782
493 0.15707936882972717
494 0.15629014372825623
495 0.15660856664180756
496 0.15707243978977203
497 0.15689289569854736
498 0.15667103230953217
499 0.1582002490758896
500 0.15690737962722778
501 0.1559000462293625
502 0.15478096902370453
503 0.15666301548480988
504 0.1558724194765091
505 0.15603576600551605
506 0.1585141271352768
507 0.15734456479549408
508 0.15513654053211212
509 0.15406759083271027
510 0.15679247677326202
511 0.1555505394935608
512 0.1538001298904419
513 0.15421052277088165
514 0.1540485918521881
515 0.15574035048484802
516 0.1529831439256668
517 0.15777751803398132
518 0.15381374955177307
519 0.15535861253738403
520 0.15251579880714417
521 0.15395645797252655
522 0.1532411426305771
523 0.1529891937971115
524 0.15399335324764252
525 0.15300866961479187
526 0.1528758704662323
527 0.15247134864330292
528 0.15544722974300385
529 0.15369459986686707
530 0.152704656124115
531 0.15440905094146729
532 0.1525636911392212
533 0.15325680375099182
534 0.15277911722660065
535 0.15219268202781677
536 0.15278126299381256
537 0.15216682851314545
538 0.15104785561561584
539 0.15253907442092896
540 0.15250317752361298
541 0.15322434902191162
542 0.14975614845752716
543 0.15447640419006348
544 0.15238037705421448
545 0.15278314054012299
546 0.1521827131509781
547 0.1521439403295517
548 0.15076541900634766
549 0.15185107290744781
550 0.15052202343940735
551 0.15130797028541565
552 0.15043137967586517
553 0.1512899398803711
554 0.15046380460262299
555 0.15099988877773285
556 0.14988426864147186
557 0.15073391795158386
558 0.15134866535663605
559 0.1492379903793335
560 0.14911791682243347
561 0.152769073843956
562 0.1494833379983902
563 0.14915427565574646
564 0.15017859637737274
565 0.1493716984987259
566 0.14869612455368042
567 0.14925147593021393
568 0.15004238486289978
569 0.15058735013008118
570 0.14909067749977112
571 0.14922995865345
572 0.14952190220355988
573 0.1486799418926239
574 0.14677947759628296
575 0.14827023446559906
576 0.14883819222450256
577 0.1483737677335739
578 0.14720675349235535
579 0.14831219613552094
580 0.15011075139045715
581 0.14932577311992645
582 0.14861594140529633
583 0.14565670490264893
584 0.148690328001976
585 0.14839830994606018
586 0.14782865345478058
587 0.1491106152534485
588 0.14776256680488586
589 0.14667734503746033
590 0.14748536050319672
591 0.14670886099338531
592 0.1472698301076889
593 0.14639806747436523
594 0.14642904698848724
595 0.1477668583393097
596 0.14584708213806152
597 0.1480650007724762
598 0.1473335325717926
599 0.14932361245155334
600 0.14604505896568298
601 0.14600691199302673
602 0.14665083587169647
603 0.1455458253622055
604 0.14524684846401215
605 0.1456914246082306
606 0.14682526886463165
607 0.14493225514888763
608 0.1450461745262146
609 0.1449112594127655
610 0.14550553262233734
611 0.14600762724876404
612 0.14469251036643982
613 0.1447393000125885
614 0.14381565153598785
615 0.14626626670360565
616 0.14549508690834045
617 0.14460895955562592
618 0.14439310133457184
619 0.14546038210391998
620 0.14593452215194702
621 0.14417031407356262
622 0.14465244114398956
623 0.14441968500614166
624 0.14597144722938538
625 0.1443462073802948
626 0.1428796648979187
627 0.14517228305339813
628 0.14348632097244263
629 0.14366425573825836
630 0.14451271295547485
631 0.1430252343416214
632 0.14451992511749268
633 0.14350275695323944
634 0.1436343789100647
635 0.14280067384243011
636 0.1432606279850006
637 0.1435377150774002
638 0.14473310112953186
639 0.14275787770748138
640 0.14250868558883667
641 0.14206884801387787
642 0.14444023370742798
643 0.14234153926372528
644 0.1436227560043335
645 0.14163590967655182
646 0.14217625558376312
647 0.14202553033828735
648 0.14177055656909943
649 0.14221739768981934
650 0.1426083892583847
651 0.14318861067295074
652 0.14352184534072876
653 0.1429457813501358
654 0.14130085706710815
655 0.1417507380247116
656 0.14190827310085297
657 0.14034391939640045
658 0.14195053279399872
659 0.14236141741275787
660 0.14040590822696686
661 0.13998112082481384
662 0.14075666666030884
663 0.14242635667324066
664 0.1419198364019394
665 0.1408224254846573
666 0.1420215368270874
667 0.14018166065216064
668 0.1425091177225113
669 0.14022114872932434
670 0.14208006858825684
671 0.1406629979610443
672 0.14124979078769684
673 0.14152120053768158
674 0.13978298008441925
675 0.13988719880580902
676 0.1397332102060318
677 0.14011773467063904
678 0.1418912708759308
679 0.1405891478061676
680 0.14040042459964752
681 0.14005222916603088
682 0.13835331797599792
683 0.1419973522424698
684 0.13898888230323792
685 0.14025266468524933
686 0.13882066309452057
687 0.13804802298545837
688 0.13884375989437103
689 0.13866154849529266
690 0.13889259099960327
691 0.14150284230709076
692 0.13785964250564575
693 0.13872800767421722
694 0.13929158449172974
695 0.1377459317445755
696 0.1376495510339737
697 0.14087922871112823
698 0.1377389281988144
699 0.13913077116012573
700 0.13868431746959686
701 0.13739946484565735
702 0.13837265968322754
703 0.138534277677536
704 0.1382068693637848
705 0.13758054375648499
706 0.13850027322769165
707 0.1373351663351059
708 0.13907015323638916
709 0.13603675365447998
710 0.138361856341362
711 0.1373651623725891
712 0.13718648254871368
713 0.13699497282505035
714 0.13714024424552917
715 0.13725726306438446
716 0.13740363717079163
717 0.13616961240768433
718 0.13669037818908691
719 0.13815617561340332
720 0.1364361047744751
721 0.13732171058654785
722 0.13728728890419006
723 0.135821133852005
724 0.13778699934482574
725 0.13779591023921967
726 0.1366627812385559
727 0.1382407397031784
728 0.13910560309886932
729 0.13604150712490082
730 0.13729535043239594
731 0.13599689304828644
732 0.13580410182476044
733 0.13618303835391998
734 0.13846267759799957
735 0.1359686255455017
736 0.13619793951511383
737 0.13562911748886108
738 0.13570645451545715
739 0.13686098158359528
740 0.13532467186450958
741 0.1361691653728485
742 0.13588587939739227
743 0.13520975410938263
744 0.13501110672950745
745 0.13708339631557465
746 0.13479633629322052
747 0.1342623233795166
748 0.13652239739894867
749 0.13901939988136292
750 0.1349722146987915
751 0.13583992421627045
752 0.13704822957515717
753 0.13571852445602417
754 0.1354590654373169
755 0.13522909581661224
756 0.13527148962020874
757 0.13561797142028809
758 0.134511798620224
759 0.13435697555541992
760 0.13652904331684113
761 0.1345837116241455
762 0.13431264460086823
763 0.13383321464061737
764 0.13415808975696564
765 0.13323916494846344
766 0.13429254293441772
767 0.1363581418991089
768 0.13315553963184357
769 0.13480117917060852
770 0.13268400728702545
771 0.1342322677373886
772 0.1331527829170227
773 0.13525395095348358
774 0.13393007218837738
775 0.13282816112041473
776 0.1333940029144287
777 0.13406100869178772
778 0.1344824880361557
779 0.13402536511421204
780 0.13397370278835297
781 0.13429449498653412
782 0.13363304734230042
783 0.13311508297920227
784 0.1333717554807663
785 0.13491684198379517
786 0.13296595215797424
787 0.1328357458114624
788 0.13152287900447845
789 0.13383810222148895
790 0.13270045816898346
791 0.13255727291107178
792 0.1344827264547348
793 0.13255834579467773
794 0.13211585581302643
795 0.1338672935962677
796 0.13286982476711273
797 0.13475432991981506
798 0.13289900124073029
799 0.13333649933338165
800 0.13303254544734955
