1 1.1659120321273804
2 0.9097912907600403
3 0.6850968599319458
4 0.5738309621810913
5 0.5030982494354248
6 0.4455025792121887
7 0.3911917209625244
8 0.3425416648387909
9 0.3074530363082886
10 0.2830028831958771
11 0.25934121012687683
12 0.2398415505886078
13 0.2189420908689499
14 0.2130674570798874
15 0.20109792053699493
16 0.19241832196712494
17 0.18513837456703186
18 0.18411502242088318
19 0.1769886016845703
20 0.1762988120317459
21 0.16245459020137787
22 0.1590249091386795
23 0.1548106074333191
24 0.15760229527950287
25 0.14774343371391296
26 0.15828055143356323
27 0.15408559143543243
28 0.14567333459854126
29 0.15155644714832306
30 0.14291436970233917
31 0.14405329525470734
32 0.13657929003238678
33 0.14143100380897522
34 0.14555476605892181
35 0.1206829845905304
36 0.13068826496601105
37 0.13601484894752502
38 0.1269240379333496
39 0.11967920511960983
40 0.12110118567943573
41 0.12371126562356949
42 0.12943819165229797
43 0.11887161433696747
44 0.12842980027198792
45 0.11344454437494278
46 0.12272274494171143
47 0.1123608872294426
48 0.1282765418291092
49 0.11617742478847504
50 0.11104079335927963
51 0.11423177272081375
52 0.13146844506263733
53 0.10612629354000092
54 0.10488168895244598
55 0.10829643160104752
56 0.11676061153411865
57 0.10965680330991745
58 0.11075077205896378
59 0.0999373123049736
60 0.10637189447879791
61 0.11038104444742203
62 0.10528944432735443
63 0.09695430099964142
64 0.10359470546245575
65 0.10987376421689987
66 0.10074851661920547
67 0.10791510343551636
68 0.1002202183008194
69 0.10617925971746445
70 0.1108761727809906
71 0.09479336440563202
72 0.0985361710190773
73 0.10991857200860977
74 0.09824133664369583
75 0.10912991315126419
76 0.09345826506614685
77 0.10753455013036728
78 0.09283177554607391
79 0.11390505731105804
80 0.09211187809705734
81 0.10321066528558731
82 0.09089873731136322
83 0.08993960171937943
84 0.1010773777961731
85 0.09090854227542877
86 0.10005124658346176
87 0.09381964802742004
88 0.09489340335130692
89 0.0991412028670311
90 0.09571417421102524
91 0.08732043206691742
92 0.10390658676624298
93 0.09919507801532745
94 0.092729851603508
95 0.09889037162065506
96 0.09546758979558945
97 0.0994342714548111
98 0.10084064304828644
99 0.09232090413570404
100 0.08962951600551605
101 0.09631239622831345
102 0.09795743972063065
103 0.0808715894818306
104 0.08151746541261673
105 0.08449579775333405
106 0.0966062992811203
107 0.08517101407051086
108 0.096023790538311
109 0.08793779462575912
110 0.08507754653692245
111 0.08644845336675644
112 0.07702948898077011
113 0.0860699787735939
114 0.09230412542819977
115 0.07985354214906693
116 0.09764710068702698
117 0.09592954814434052
118 0.09412254393100739
119 0.09141162782907486
120 0.09199656546115875
121 0.08343029022216797
122 0.07797753065824509
123 0.08576315641403198
124 0.08040549606084824
125 0.08898947387933731
126 0.11291903257369995
127 0.07798866927623749
128 0.08880744129419327
129 0.08347287029027939
130 0.09116315841674805
131 0.09598957747220993
132 0.09106114506721497
133 0.08623965829610825
134 0.09227214753627777
135 0.08693146705627441
136 0.07547791302204132
137 0.09068474918603897
138 0.08155516535043716
139 0.0780598521232605
140 0.08260524272918701
141 0.08540208637714386
142 0.08121522516012192
143 0.11027763038873672
144 0.08673723042011261
145 0.07360339909791946
146 0.08056405186653137
147 0.08128328621387482
148 0.07113087177276611
149 0.08738991618156433
150 0.09698757529258728
151 0.07730419933795929
152 0.07369956374168396
153 0.06994003802537918
154 0.08385219424962997
155 0.08237040787935257
156 0.07420961558818817
157 0.07878550887107849
158 0.07694525271654129
159 0.10024137794971466
160 0.07894934713840485
161 0.08489149063825607
162 0.07830917090177536
163 0.07736451923847198
164 0.06955911964178085
165 0.08178906887769699
166 0.0726768746972084
167 0.06624811142683029
168 0.0822841003537178
169 0.07543617486953735
170 0.08291101455688477
171 0.07355499267578125
172 0.0769030749797821
173 0.06896756589412689
174 0.07047145813703537
175 0.08176202327013016
176 0.06799469888210297
177 0.08132404088973999
178 0.08767540007829666
179 0.08407814800739288
180 0.08309818804264069
181 0.08161291480064392
182 0.07064250856637955
183 0.0815560445189476
184 0.07840904593467712
185 0.072934091091156
186 0.09890755265951157
187 0.06763577461242676
188 0.07994496822357178
189 0.07306768000125885
190 0.09766821563243866
191 0.09706111252307892
192 0.07443837076425552
193 0.0765095204114914
194 0.07812397927045822
195 0.07494065165519714
196 0.07237748801708221
197 0.0688013955950737
198 0.07689651846885681
199 0.0730082243680954
200 0.07339818775653839
201 0.06778434664011002
202 0.07463079690933228
203 0.07531733065843582
204 0.07374291867017746
205 0.06742127239704132
206 0.07107540965080261
207 0.0712064802646637
208 0.07675431668758392
209 0.07996870577335358
210 0.07840870320796967
211 0.0817582756280899
212 0.07259097695350647
213 0.08535353094339371
214 0.0690457746386528
215 0.07104750722646713
216 0.08836505562067032
217 0.08075317740440369
218 0.07107603549957275
219 0.0709439367055893
220 0.07848105579614639
221 0.06973238289356232
222 0.07716163247823715
223 0.07392998784780502
224 0.07258230447769165
225 0.07248157262802124
226 0.06858496367931366
227 0.08017084002494812
228 0.06276214867830276
229 0.07169188559055328
230 0.0815594494342804
231 0.0723462700843811
232 0.07119505852460861
233 0.06824582070112228
234 0.09783968329429626
235 0.07465746998786926
236 0.07076919823884964
237 0.06928417831659317
238 0.07086492329835892
239 0.07297447323799133
240 0.06876532733440399
241 0.07050061225891113
242 0.06638791412115097
243 0.09194626659154892
244 0.07511673122644424
245 0.07573295384645462
246 0.06421921402215958
247 0.0930432602763176
248 0.06531495600938797
249 0.08260956406593323
250 0.07001332938671112
251 0.07796365022659302
252 0.07325364649295807
253 0.07617560029029846
254 0.0683874785900116
255 0.07831351459026337
256 0.0869852676987648
257 0.07025953382253647
258 0.06959743052721024
259 0.07793470472097397
260 0.06500168889760971
261 0.0678577646613121
262 0.06371093541383743
263 0.06816942989826202
264 0.0671582967042923
265 0.08210247755050659
266 0.0669841319322586
267 0.06246291473507881
268 0.06126129999756813
269 0.07154999673366547
270 0.07320529967546463
271 0.06472083181142807
272 0.07846009731292725
273 0.06806434690952301
274 0.07616675645112991
275 0.07258205860853195
276 0.0715922936797142
277 0.07477777451276779
278 0.06689763814210892
279 0.06333840638399124
280 0.06602954119443893
281 0.09095340222120285
282 0.06661062687635422
283 0.07694324851036072
284 0.06903114169836044
285 0.0778554156422615
286 0.07699669152498245
287 0.07242462038993835
288 0.07651010900735855
289 0.06612994521856308
290 0.07600495219230652
291 0.075125552713871
292 0.07397181540727615
293 0.07811321318149567
294 0.07854039967060089
295 0.07436700165271759
296 0.0646439865231514
297 0.09232554584741592
298 0.06428676843643188
299 0.07675877213478088
300 0.07300256192684174
301 0.06849770992994308
302 0.06861574947834015
303 0.0657593235373497
304 0.06790340691804886
305 0.0627559944987297
306 0.060361478477716446
307 0.06922943145036697
308 0.0720953717827797
309 0.06982963532209396
310 0.06441646069288254
311 0.06202422082424164
312 0.0737730860710144
313 0.08157575130462646
314 0.06909450888633728
315 0.0756760910153389
316 0.06735759228467941
317 0.0665540099143982
318 0.07784423232078552
319 0.06722233444452286
320 0.07869690656661987
321 0.05635678395628929
322 0.06230492517352104
323 0.07444518059492111
324 0.0712323933839798
325 0.059273894876241684
326 0.07803414016962051
327 0.0573384128510952
328 0.0718386322259903
329 0.079880490899086
330 0.060694094747304916
331 0.0685545951128006
332 0.07968169450759888
333 0.06259812414646149
334 0.06026846542954445
335 0.05700096860527992
336 0.0751328319311142
337 0.07691669464111328
338 0.06325944513082504
339 0.07005041837692261
340 0.08123627305030823
341 0.06614651530981064
342 0.07517361640930176
343 0.06884253025054932
344 0.07752881199121475
345 0.06602517515420914
346 0.08369675278663635
347 0.06863638758659363
348 0.07384485006332397
349 0.0830174908041954
350 0.0640532597899437
351 0.055834922939538956
352 0.06698938459157944
353 0.07602979987859726
354 0.061317093670368195
355 0.07023806869983673
356 0.07702690362930298
357 0.0813719853758812
358 0.07499319314956665
359 0.060298532247543335
360 0.08468649536371231
361 0.08854639530181885
362 0.06273680925369263
363 0.06980043649673462
364 0.0615730956196785
365 0.06017040088772774
366 0.06734374910593033
367 0.06149183586239815
368 0.07086105644702911
369 0.05901498347520828
370 0.05710131302475929
371 0.06899715960025787
372 0.07167015224695206
373 0.06461206078529358
374 0.06269212067127228
375 0.08364582806825638
376 0.054777007550001144
377 0.09309716522693634
378 0.07004887610673904
379 0.07399019598960876
380 0.09925251454114914
381 0.06748291105031967
382 0.07376205921173096
383 0.06677114963531494
384 0.06242145597934723
385 0.06334080547094345
386 0.06938309967517853
387 0.05965452641248703
388 0.056365966796875
389 0.07993890345096588
390 0.06030506640672684
391 0.06807228177785873
392 0.05786377936601639
393 0.06434836238622665
394 0.06725435703992844
395 0.0747673287987709
396 0.06194988265633583
397 0.05560494586825371
398 0.07070203870534897
399 0.06390047073364258
400 0.06313246488571167
