1 1.1037719249725342
2 0.8219765424728394
3 0.6785217523574829
4 0.583109438419342
5 0.5187649726867676
6 0.4604852497577667
7 0.4040036201477051
8 0.3800223171710968
9 0.34626278281211853
10 0.2885543406009674
11 0.2818547189235687
12 0.2621305286884308
13 0.24962110817432404
14 0.23825818300247192
15 0.2030917853116989
16 0.20952369272708893
17 0.2513883709907532
18 0.19880765676498413
19 0.18773692846298218
20 0.18032102286815643
21 0.1929323822259903
22 0.20433935523033142
23 0.17302843928337097
24 0.1791030615568161
25 0.16913087666034698
26 0.1675315946340561
27 0.17905054986476898
28 0.1873609721660614
29 0.1870354264974594
30 0.15224500000476837
31 0.15417619049549103
32 0.15899735689163208
33 0.15730392932891846
34 0.1575550138950348
35 0.17500455677509308
36 0.13849657773971558
37 0.1329135149717331
38 0.16528654098510742
39 0.13688984513282776
40 0.16055980324745178
41 0.13804271817207336
42 0.1384851485490799
43 0.12541519105434418
44 0.1541118174791336
45 0.12760712206363678
46 0.16031573712825775
47 0.15117798745632172
48 0.12489889562129974
49 0.1554441899061203
50 0.11284366995096207
51 0.1561727225780487
52 0.15866953134536743
53 0.12944696843624115
54 0.13894589245319366
55 0.1274460256099701
56 0.14749060571193695
57 0.13401545584201813
58 0.14086832106113434
59 0.14303727447986603
60 0.11958761513233185
61 0.1281604915857315
62 0.15788251161575317
63 0.12128747254610062
64 0.11964783817529678
65 0.12051165103912354
66 0.12855106592178345
67 0.1177237331867218
68 0.1244223490357399
69 0.13777069747447968
70 0.11355645209550858
71 0.153647780418396
72 0.10568088293075562
73 0.12023298442363739
74 0.14403583109378815
75 0.10781141370534897
76 0.14832703769207
77 0.10978613048791885
78 0.09878957271575928
79 0.11771450191736221
80 0.11412691324949265
81 0.1188070997595787
82 0.1286240518093109
83 0.11960946023464203
84 0.11646991968154907
85 0.11978943645954132
86 0.12658095359802246
87 0.1102004274725914
88 0.11441670358181
89 0.11690136045217514
90 0.1084163561463356
91 0.11046957969665527
92 0.10973136126995087
93 0.13228237628936768
94 0.13000845909118652
95 0.1229192391037941
96 0.10585722327232361
97 0.1037154421210289
98 0.11765682697296143
99 0.1513986587524414
100 0.15271973609924316
101 0.11150245368480682
102 0.09493216127157211
103 0.10900110751390457
104 0.09696543216705322
105 0.11322932690382004
106 0.09996655583381653
107 0.12668292224407196
108 0.09488087892532349
109 0.12372646480798721
110 0.11106444895267487
111 0.11146588623523712
112 0.1248120442032814
113 0.11036752164363861
114 0.1079995259642601
115 0.10499753057956696
116 0.11111009120941162
117 0.09408712387084961
118 0.11099027097225189
119 0.13090933859348297
120 0.12246330082416534
121 0.11746985465288162
122 0.10160399973392487
123 0.10064136236906052
124 0.09811266511678696
125 0.09260620921850204
126 0.10775262117385864
127 0.1189536452293396
128 0.12189783900976181
129 0.09555928409099579
130 0.12715499103069305
131 0.10006460547447205
132 0.10469471663236618
133 0.10664021223783493
134 0.10559480637311935
135 0.1117299497127533
136 0.10357478260993958
137 0.08786986768245697
138 0.09839058667421341
139 0.09533481299877167
140 0.10053011775016785
141 0.11649641394615173
142 0.09961914271116257
143 0.10041575133800507
144 0.11749311536550522
145 0.09427032619714737
146 0.09551286697387695
147 0.11538753658533096
148 0.09092261642217636
149 0.09586238861083984
150 0.1491420418024063
151 0.10447639971971512
152 0.11107953637838364
153 0.09238067269325256
154 0.09543388336896896
155 0.09430388361215591
156 0.10353301465511322
157 0.09206610172986984
158 0.09213010966777802
159 0.11780265718698502
160 0.11794532090425491
161 0.0968879833817482
162 0.10500141978263855
163 0.11333347856998444
164 0.09973935782909393
165 0.12219258397817612
166 0.0979839339852333
167 0.08710253983736038
168 0.10194431245326996
169 0.0988142266869545
170 0.10848884284496307
171 0.09565124660730362
172 0.08275406062602997
173 0.0749371349811554
174 0.17157667875289917
175 0.1065453439950943
176 0.09696681052446365
177 0.08658117800951004
178 0.09901208430528641
179 0.09322243928909302
180 0.08250761777162552
181 0.12094134837388992
182 0.07982862740755081
183 0.1011691763997078
184 0.1317540556192398
185 0.09823551028966904
186 0.07981260120868683
187 0.08474148064851761
188 0.08954326063394547
189 0.0762939527630806
190 0.10680393874645233
191 0.08666970580816269
192 0.09560767561197281
193 0.11401037871837616
194 0.10809846222400665
195 0.09477372467517853
196 0.08190996199846268
197 0.12706544995307922
198 0.11145374178886414
199 0.08142632246017456
200 0.07875283062458038
201 0.09643732756376266
202 0.08998455107212067
203 0.08380309492349625
204 0.09836402535438538
205 0.1089676022529602
206 0.0891052708029747
207 0.1120501160621643
208 0.09267821162939072
209 0.08727914094924927
210 0.0932224690914154
211 0.09866172820329666
212 0.09908770024776459
213 0.11035073548555374
214 0.0790184810757637
215 0.08998306095600128
216 0.08233017474412918
217 0.11172433942556381
218 0.09842735528945923
219 0.09568151831626892
220 0.09155794978141785
221 0.09057559818029404
222 0.09905502200126648
223 0.10124537348747253
224 0.0885101705789566
225 0.10667552798986435
226 0.09816818684339523
227 0.08271127194166183
228 0.09392756223678589
229 0.08799915015697479
230 0.09496376663446426
231 0.07694301754236221
232 0.08791759610176086
233 0.07034721225500107
234 0.10496947169303894
235 0.07694350183010101
236 0.10148002207279205
237 0.10686594992876053
238 0.0933508649468422
239 0.0911768302321434
240 0.07942968606948853
241 0.11193180084228516
242 0.08688333630561829
243 0.09238740056753159
244 0.1029147133231163
245 0.08988901972770691
246 0.08387043327093124
247 0.08935681730508804
248 0.09896063059568405
249 0.09542897343635559
250 0.09239291399717331
251 0.0702735111117363
252 0.09730811417102814
253 0.11243180930614471
254 0.09950129687786102
255 0.07201208174228668
256 0.08719971776008606
257 0.06937456876039505
258 0.08222463726997375
259 0.09393041580915451
260 0.08176680654287338
261 0.09724196791648865
262 0.07136036455631256
263 0.09005694836378098
264 0.09906730055809021
265 0.10179237276315689
266 0.14883872866630554
267 0.08931761980056763
268 0.06852839142084122
269 0.10019130259752274
270 0.0924404114484787
271 0.0857619121670723
272 0.09653154760599136
273 0.09467781335115433
274 0.09477121382951736
275 0.0774989202618599
276 0.07161024957895279
277 0.07921799272298813
278 0.08856365084648132
279 0.09342406690120697
280 0.07724317163228989
281 0.07923377305269241
282 0.07568397372961044
283 0.08586258441209793
284 0.09328490495681763
285 0.08974508941173553
286 0.09110601991415024
287 0.08195117861032486
288 0.09137951582670212
289 0.0752745121717453
290 0.09510135650634766
291 0.07711750268936157
292 0.08885183185338974
293 0.09846235066652298
294 0.11087971925735474
295 0.09350515156984329
296 0.07709574699401855
297 0.13864849507808685
298 0.09966116398572922
299 0.08962486684322357
300 0.1001957580447197
301 0.08910674601793289
302 0.08843870460987091
303 0.09083589166402817
304 0.0849333256483078
305 0.07646388560533524
306 0.07749483734369278
307 0.07193630933761597
308 0.07650028169155121
309 0.09169451892375946
310 0.06934291869401932
311 0.0989903062582016
312 0.08848346024751663
313 0.08213601261377335
314 0.08526644855737686
315 0.10619297623634338
316 0.08388309925794601
317 0.07751128822565079
318 0.09778662770986557
319 0.0663987323641777
320 0.07098743319511414
321 0.07874450832605362
322 0.09100756794214249
323 0.07286828756332397
324 0.06976651400327682
325 0.08040616661310196
326 0.09039604663848877
327 0.09897375106811523
328 0.08228358626365662
329 0.07872232049703598
330 0.08667711168527603
331 0.08825114369392395
332 0.11604441702365875
333 0.07328534126281738
334 0.10591699182987213
335 0.0796949714422226
336 0.07422000914812088
337 0.07590848952531815
338 0.08000524342060089
339 0.07482223957777023
340 0.09274055808782578
341 0.08105102181434631
342 0.07561681419610977
343 0.08446069061756134
344 0.09853524714708328
345 0.07698675245046616
346 0.0720338374376297
347 0.11988695710897446
348 0.11369914561510086
349 0.08440704643726349
350 0.0859273374080658
351 0.08024825900793076
352 0.07718157023191452
353 0.08023937046527863
354 0.06857344508171082
355 0.0630808025598526
356 0.10202488303184509
357 0.11216680705547333
358 0.08459625393152237
359 0.07611171901226044
360 0.0650349035859108
361 0.07427188754081726
362 0.09040941298007965
363 0.08255942910909653
364 0.08512181788682938
365 0.08158870041370392
366 0.08956094831228256
367 0.07715560495853424
368 0.09636364132165909
369 0.07498723268508911
370 0.06587452441453934
371 0.08496765047311783
372 0.06723697483539581
373 0.08050945401191711
374 0.08235906064510345
375 0.09304533153772354
376 0.07775227725505829
377 0.0751579999923706
378 0.08627552539110184
379 0.08387546986341476
380 0.0968923568725586
381 0.0866205170750618
382 0.0813329666852951
383 0.09192949533462524
384 0.07974956184625626
385 0.10071860998868942
386 0.07725312560796738
387 0.06304670870304108
388 0.07100752741098404
389 0.07545509189367294
390 0.08517889678478241
391 0.0864911824464798
392 0.07093165814876556
393 0.08756542950868607
394 0.07104507833719254
395 0.08522281050682068
396 0.08551400899887085
397 0.07749560475349426
398 0.07503718137741089
399 0.0738464966416359
400 0.09035425633192062
