1 1.4598233699798584
2 1.371417760848999
3 1.2400330305099487
4 1.241208553314209
5 1.2827022075653076
6 1.2440568208694458
7 1.2402046918869019
8 1.263309359550476
9 1.2689255475997925
10 1.2577145099639893
11 1.2689836025238037
12 1.3036787509918213
13 1.2601428031921387
14 1.251723289489746
15 1.2488611936569214
16 1.251022458076477
17 1.2418490648269653
18 1.2638065814971924
19 1.2256158590316772
20 1.252508521080017
21 1.2593766450881958
22 1.274240255355835
23 1.2483469247817993
24 1.2400649785995483
25 1.241503357887268
26 1.249218225479126
27 1.2721781730651855
28 1.2446413040161133
29 1.2793292999267578
30 1.267104148864746
31 1.2576569318771362
32 1.2488446235656738
33 1.2543320655822754
34 1.2670443058013916
35 1.2503846883773804
36 1.2698204517364502
37 1.2573652267456055
38 1.257033109664917
39 1.2659640312194824
40 1.2716258764266968
41 1.2496075630187988
42 1.261366844177246
43 1.2537654638290405
44 1.2846941947937012
45 1.2555476427078247
46 1.2715219259262085
47 1.2583152055740356
48 1.2549656629562378
49 1.235135793685913
50 1.2498809099197388
51 1.2495734691619873
52 1.2661911249160767
53 1.2564092874526978
54 1.273661494255066
55 1.2668218612670898
56 1.2520503997802734
57 1.2627280950546265
58 1.2422415018081665
59 1.2465664148330688
60 1.2699193954467773
61 1.2471230030059814
62 1.2451523542404175
63 1.2538357973098755
64 1.2413967847824097
65 1.2879679203033447
66 1.2604011297225952
67 1.2616599798202515
68 1.2814449071884155
69 1.2860649824142456
70 1.2461063861846924
71 1.255911946296692
72 1.2613340616226196
73 1.2543046474456787
74 1.2681517601013184
75 1.2441200017929077
76 1.2557774782180786
77 1.239135980606079
78 1.2347321510314941
79 1.2517375946044922
80 1.2573857307434082
81 1.277982234954834
82 1.2585934400558472
83 1.2649375200271606
84 1.2563647031784058
85 1.2402817010879517
86 1.2555841207504272
87 1.2461812496185303
88 1.2557975053787231
89 1.2402923107147217
90 1.2554595470428467
91 1.2688337564468384
92 3.079124927520752
93 2.6721994876861572
94 1.8043880462646484
95 1.6262962818145752
96 1.4787803888320923
97 1.4828697443008423
98 1.4867331981658936
99 1.5203163623809814
100 1.4329142570495605
101 1.4397650957107544
102 1.4304691553115845
103 1.411875605583191
104 1.4155815839767456
105 1.38254976272583
106 1.4326239824295044
107 1.4318395853042603
108 1.3795808553695679
109 1.3482149839401245
110 1.3840575218200684
111 1.4594415426254272
112 1.3704094886779785
113 1.4128443002700806
114 1.3650099039077759
115 1.4057141542434692
116 1.3257381916046143
117 1.3969321250915527
118 1.4583433866500854
119 1.3671759366989136
120 1.3849960565567017
121 1.4315474033355713
122 1.3192356824874878
123 1.4018380641937256
124 1.3946774005889893
125 1.3370662927627563
126 1.3783354759216309
127 1.434406042098999
128 1.38319730758667
129 1.3884763717651367
130 1.361902117729187
131 1.3949246406555176
132 1.3517247438430786
133 1.4839962720870972
134 1.3634741306304932
135 1.3733283281326294
136 1.3642854690551758
137 1.425659418106079
138 3.7980809211730957
139 3.428553819656372
140 2.4523422718048096
141 2.2195773124694824
142 1.9473646879196167
143 1.730960488319397
144 1.728302001953125
145 2.0571129322052
146 1.6327086687088013
147 1.7859320640563965
148 1.6124334335327148
149 1.6037436723709106
150 1.61221182346344
151 1.6458684206008911
152 1.6107778549194336
153 1.5705517530441284
154 1.6804790496826172
155 1.467991828918457
156 1.6285710334777832
157 1.7421467304229736
158 1.681128978729248
159 1.5287970304489136
160 1.4830752611160278
161 1.6082937717437744
162 1.6515820026397705
163 1.4843940734863281
164 1.726722240447998
165 1.4990885257720947
166 1.543562412261963
167 1.6251307725906372
168 4.274117946624756
169 3.8475372791290283
170 2.650477886199951
171 2.7271738052368164
172 2.2855064868927
173 2.3560471534729004
174 2.4529824256896973
175 2.2930781841278076
176 2.080280303955078
177 1.9071180820465088
178 2.03551983833313
179 1.9831503629684448
180 1.6841316223144531
181 2.0586891174316406
182 1.7596584558486938
183 1.9172356128692627
184 1.8439253568649292
185 2.181938648223877
186 1.8147739171981812
187 1.966602087020874
188 2.2719783782958984
189 1.7810635566711426
190 1.7352237701416016
191 2.04774808883667
192 1.9665312767028809
193 1.8601021766662598
194 1.9461486339569092
195 1.979017734527588
196 1.7168149948120117
197 1.882825255393982
198 1.831667423248291
199 1.7967307567596436
200 1.7698805332183838
