1 1.2697923183441162
2 1.1918035745620728
3 1.1746162176132202
4 1.1604807376861572
5 1.1421853303909302
6 1.12008535861969
7 1.0937786102294922
8 1.0637859106063843
9 1.0339435338974
10 1.0033135414123535
11 0.9741460084915161
12 0.9456526637077332
13 0.9184819459915161
14 0.8923532962799072
15 0.8685487508773804
16 0.8463341593742371
17 0.8260615468025208
18 0.8068394660949707
19 0.7895588278770447
20 0.7745584845542908
21 0.7601910829544067
22 0.7468202710151672
23 0.7347928881645203
24 0.7239260077476501
25 0.7144715189933777
26 0.7050073742866516
27 0.6958702206611633
28 0.6892702579498291
29 0.6818679571151733
30 0.6740195155143738
31 0.6682503819465637
32 0.6612647175788879
33 0.6577206254005432
34 0.6510055661201477
35 0.6472527384757996
36 0.640907883644104
37 0.6390340328216553
38 0.6323842406272888
39 0.6296460628509521
40 0.6242299675941467
41 0.62074214220047
42 0.6163749098777771
43 0.6150121092796326
44 0.6108779311180115
45 0.6067836284637451
46 0.6022273302078247
47 0.6001005172729492
48 0.5978673100471497
49 0.593679666519165
50 0.591556966304779
51 0.5879905223846436
52 0.5849454998970032
53 0.5813006162643433
54 0.5788438320159912
55 0.5757246613502502
56 0.5712419748306274
57 0.5689715147018433
58 0.5667228698730469
59 0.563926100730896
60 0.5602495670318604
61 0.556362509727478
62 0.5535653233528137
63 0.5516141653060913
64 0.5473297238349915
65 0.5452494025230408
66 0.5420769453048706
67 0.5380139946937561
68 0.5367024540901184
69 0.5326045155525208
70 0.5305374264717102
71 0.527245283126831
72 0.524696946144104
73 0.5215447545051575
74 0.5200369954109192
75 0.5166182518005371
76 0.5137195587158203
77 0.5104199051856995
78 0.5082110166549683
79 0.5043845176696777
80 0.5022725462913513
81 0.5005126595497131
82 0.49631184339523315
83 0.49347400665283203
84 0.4909536838531494
85 0.4881351888179779
86 0.48435497283935547
87 0.4835028052330017
88 0.4794337749481201
89 0.47663480043411255
90 0.47406232357025146
91 0.47114574909210205
92 0.46988391876220703
93 0.46552005410194397
94 0.46386584639549255
95 0.45891669392585754
96 0.45892080664634705
97 0.45435455441474915
98 0.4525585472583771
99 0.4509463906288147
100 0.4466395676136017
101 0.44482535123825073
102 0.4416321814060211
103 0.440039724111557
104 0.43756043910980225
105 0.4351310431957245
106 0.4322154223918915
107 0.4294302463531494
108 0.4272881746292114
109 0.424373060464859
110 0.4235876500606537
111 0.4196673333644867
112 0.4173997938632965
113 0.4160309433937073
114 0.41480106115341187
115 0.4122547209262848
116 0.4089335799217224
117 0.40690669417381287
118 0.4052636921405792
119 0.40336015820503235
120 0.40177640318870544
121 0.39980483055114746
122 0.3966537117958069
123 0.3941151797771454
124 0.39281854033470154
125 0.39064496755599976
126 0.38934749364852905
127 0.38738325238227844
128 0.386372447013855
129 0.38312432169914246
130 0.38148921728134155
131 0.380076140165329
132 0.37822115421295166
133 0.37487488985061646
134 0.3748531937599182
135 0.37272676825523376
136 0.37028586864471436
137 0.3696465492248535
138 0.36702412366867065
139 0.36555638909339905
140 0.3644341826438904
141 0.36351874470710754
142 0.360917866230011
143 0.35928478837013245
144 0.35742077231407166
145 0.35694506764411926
146 0.3544280529022217
147 0.35367223620414734
148 0.352719783782959
149 0.3507673740386963
150 0.34955957531929016
151 0.347822904586792
152 0.34607481956481934
153 0.3462028205394745
154 0.3434770703315735
155 0.3426326811313629
156 0.3408237099647522
157 0.3406258821487427
158 0.33842724561691284
159 0.33761873841285706
160 0.3375040292739868
161 0.33497706055641174
162 0.3335977792739868
163 0.3329395353794098
164 0.33149462938308716
165 0.33041316270828247
166 0.3292160928249359
167 0.3284246623516083
168 0.3269628584384918
169 0.32576343417167664
170 0.32520413398742676
171 0.32370105385780334
172 0.32474833726882935
173 0.3223409950733185
174 0.32177045941352844
175 0.32080575823783875
176 0.31943583488464355
177 0.3188205659389496
178 0.31715628504753113
179 0.31669262051582336
180 0.31543582677841187
181 0.31447771191596985
182 0.31512337923049927
183 0.31266865134239197
184 0.3139095604419708
185 0.31188201904296875
186 0.3112223744392395
187 0.3107864260673523
188 0.30960333347320557
189 0.30833131074905396
190 0.30755847692489624
191 0.30688613653182983
192 0.3059867322444916
193 0.304821252822876
194 0.3055339455604553
195 0.30396756529808044
196 0.302918940782547
197 0.3023082911968231
198 0.30161917209625244
199 0.3017946183681488
200 0.3003941774368286
201 0.29963383078575134
202 0.2990059554576874
203 0.29773008823394775
204 0.29849815368652344
205 0.29746711254119873
206 0.29678982496261597
207 0.2953912019729614
208 0.2955184280872345
209 0.2944173216819763
210 0.29446548223495483
211 0.2939147651195526
212 0.29453080892562866
213 0.29368582367897034
214 0.2913479506969452
215 0.29104694724082947
216 0.2915150821208954
217 0.29094550013542175
218 0.28907933831214905
219 0.28991132974624634
220 0.2885012924671173
221 0.288921594619751
222 0.28783127665519714
223 0.2876301407814026
224 0.28594717383384705
225 0.2866811156272888
226 0.2852291166782379
227 0.28507545590400696
228 0.285471647977829
229 0.2842055559158325
230 0.2840288281440735
231 0.2825543284416199
232 0.2829743027687073
233 0.2824019193649292
234 0.28255221247673035
235 0.28185054659843445
236 0.2803505063056946
237 0.281193345785141
238 0.27932408452033997
239 0.2789388597011566
240 0.2795077860355377
241 0.2777392268180847
242 0.2785226106643677
243 0.27870285511016846
244 0.2767373323440552
245 0.2753361761569977
246 0.2763223648071289
247 0.2759997248649597
248 0.27465876936912537
249 0.2748754620552063
250 0.275165319442749
251 0.27409613132476807
252 0.2734851539134979
253 0.27311816811561584
254 0.2716316878795624
255 0.2725626826286316
256 0.2716918885707855
257 0.2743994891643524
258 0.27076128125190735
259 0.27117499709129333
260 0.2702785134315491
261 0.27205243706703186
262 0.26960504055023193
263 0.2686433494091034
264 0.2674385905265808
265 0.26816248893737793
266 0.267519474029541
267 0.2663624882698059
268 0.26666417717933655
269 0.2656896710395813
270 0.26557523012161255
271 0.26723024249076843
272 0.26611995697021484
273 0.26445093750953674
274 0.26509031653404236
275 0.26375025510787964
276 0.2643481492996216
277 0.2640836834907532
278 0.26298657059669495
279 0.262620747089386
280 0.26161128282546997
281 0.264151930809021
282 0.2607002854347229
283 0.26081353425979614
284 0.26082611083984375
285 0.25966188311576843
286 0.26064395904541016
287 0.25891822576522827
288 0.25959527492523193
289 0.2579845190048218
290 0.2589423954486847
291 0.2582966089248657
292 0.25812461972236633
293 0.2562822997570038
294 0.25616517663002014
295 0.2571645975112915
296 0.25600963830947876
297 0.255800724029541
298 0.25492212176322937
299 0.25383150577545166
300 0.25396791100502014
301 0.2540695369243622
302 0.2542858421802521
303 0.2532450258731842
304 0.2533164322376251
305 0.25344741344451904
306 0.25416356325149536
307 0.25129052996635437
308 0.25171950459480286
309 0.2515031099319458
310 0.2528081238269806
311 0.2510323226451874
312 0.24947316944599152
313 0.2497604489326477
314 0.24909254908561707
315 0.2490803450345993
316 0.24802644550800323
317 0.2504924237728119
318 0.24754756689071655
319 0.2489835023880005
320 0.2479509860277176
321 0.24673892557621002
322 0.24843885004520416
323 0.2463686615228653
324 0.2460794448852539
325 0.24669016897678375
326 0.243465855717659
327 0.24496354162693024
328 0.24448765814304352
329 0.24403616786003113
330 0.24335342645645142
331 0.24513056874275208
332 0.24251019954681396
333 0.24385012686252594
334 0.2421952188014984
335 0.24196046590805054
336 0.24121879041194916
337 0.24079102277755737
338 0.23964083194732666
339 0.24023379385471344
340 0.23996295034885406
341 0.24006827175617218
342 0.23922432959079742
343 0.23937703669071198
344 0.23864442110061646
345 0.2384873777627945
346 0.23739151656627655
347 0.23817940056324005
348 0.23801611363887787
349 0.23811089992523193
350 0.2371283769607544
351 0.23647890985012054
352 0.2362643927335739
353 0.23567253351211548
354 0.23532606661319733
355 0.23569664359092712
356 0.23409563302993774
357 0.23433777689933777
358 0.23391157388687134
359 0.23161102831363678
360 0.23401544988155365
361 0.23299424350261688
362 0.23289081454277039
363 0.23296669125556946
364 0.2328312247991562
365 0.23212842643260956
366 0.23133964836597443
367 0.2308943122625351
368 0.23126263916492462
369 0.22989942133426666
370 0.22915944457054138
371 0.22960925102233887
372 0.22948738932609558
373 0.22873400151729584
374 0.22902168333530426
375 0.22818025946617126
376 0.22717969119548798
377 0.22751133143901825
378 0.22721931338310242
379 0.22618462145328522
380 0.2272362858057022
381 0.22540152072906494
382 0.22554445266723633
383 0.22663845121860504
384 0.22537952661514282
385 0.22738662362098694
386 0.22382602095603943
387 0.2241489589214325
388 0.22509826719760895
389 0.22411808371543884
390 0.2237766534090042
391 0.2223484069108963
392 0.22367456555366516
393 0.22386176884174347
394 0.2222900241613388
395 0.22214031219482422
396 0.22214347124099731
397 0.22181743383407593
398 0.22047851979732513
399 0.22312235832214355
400 0.2210918813943863
