1 1.2958238124847412
2 1.2468937635421753
3 1.2473537921905518
4 1.2674407958984375
5 1.2590519189834595
6 1.261275291442871
7 1.293028712272644
8 1.2562954425811768
9 1.2593622207641602
10 1.2735183238983154
11 1.2505078315734863
12 1.234120488166809
13 1.2715104818344116
14 1.2362979650497437
15 1.259303092956543
16 1.2619423866271973
17 1.2528504133224487
18 1.248345136642456
19 1.2524398565292358
20 1.2321481704711914
21 1.254111886024475
22 1.2824112176895142
23 1.2734001874923706
24 1.2566756010055542
25 1.278849720954895
26 1.2336854934692383
27 1.2495942115783691
28 1.2536481618881226
29 1.2506970167160034
30 1.2803082466125488
31 1.2476813793182373
32 1.2615118026733398
33 1.265204906463623
34 1.2514231204986572
35 1.2389692068099976
36 1.2546805143356323
37 1.2521295547485352
38 1.2441047430038452
39 1.260376214981079
40 1.2629255056381226
41 1.279550552368164
42 1.2753567695617676
43 1.2604793310165405
44 1.2555433511734009
45 1.2663705348968506
46 1.2655495405197144
47 1.259287714958191
48 1.2819875478744507
49 1.2577037811279297
50 1.2685765027999878
51 1.2691043615341187
52 1.2736663818359375
53 1.2574585676193237
54 1.2588651180267334
55 1.2277183532714844
56 1.2575231790542603
57 1.2956511974334717
58 1.2706577777862549
59 1.2484064102172852
60 1.2439978122711182
61 1.2847126722335815
62 1.2610435485839844
63 1.2430726289749146
64 1.2572554349899292
65 1.2573782205581665
66 1.2528159618377686
67 1.2573050260543823
68 1.2616208791732788
69 1.2542152404785156
70 1.2634614706039429
71 1.2629475593566895
72 1.2406283617019653
73 1.2444539070129395
74 1.2726143598556519
75 1.2497484683990479
76 1.2700430154800415
77 1.2341058254241943
78 1.261427640914917
79 1.2504292726516724
80 1.2448314428329468
81 1.2806816101074219
82 1.2659156322479248
83 1.2907555103302002
84 1.2474428415298462
85 1.230509877204895
86 1.2588967084884644
87 1.260812520980835
88 1.250030517578125
89 1.2549744844436646
90 1.2825337648391724
91 1.2456430196762085
92 1.2488324642181396
93 1.2439963817596436
94 1.250506043434143
95 2.9456188678741455
96 2.8441755771636963
97 1.9413286447525024
98 1.7971755266189575
99 1.6479650735855103
100 1.4784483909606934
101 1.50299870967865
102 1.4611976146697998
103 1.4109225273132324
104 1.3395006656646729
105 1.4562201499938965
106 1.3940696716308594
107 1.3503172397613525
108 1.421492338180542
109 1.4416404962539673
110 1.3801798820495605
111 1.4055261611938477
112 1.4281367063522339
113 1.3505120277404785
114 1.3353917598724365
115 1.4274253845214844
116 1.3682981729507446
117 1.393203616142273
118 1.3502126932144165
119 1.4129955768585205
120 1.349928617477417
121 1.363134741783142
122 1.3631713390350342
123 1.4356778860092163
124 1.368488073348999
125 1.3648076057434082
126 1.377995491027832
127 1.386385440826416
128 1.3344908952713013
129 1.3424466848373413
130 1.3696826696395874
131 1.3462738990783691
132 1.408467411994934
133 1.3713171482086182
134 1.3797032833099365
135 1.4653226137161255
136 1.4051969051361084
137 1.4324053525924683
138 1.4033398628234863
139 1.3623390197753906
140 1.384077787399292
141 1.3871980905532837
142 1.3483338356018066
143 1.35984468460083
144 1.363892912864685
145 1.4059598445892334
146 1.404962182044983
147 1.358459711074829
148 1.3792835474014282
149 1.3678730726242065
150 1.407455563545227
151 1.3641984462738037
152 1.356582760810852
153 1.397084355354309
154 1.475070595741272
155 1.3870337009429932
156 1.4077098369598389
157 1.3621946573257446
158 1.3974158763885498
159 1.4650167226791382
160 1.3865606784820557
161 1.3756283521652222
162 1.3773696422576904
163 1.3873507976531982
164 1.6228901147842407
165 1.33526611328125
166 1.3775429725646973
167 1.4055532217025757
168 1.3662288188934326
169 1.3737778663635254
170 1.3938173055648804
171 1.3863301277160645
172 1.3747422695159912
173 1.3239161968231201
174 1.4216759204864502
175 1.4939911365509033
176 1.402849555015564
177 1.3493441343307495
178 1.3300973176956177
179 1.449164867401123
180 1.3355783224105835
181 1.3798624277114868
182 1.418000340461731
183 1.3897373676300049
184 1.3482246398925781
185 1.3282922506332397
186 1.4101135730743408
187 1.387451171875
188 1.3354647159576416
189 1.4082820415496826
190 1.4164625406265259
191 1.3812915086746216
192 1.3461058139801025
193 1.3527666330337524
194 1.331617832183838
195 1.3827441930770874
196 1.3941266536712646
197 1.3590508699417114
198 1.3554728031158447
199 1.3138172626495361
200 1.3557411432266235
201 1.403648018836975
202 1.4584285020828247
203 1.3356667757034302
204 1.3936456441879272
205 1.3857320547103882
206 1.4036458730697632
207 1.3908841609954834
208 1.4194860458374023
209 1.3288044929504395
210 1.383861780166626
211 1.3600122928619385
212 1.3975136280059814
213 1.3872603178024292
214 1.3970518112182617
215 1.3408827781677246
216 1.350992202758789
217 1.3747131824493408
218 1.3872978687286377
219 1.3509769439697266
220 1.4284127950668335
221 1.4314981698989868
222 1.367316722869873
223 1.3618042469024658
224 1.3937963247299194
225 1.3997645378112793
226 1.4243332147598267
227 1.4484316110610962
228 1.326027274131775
229 1.3663280010223389
230 1.3856723308563232
231 1.354509949684143
232 1.3671907186508179
233 1.4175701141357422
234 1.3487462997436523
235 1.4075087308883667
236 1.400315761566162
237 1.3425850868225098
238 1.4427553415298462
239 1.4262570142745972
240 1.3664554357528687
241 1.3541640043258667
242 1.3788684606552124
243 1.3796452283859253
244 1.4046803712844849
245 1.3354418277740479
246 1.3432339429855347
247 1.423256516456604
248 1.3942965269088745
249 1.3282545804977417
250 1.387548804283142
251 1.4037600755691528
252 1.3878984451293945
253 1.338316559791565
254 1.352835774421692
255 1.3630578517913818
256 1.475443720817566
257 1.3566278219223022
258 1.3707541227340698
259 1.3687920570373535
260 1.4084110260009766
261 1.4404475688934326
262 1.4189809560775757
263 1.4018195867538452
264 1.3670400381088257
265 1.4104804992675781
266 1.3949475288391113
267 1.3517998456954956
268 1.3820874691009521
269 1.3909742832183838
270 1.469770073890686
271 1.402482509613037
272 1.3400933742523193
273 1.3654849529266357
274 1.3612949848175049
275 1.3726028203964233
276 1.426468014717102
277 1.3257628679275513
278 1.378313422203064
279 1.384434700012207
280 1.3946590423583984
281 1.342328667640686
282 1.3779603242874146
283 1.3869009017944336
284 1.4010692834854126
285 1.3788387775421143
286 1.3680994510650635
287 1.438132643699646
288 1.336848497390747
289 1.3750431537628174
290 1.408647060394287
291 1.3412271738052368
292 1.3612780570983887
293 1.388572335243225
294 1.3980236053466797
295 1.4428220987319946
296 1.3798993825912476
297 1.3471301794052124
298 1.3659800291061401
299 1.3780792951583862
300 1.4112203121185303
301 1.3815253973007202
302 1.3824578523635864
303 1.4517561197280884
304 1.378334641456604
305 1.399156928062439
306 1.4208167791366577
307 1.3674663305282593
308 1.425002098083496
309 1.343571424484253
310 1.3819215297698975
311 1.3812414407730103
312 1.3782620429992676
313 1.3049423694610596
314 1.400830626487732
315 1.3466534614562988
316 1.3619203567504883
317 1.4251377582550049
318 1.414845585823059
319 1.4227577447891235
320 1.3759632110595703
321 1.3448857069015503
322 1.3571563959121704
323 1.405722975730896
324 1.4295306205749512
325 1.3740531206130981
326 1.3281656503677368
327 1.3556842803955078
328 1.3913935422897339
329 1.4873749017715454
330 1.416382074356079
331 1.399949312210083
332 1.3695423603057861
333 1.3512003421783447
334 1.3575562238693237
335 1.3783082962036133
336 1.3764058351516724
337 1.3379915952682495
338 1.3898018598556519
339 1.3614941835403442
340 1.3769662380218506
341 1.4233332872390747
342 1.382336139678955
343 1.3354253768920898
344 1.3501949310302734
345 1.3924522399902344
346 1.5074589252471924
347 1.4476743936538696
348 1.348833680152893
349 1.3428637981414795
350 1.3600136041641235
351 1.3727068901062012
352 1.3426352739334106
353 1.3731651306152344
354 1.3768750429153442
355 1.3195298910140991
356 1.37050199508667
357 1.3834967613220215
358 1.3335142135620117
359 1.3243451118469238
360 1.387492299079895
361 1.3842427730560303
362 1.3462738990783691
363 1.3950523138046265
364 1.3686871528625488
365 1.3670086860656738
366 1.4937257766723633
367 1.4829155206680298
368 1.3598395586013794
369 1.4403975009918213
370 1.3977179527282715
371 1.4037306308746338
372 1.371436595916748
373 1.3601112365722656
374 1.3737900257110596
375 1.4114638566970825
376 1.3904790878295898
377 1.3769043684005737
378 1.338484287261963
379 1.3706738948822021
380 1.3633772134780884
381 1.3376922607421875
382 1.343088984489441
383 1.3869836330413818
384 1.4771023988723755
385 1.4432059526443481
386 1.367236614227295
387 1.3359037637710571
388 1.4225924015045166
389 1.4466215372085571
390 1.3582379817962646
391 1.4133445024490356
392 1.3965344429016113
393 1.3884754180908203
394 1.3585262298583984
395 1.383955717086792
396 1.3793909549713135
397 1.3390414714813232
398 1.3899751901626587
399 1.3625620603561401
400 1.3203766345977783
