1 1.1480494737625122
2 0.927527666091919
3 0.761027991771698
4 0.6572900414466858
5 0.5833732485771179
6 0.5577470660209656
7 0.4928014874458313
8 0.458729088306427
9 0.42980509996414185
10 0.4010268449783325
11 0.39677363634109497
12 0.35270002484321594
13 0.3622114360332489
14 0.3292350172996521
15 0.3239089250564575
16 0.3387514650821686
17 0.3312070369720459
18 0.29395246505737305
19 0.31812721490859985
20 0.31234368681907654
21 0.29662764072418213
22 0.2945488393306732
23 0.2837417721748352
24 0.2674579620361328
25 0.2825028896331787
26 0.2893334627151489
27 0.26649314165115356
28 0.26445698738098145
29 0.30543389916419983
30 0.263865202665329
31 0.2519942820072174
32 0.26127737760543823
33 0.2575097978115082
34 0.26770684123039246
35 0.26433953642845154
36 0.255309522151947
37 0.24981556832790375
38 0.27177584171295166
39 0.2402745485305786
40 0.2618442177772522
41 0.2403501570224762
42 0.2635085880756378
43 0.2485058307647705
44 0.26301804184913635
45 0.23055456578731537
46 0.2586018145084381
47 0.2433411180973053
48 0.2552807927131653
49 0.2515832781791687
50 0.2601039707660675
51 0.23713557422161102
52 0.23487015068531036
53 0.2337108552455902
54 0.22658613324165344
55 0.23178285360336304
56 0.2316092848777771
57 0.2313166856765747
58 0.22337210178375244
59 0.25736474990844727
60 0.25206053256988525
61 0.22095134854316711
62 0.24616435170173645
63 0.2399388998746872
64 0.25324928760528564
65 0.23254536092281342
66 0.22261936962604523
67 0.2133118212223053
68 0.21357454359531403
69 0.23239874839782715
70 0.21955497562885284
71 0.23960579931735992
72 0.22507159411907196
73 0.20891788601875305
74 0.23455235362052917
75 0.2143111675977707
76 0.22276942431926727
77 0.242177352309227
78 0.21064598858356476
79 0.21944954991340637
80 0.21558482944965363
81 0.22593864798545837
82 0.22150205075740814
83 0.20212407410144806
84 0.21550339460372925
85 0.2031235545873642
86 0.2567494809627533
87 0.19419141113758087
88 0.2096385508775711
89 0.19702300429344177
90 0.2526709735393524
91 0.20241381227970123
92 0.1945379227399826
93 0.21707883477210999
94 0.20708629488945007
95 0.1920463591814041
96 0.1971740573644638
97 0.22528712451457977
98 0.23773406445980072
99 0.23226869106292725
100 0.2288173884153366
101 0.20453476905822754
102 0.20691005885601044
103 0.1949920505285263
104 0.20323991775512695
105 0.19319744408130646
106 0.22411507368087769
107 0.2121717631816864
108 0.19661100208759308
109 0.23948335647583008
110 0.20388762652873993
111 0.18636371195316315
112 0.21034851670265198
113 0.18409892916679382
114 0.22309157252311707
115 0.21191449463367462
116 0.2128942608833313
117 0.19880737364292145
118 0.2171495407819748
119 0.19373060762882233
120 0.21622437238693237
121 0.1987658143043518
122 0.18409955501556396
123 0.17079639434814453
124 0.1909233033657074
125 0.20143303275108337
126 0.19440872967243195
127 0.19708001613616943
128 0.19673654437065125
129 0.18803352117538452
130 0.20950371026992798
131 0.21074213087558746
132 0.21218432486057281
133 0.17957353591918945
134 0.24801157414913177
135 0.19636473059654236
136 0.17736536264419556
137 0.18387754261493683
138 0.2105492502450943
139 0.20366501808166504
140 0.1907643973827362
141 0.22003653645515442
142 0.1818375587463379
143 0.20905284583568573
144 0.16560249030590057
145 0.2076219767332077
146 0.18115867674350739
147 0.1738954335451126
148 0.20251986384391785
149 0.20324617624282837
150 0.20538106560707092
151 0.19769257307052612
152 0.19364702701568604
153 0.17630493640899658
154 0.19331219792366028
155 0.20449525117874146
156 0.19925595819950104
157 0.188597172498703
158 0.18006514012813568
159 0.18229210376739502
160 0.19163714349269867
161 0.17253050208091736
162 0.19230614602565765
163 0.19010768830776215
164 0.1765304058790207
165 0.1954064965248108
166 0.1914345771074295
167 0.2097206860780716
168 0.17995086312294006
169 0.19845356047153473
170 0.20325952768325806
171 0.18309789896011353
172 0.19316883385181427
173 0.19123877584934235
174 0.19762474298477173
175 0.1759345978498459
176 0.202577143907547
177 0.1759658008813858
178 0.18226200342178345
179 0.18336541950702667
180 0.17348802089691162
181 0.17681017518043518
182 0.19514521956443787
183 0.2005290985107422
184 0.1692415177822113
185 0.18064257502555847
186 0.18540041148662567
187 0.17079371213912964
188 0.18022140860557556
189 0.23711548745632172
190 0.16048258543014526
191 0.18840926885604858
192 0.18459974229335785
193 0.21121488511562347
194 0.1885470449924469
195 0.1873355209827423
196 0.1830255091190338
197 0.19599756598472595
198 0.1970086395740509
199 0.16938315331935883
200 0.16448955237865448
