1 1.2505147457122803
2 1.2283962965011597
3 1.2327626943588257
4 1.255798578262329
5 1.216318130493164
6 1.2957148551940918
7 1.2356950044631958
8 1.2280278205871582
9 1.2240005731582642
10 1.2205957174301147
11 1.2279061079025269
12 1.2457562685012817
13 1.2181752920150757
14 1.2415918111801147
15 1.220320224761963
16 1.2617855072021484
17 1.2317208051681519
18 1.2260887622833252
19 1.2364933490753174
20 1.236718773841858
21 1.223284363746643
22 1.2265726327896118
23 1.2243273258209229
24 1.2513768672943115
25 1.2379902601242065
26 1.2319639921188354
27 1.2415398359298706
28 1.2488399744033813
29 1.2385579347610474
30 1.2556569576263428
31 1.2619143724441528
32 1.219842791557312
33 1.2406518459320068
34 1.227795124053955
35 1.2385674715042114
36 1.256643533706665
37 1.2307366132736206
38 1.2415826320648193
39 1.2259061336517334
40 1.225658655166626
41 1.2235033512115479
42 1.2503924369812012
43 1.2702313661575317
44 1.2257730960845947
45 1.253179907798767
46 1.2289859056472778
47 1.2179902791976929
48 1.2616207599639893
49 1.2433485984802246
50 1.2301138639450073
51 1.245699405670166
52 1.2328768968582153
53 1.269555926322937
54 1.2180242538452148
55 1.246940016746521
56 1.236356258392334
57 1.2361338138580322
58 1.2240979671478271
59 1.2366067171096802
60 1.2388778924942017
61 1.2271506786346436
62 1.2719039916992188
63 1.2261576652526855
64 1.225988507270813
65 1.2523425817489624
66 1.2505673170089722
67 1.2476921081542969
68 1.22567880153656
69 1.244107961654663
70 1.226760983467102
71 1.2201696634292603
72 1.234818696975708
73 1.2312599420547485
74 1.2346465587615967
75 1.234308123588562
76 1.250186800956726
77 1.2381463050842285
78 1.2177817821502686
79 1.247011661529541
80 1.2569512128829956
81 1.2243270874023438
82 1.2419565916061401
83 1.2232835292816162
84 1.2260148525238037
85 1.2313382625579834
86 1.2293977737426758
87 1.248783826828003
88 1.2399982213974
89 1.2315857410430908
90 1.2394415140151978
91 1.2358533143997192
92 1.2379100322723389
93 1.2683348655700684
94 1.2446389198303223
95 1.2437613010406494
96 1.2565737962722778
97 1.2294058799743652
98 1.24686598777771
99 1.245631217956543
100 1.2418769598007202
101 1.2393383979797363
102 1.2207468748092651
103 1.2179604768753052
104 1.2205837965011597
105 1.2360854148864746
106 1.2369366884231567
107 1.2150477170944214
108 1.2067720890045166
109 1.232321858406067
110 1.2368855476379395
111 1.2316741943359375
112 1.2062863111495972
113 1.2315117120742798
114 1.2241843938827515
115 1.2381702661514282
116 1.2478251457214355
117 1.2467753887176514
118 1.2253659963607788
119 1.2333242893218994
120 1.2660243511199951
121 1.2429336309432983
122 1.2250503301620483
123 1.2355550527572632
124 1.2806789875030518
125 1.230102300643921
126 1.2615604400634766
127 1.2391575574874878
128 1.2158417701721191
129 1.2302747964859009
130 1.2272197008132935
131 1.2333400249481201
132 1.2384366989135742
133 1.2520780563354492
134 1.2332191467285156
135 1.2297642230987549
136 1.2272679805755615
137 1.2302125692367554
138 1.25240957736969
139 1.2214328050613403
140 1.2235409021377563
141 1.243930697441101
142 1.246840476989746
143 1.221987247467041
144 1.2409604787826538
145 1.2297836542129517
146 1.2201257944107056
147 1.233115315437317
148 1.2168564796447754
149 1.2410783767700195
150 1.2442302703857422
151 1.2418725490570068
152 1.2252238988876343
153 1.2314863204956055
154 1.2261229753494263
155 1.2289079427719116
156 1.234259009361267
157 1.226141095161438
158 1.221230149269104
159 1.2509644031524658
160 1.237067461013794
161 1.227183222770691
162 1.2368508577346802
163 1.2336963415145874
164 1.2321697473526
165 1.2486034631729126
166 1.2594046592712402
167 1.2257721424102783
168 1.231750726699829
169 1.229039192199707
170 1.2319209575653076
171 1.2471286058425903
172 1.2519686222076416
173 1.2375599145889282
174 1.2370063066482544
175 1.2316714525222778
176 1.2412909269332886
177 1.2374168634414673
178 1.2437448501586914
179 1.2439483404159546
180 1.2209196090698242
181 1.2463603019714355
182 1.2511993646621704
183 1.232100009918213
184 1.2469301223754883
185 1.2334944009780884
186 1.2268054485321045
187 1.2384755611419678
188 1.2326912879943848
189 1.2122360467910767
190 1.244565725326538
191 1.240026593208313
192 1.2441551685333252
193 1.2380459308624268
194 1.2381001710891724
195 1.2197755575180054
196 1.2397047281265259
197 1.2535978555679321
198 1.238062858581543
199 1.2254225015640259
200 1.2494311332702637
