1 1.454452395439148
2 1.2414546012878418
3 1.257076621055603
4 1.2540135383605957
5 1.30495285987854
6 1.2475529909133911
7 1.2444922924041748
8 1.2362682819366455
9 1.244624376296997
10 1.2197717428207397
11 1.2480665445327759
12 1.2438535690307617
13 1.2395285367965698
14 1.2660835981369019
15 1.218754529953003
16 1.2339322566986084
17 1.2428488731384277
18 1.239551305770874
19 1.2197632789611816
20 1.226766586303711
21 1.2403273582458496
22 1.2318838834762573
23 1.2234482765197754
24 1.2216709852218628
25 1.2310596704483032
26 1.264034628868103
27 1.229102611541748
28 1.2388453483581543
29 1.2226296663284302
30 1.274724006652832
31 1.2290784120559692
32 1.2349318265914917
33 1.2458770275115967
34 1.2551919221878052
35 1.2315460443496704
36 1.2400590181350708
37 1.2515616416931152
38 1.2131962776184082
39 1.231445550918579
40 1.2312082052230835
41 1.2224236726760864
42 1.2345598936080933
43 1.2580747604370117
44 1.2705622911453247
45 1.2301361560821533
46 1.222297191619873
47 1.2514142990112305
48 1.2465921640396118
49 1.238046646118164
50 1.2277405261993408
51 1.2375978231430054
52 1.2373886108398438
53 1.2262749671936035
54 1.2347745895385742
55 1.2308520078659058
56 1.2262471914291382
57 1.2497663497924805
58 1.2385057210922241
59 1.244478702545166
60 1.2314305305480957
61 1.233728289604187
62 1.249544620513916
63 1.2208455801010132
64 1.2508221864700317
65 1.2267168760299683
66 1.2471842765808105
67 1.236459732055664
68 1.229016661643982
69 1.2362031936645508
70 1.3026399612426758
71 1.2397048473358154
72 1.2382673025131226
73 1.2265125513076782
74 1.2448254823684692
75 1.242055892944336
76 1.2510030269622803
77 1.2567551136016846
78 1.2476047277450562
79 1.2212870121002197
80 1.2300403118133545
81 1.2147300243377686
82 1.2269492149353027
83 1.2524198293685913
84 1.2242803573608398
85 1.2357094287872314
86 1.2276456356048584
87 1.2516831159591675
88 1.2289079427719116
89 1.2182562351226807
90 1.2285692691802979
91 1.2354925870895386
92 1.277741551399231
93 1.2442748546600342
94 1.2453134059906006
95 1.2800240516662598
96 1.242168664932251
97 1.2424664497375488
98 1.2355526685714722
99 1.223701000213623
100 1.2190699577331543
101 1.2222836017608643
102 1.2321702241897583
103 1.2359623908996582
104 1.2278165817260742
105 1.2180862426757812
106 1.2398868799209595
107 1.2122641801834106
108 1.2478951215744019
109 1.253156304359436
110 1.233572006225586
111 1.2211008071899414
112 1.2504833936691284
113 1.2247296571731567
114 1.219961404800415
115 1.2146745920181274
116 1.227670431137085
117 1.2471227645874023
118 1.2311843633651733
119 1.2289434671401978
120 1.235447645187378
121 1.2471407651901245
122 1.2342332601547241
123 1.2240879535675049
124 1.2470453977584839
125 1.238185167312622
126 1.230759620666504
127 1.2229342460632324
128 1.230547547340393
129 1.2155430316925049
130 1.2390305995941162
131 1.2278681993484497
132 1.2275667190551758
133 1.21908700466156
134 1.236926794052124
135 1.2507275342941284
136 1.240010142326355
137 1.2465758323669434
138 1.2334142923355103
139 1.228930115699768
140 1.2132012844085693
141 1.2400109767913818
142 1.2220556735992432
143 1.2257041931152344
144 1.2294574975967407
145 1.2206201553344727
146 1.2454732656478882
147 1.2425816059112549
148 1.2324587106704712
149 1.234094262123108
150 1.232915997505188
151 1.2408515214920044
152 1.2348029613494873
153 1.241042971611023
154 1.2288786172866821
155 1.230107069015503
156 1.2284730672836304
157 1.2397074699401855
158 1.2336854934692383
159 1.2190849781036377
160 1.2256391048431396
161 1.2307766675949097
162 1.2448006868362427
163 1.2354800701141357
164 1.2279539108276367
165 1.2302783727645874
166 1.2315995693206787
167 1.235592246055603
168 1.2285182476043701
169 1.2257647514343262
170 1.2322136163711548
171 1.2390813827514648
172 1.2314503192901611
173 1.252925157546997
174 1.2374829053878784
175 1.2429792881011963
176 1.2437788248062134
177 1.260573148727417
178 1.2440996170043945
179 1.2222001552581787
180 1.2128196954727173
181 1.2314010858535767
182 1.2488009929656982
183 1.2388654947280884
184 1.2373120784759521
185 1.2298054695129395
186 1.2269550561904907
187 1.230602502822876
188 1.229000449180603
189 1.2202616930007935
190 1.2352815866470337
191 1.243880271911621
192 1.2687746286392212
193 1.24254310131073
194 1.2355881929397583
195 1.2451598644256592
196 1.2328479290008545
197 1.2318508625030518
198 1.2665337324142456
199 1.2208226919174194
200 1.2159043550491333
201 1.2206504344940186
202 1.233008623123169
203 1.2335091829299927
204 1.237036943435669
205 1.2505176067352295
206 1.2501808404922485
207 1.2555230855941772
208 1.2346795797348022
209 1.2557734251022339
210 1.263260841369629
211 1.22510826587677
212 1.2387579679489136
213 1.225436806678772
214 1.2420071363449097
215 1.2236014604568481
216 1.234506607055664
217 1.2452534437179565
218 1.2413266897201538
219 1.2456997632980347
220 1.2213749885559082
221 1.2499479055404663
222 1.2251813411712646
223 1.2374058961868286
224 1.2246999740600586
225 1.2422529458999634
226 1.2385814189910889
227 1.2299038171768188
228 1.2389154434204102
229 1.2417755126953125
230 1.2310266494750977
231 1.2175791263580322
232 1.2391681671142578
233 1.2363955974578857
234 1.2588154077529907
235 1.2268444299697876
236 1.2332327365875244
237 1.2390779256820679
238 1.2566033601760864
239 1.2279824018478394
240 1.238602876663208
241 1.2254939079284668
242 1.2196367979049683
243 1.2303146123886108
244 1.2180960178375244
245 1.2341748476028442
246 1.2368518114089966
247 1.2379028797149658
248 1.2246590852737427
249 1.231899619102478
250 1.2383209466934204
251 1.2224498987197876
252 1.234214425086975
253 1.2566893100738525
254 1.2503348588943481
255 1.2175899744033813
256 1.230482578277588
257 1.226565957069397
258 1.2546777725219727
259 1.2313272953033447
260 1.2316194772720337
261 1.2168751955032349
262 1.2493784427642822
263 1.2485007047653198
264 1.2536613941192627
265 1.2462068796157837
266 1.2659614086151123
267 1.2488538026809692
268 1.260050892829895
269 1.231367826461792
270 1.2203342914581299
271 1.2342559099197388
272 1.2415350675582886
273 1.256709098815918
274 1.399064302444458
275 1.2320525646209717
276 1.2324435710906982
277 1.2585575580596924
278 1.243142008781433
279 1.2302228212356567
280 1.2324349880218506
281 1.2486233711242676
282 1.2284963130950928
283 1.2319226264953613
284 1.2281973361968994
285 1.2391431331634521
286 1.2182542085647583
287 1.2345168590545654
288 1.2283215522766113
289 1.264529824256897
290 1.2393921613693237
291 1.2276259660720825
292 1.226473093032837
293 1.2424999475479126
294 1.2162625789642334
295 1.2297852039337158
296 1.2413493394851685
297 1.227110743522644
298 1.2336148023605347
299 1.2246942520141602
300 1.224113941192627
301 1.2307368516921997
302 1.2358800172805786
303 1.2338682413101196
304 1.2455458641052246
305 1.241161584854126
306 1.2335301637649536
307 1.2429991960525513
308 1.22850501537323
309 1.253707766532898
310 1.252828598022461
311 1.2529654502868652
312 1.22063148021698
313 1.223573088645935
314 1.2527401447296143
315 1.2150516510009766
316 1.236955165863037
317 1.218902826309204
318 1.2290329933166504
319 1.2270419597625732
320 1.2273194789886475
321 1.2322365045547485
322 1.2226346731185913
323 1.2241579294204712
324 1.2467492818832397
325 1.2435591220855713
326 1.23917818069458
327 1.255951166152954
328 1.227359414100647
329 1.2470616102218628
330 1.2217485904693604
331 1.2423303127288818
332 1.228454828262329
333 1.238250970840454
334 1.219865083694458
335 1.2114468812942505
336 1.2182667255401611
337 1.2545313835144043
338 1.242966890335083
339 1.2495372295379639
340 1.2199229001998901
341 1.2318352460861206
342 1.2432841062545776
343 1.232528567314148
344 1.235029697418213
345 1.225340723991394
346 1.2469121217727661
347 1.2253862619400024
348 1.2378120422363281
349 1.2472857236862183
350 1.2202383279800415
351 1.2378400564193726
352 1.2412415742874146
353 1.237033724784851
354 1.235672950744629
355 1.2341927289962769
356 1.236762523651123
357 1.227398157119751
358 1.2360323667526245
359 1.2262431383132935
360 1.2242029905319214
361 1.2303451299667358
362 1.232224702835083
363 1.2328152656555176
364 1.2099827527999878
365 1.240288496017456
366 1.2283035516738892
367 1.2443369626998901
368 1.2210428714752197
369 1.256026268005371
370 1.2339558601379395
371 1.2217419147491455
372 1.244682788848877
373 1.2537449598312378
374 1.2388420104980469
375 1.2477580308914185
376 1.24745512008667
377 1.227482557296753
378 1.2500602006912231
379 1.228963017463684
380 1.2190041542053223
381 1.2356352806091309
382 1.2290385961532593
383 1.243245244026184
384 1.2235703468322754
385 1.229782223701477
386 1.2222806215286255
387 1.2322065830230713
388 1.2328009605407715
389 1.2212899923324585
390 1.2424739599227905
391 1.2418848276138306
392 1.22757089138031
393 1.2307848930358887
394 1.2703334093093872
395 1.244835376739502
396 1.2441927194595337
397 1.2326712608337402
398 1.2325092554092407
399 1.2239041328430176
400 1.2208386659622192
