1 1.2615911960601807
2 1.1890538930892944
3 1.183448076248169
4 1.1818432807922363
5 1.1746734380722046
6 1.1611331701278687
7 1.1360174417495728
8 1.0980573892593384
9 1.0517734289169312
10 1.0076133012771606
11 0.9633645415306091
12 0.9246917366981506
13 0.8911294937133789
14 0.8600203394889832
15 0.8327929973602295
16 0.8077182173728943
17 0.7860204577445984
18 0.7638428211212158
19 0.7462080121040344
20 0.7285475730895996
21 0.7133365273475647
22 0.698097288608551
23 0.685971200466156
24 0.6728972792625427
25 0.6619172096252441
26 0.650756299495697
27 0.6412887573242188
28 0.6317602396011353
29 0.6236591935157776
30 0.6158129572868347
31 0.6063664555549622
32 0.6014743447303772
33 0.5929551124572754
34 0.5880618095397949
35 0.5813053846359253
36 0.5743998289108276
37 0.5699119567871094
38 0.5632240772247314
39 0.5594349503517151
40 0.552701473236084
41 0.5482925176620483
42 0.5432846546173096
43 0.5388542413711548
44 0.53362637758255
45 0.5293905735015869
46 0.5249494314193726
47 0.5197468996047974
48 0.5162156224250793
49 0.5114789009094238
50 0.5073780417442322
51 0.5027938485145569
52 0.4990691542625427
53 0.49415454268455505
54 0.489850252866745
55 0.4856114089488983
56 0.48125743865966797
57 0.47601714730262756
58 0.4723265469074249
59 0.4683161675930023
60 0.46486106514930725
61 0.45916441082954407
62 0.4547554552555084
63 0.4514683783054352
64 0.4467766582965851
65 0.4414183497428894
66 0.4381895959377289
67 0.4334264397621155
68 0.4287773072719574
69 0.4237145185470581
70 0.4208114743232727
71 0.41535741090774536
72 0.41274040937423706
73 0.407328724861145
74 0.4033623933792114
75 0.3981912434101105
76 0.39469659328460693
77 0.3898523449897766
78 0.38578981161117554
79 0.38250210881233215
80 0.37724772095680237
81 0.3735264837741852
82 0.3708457052707672
83 0.36548835039138794
84 0.36136046051979065
85 0.3595157265663147
86 0.35392504930496216
87 0.35118862986564636
88 0.34783419966697693
89 0.3443024754524231
90 0.34102991223335266
91 0.33703356981277466
92 0.3337770402431488
93 0.3302391469478607
94 0.3277372419834137
95 0.3248818814754486
96 0.32175543904304504
97 0.319106787443161
98 0.3157721757888794
99 0.31392213702201843
100 0.3111138939857483
101 0.3081180155277252
102 0.3060809373855591
103 0.30429765582084656
104 0.30186727643013
105 0.3001828193664551
106 0.2977098524570465
107 0.29463157057762146
108 0.2938687801361084
109 0.29041728377342224
110 0.28930723667144775
111 0.287623792886734
112 0.28561341762542725
113 0.2855433225631714
114 0.28280940651893616
115 0.2812466025352478
116 0.2782834470272064
117 0.2776840031147003
118 0.2763760983943939
119 0.27404481172561646
120 0.2716095745563507
121 0.2719780504703522
122 0.26990029215812683
123 0.26895904541015625
124 0.2675727307796478
125 0.2664259970188141
126 0.26507624983787537
127 0.26320287585258484
128 0.2620775103569031
129 0.2607470750808716
130 0.26183778047561646
131 0.2590407133102417
132 0.25760337710380554
133 0.25747933983802795
134 0.2562830448150635
135 0.2554323077201843
136 0.25276845693588257
137 0.2523939907550812
138 0.2523515820503235
139 0.2514994144439697
140 0.2498684525489807
141 0.24892190098762512
142 0.2481364756822586
143 0.24692058563232422
144 0.24673178791999817
145 0.24569642543792725
146 0.2450481653213501
147 0.2451271265745163
148 0.24304530024528503
149 0.2426396608352661
150 0.24164703488349915
151 0.241446852684021
152 0.24000680446624756
153 0.2379755675792694
154 0.23873308300971985
155 0.23869416117668152
156 0.23708540201187134
157 0.23664243519306183
158 0.23655249178409576
159 0.23577147722244263
160 0.23554041981697083
161 0.23435890674591064
162 0.23304645717144012
163 0.23313502967357635
164 0.23080138862133026
165 0.23331768810749054
166 0.23182620108127594
167 0.23007544875144958
168 0.22962477803230286
169 0.2286997139453888
170 0.22776348888874054
171 0.22915394604206085
172 0.22723719477653503
173 0.22797073423862457
174 0.2266528457403183
175 0.22502924501895905
176 0.22493179142475128
177 0.22426959872245789
178 0.22522279620170593
179 0.22468101978302002
180 0.22398807108402252
181 0.2234017252922058
182 0.22209693491458893
183 0.22232724726200104
184 0.2210928052663803
185 0.22031819820404053
186 0.22060874104499817
187 0.21912598609924316
188 0.2195151448249817
189 0.2189960926771164
190 0.21916164457798004
191 0.21730124950408936
192 0.21770940721035004
193 0.21664126217365265
194 0.21605390310287476
195 0.21509459614753723
196 0.21573467552661896
197 0.21499495208263397
198 0.2147057056427002
199 0.21449612081050873
200 0.21395820379257202
201 0.21289297938346863
202 0.21483935415744781
203 0.21279050409793854
204 0.21215127408504486
205 0.2111557424068451
206 0.21215012669563293
207 0.21296289563179016
208 0.20974670350551605
209 0.21032682061195374
210 0.20946148037910461
211 0.2099190503358841
212 0.20933516323566437
213 0.20876434445381165
214 0.20935280621051788
215 0.20697373151779175
216 0.20744489133358002
217 0.2082120180130005
218 0.2076646238565445
219 0.20586347579956055
220 0.2059614062309265
221 0.20757931470870972
222 0.20609208941459656
223 0.20614822208881378
224 0.20606102049350739
225 0.20370528101921082
226 0.20359262824058533
227 0.20431864261627197
228 0.20404376089572906
229 0.20414410531520844
230 0.2032899707555771
231 0.20218001306056976
232 0.20235395431518555
233 0.20273423194885254
234 0.2011251300573349
235 0.2022518664598465
236 0.20087233185768127
237 0.20099590718746185
238 0.20030362904071808
239 0.20092977583408356
240 0.1999821662902832
241 0.19974912703037262
242 0.2001628577709198
243 0.19927763938903809
244 0.19814640283584595
245 0.19961810111999512
246 0.19786743819713593
247 0.19791170954704285
248 0.1977408528327942
249 0.1980661153793335
250 0.19866392016410828
251 0.197142094373703
252 0.1965763121843338
253 0.1966719627380371
254 0.1952759027481079
255 0.19513744115829468
256 0.1960231363773346
257 0.1959669440984726
258 0.19553811848163605
259 0.1947820782661438
260 0.19422955811023712
261 0.19419528543949127
262 0.19342511892318726
263 0.19330187141895294
264 0.19354133307933807
265 0.19261381030082703
266 0.19072842597961426
267 0.19315852224826813
268 0.19176805019378662
269 0.19290858507156372
270 0.19219714403152466
271 0.19308911263942719
272 0.19063378870487213
273 0.19251768290996552
274 0.18970738351345062
275 0.19187135994434357
276 0.18929745256900787
277 0.19024024903774261
278 0.18997614085674286
279 0.1905670166015625
280 0.1893412321805954
281 0.18864823877811432
282 0.18918226659297943
283 0.18810690939426422
284 0.18841707706451416
285 0.1883743703365326
286 0.1876898556947708
287 0.18812379240989685
288 0.18689687550067902
289 0.18776476383209229
290 0.18861548602581024
291 0.18687458336353302
292 0.18733853101730347
293 0.18690629303455353
294 0.18555058538913727
295 0.1863255649805069
296 0.187034010887146
297 0.18519994616508484
298 0.18515267968177795
299 0.18664836883544922
300 0.18461398780345917
301 0.18536105751991272
302 0.1835366040468216
303 0.18448369204998016
304 0.18364620208740234
305 0.18412847816944122
306 0.1834021508693695
307 0.18353474140167236
308 0.18377700448036194
309 0.18286168575286865
310 0.18258875608444214
311 0.18319909274578094
312 0.1826760619878769
313 0.1818205863237381
314 0.18387824296951294
315 0.1813671588897705
316 0.18312355875968933
317 0.1823054850101471
318 0.18065908551216125
319 0.18066322803497314
320 0.17980222404003143
321 0.18107393383979797
322 0.17995616793632507
323 0.1804976910352707
324 0.18024727702140808
325 0.1788352131843567
326 0.17926034331321716
327 0.18003655970096588
328 0.17992815375328064
329 0.1799338161945343
330 0.17786090075969696
331 0.17860062420368195
332 0.17671933770179749
333 0.1786346435546875
334 0.17760369181632996
335 0.1779591292142868
336 0.17780987918376923
337 0.1770671308040619
338 0.17771552503108978
339 0.17747460305690765
340 0.1759960800409317
341 0.17722944915294647
342 0.17710153758525848
343 0.175460085272789
344 0.17632292211055756
345 0.17599694430828094
346 0.17472770810127258
347 0.1757752001285553
348 0.17595213651657104
349 0.17728084325790405
350 0.1742229163646698
351 0.17473557591438293
352 0.17461879551410675
353 0.17241771519184113
354 0.17396461963653564
355 0.17338429391384125
356 0.17388521134853363
357 0.17308123409748077
358 0.17273715138435364
359 0.17481128871440887
360 0.1731812208890915
361 0.1734197735786438
362 0.17211386561393738
363 0.17301948368549347
364 0.17182466387748718
365 0.17307770252227783
366 0.17244963347911835
367 0.17129050195217133
368 0.17190571129322052
369 0.17095716297626495
370 0.17164194583892822
371 0.17103448510169983
372 0.17178760468959808
373 0.17026416957378387
374 0.17115071415901184
375 0.17039375007152557
376 0.16984322667121887
377 0.16949990391731262
378 0.17032136023044586
379 0.16884629428386688
380 0.16987711191177368
381 0.16864901781082153
382 0.1684470921754837
383 0.16877441108226776
384 0.1681521087884903
385 0.16964735090732574
386 0.16848568618297577
387 0.16916389763355255
388 0.16771063208580017
389 0.16753341257572174
390 0.16849499940872192
391 0.16842728853225708
392 0.17120392620563507
393 0.16686473786830902
394 0.16691841185092926
395 0.16759514808654785
396 0.16638994216918945
397 0.16699084639549255
398 0.1671067476272583
399 0.16765211522579193
400 0.16622823476791382
401 0.16668038070201874
402 0.16519735753536224
403 0.16660849750041962
404 0.16627086699008942
405 0.16565892100334167
406 0.16619642078876495
407 0.16442301869392395
408 0.1660424768924713
409 0.16508209705352783
410 0.16467560827732086
411 0.16502924263477325
412 0.16552646458148956
413 0.1645556092262268
414 0.16284939646720886
415 0.16383714973926544
416 0.16503901779651642
417 0.16338224709033966
418 0.1628762185573578
419 0.16316765546798706
420 0.16286435723304749
421 0.1635199785232544
422 0.16360919177532196
423 0.16235709190368652
424 0.16240710020065308
425 0.16300371289253235
426 0.16374841332435608
427 0.16312497854232788
428 0.16248193383216858
429 0.16231565177440643
430 0.1610759049654007
431 0.1620871126651764
432 0.16053567826747894
433 0.16089379787445068
434 0.15978969633579254
435 0.16096125543117523
436 0.16209931671619415
437 0.15991224348545074
438 0.1608351618051529
439 0.15991437435150146
440 0.15979760885238647
441 0.1608014553785324
442 0.162189781665802
443 0.1592072993516922
444 0.1590055376291275
445 0.15946419537067413
446 0.1596042662858963
447 0.15849053859710693
448 0.16047416627407074
449 0.1590481847524643
450 0.1586395502090454
451 0.15967264771461487
452 0.15892742574214935
453 0.15802524983882904
454 0.15779396891593933
455 0.1576656997203827
456 0.15871214866638184
457 0.15720011293888092
458 0.15819430351257324
459 0.15640360116958618
460 0.15875791013240814
461 0.15788868069648743
462 0.15815718472003937
463 0.15657921135425568
464 0.15787264704704285
465 0.15627284348011017
466 0.1570686250925064
467 0.15689006447792053
468 0.15698368847370148
469 0.15697912871837616
470 0.15452708303928375
471 0.1556326448917389
472 0.15624365210533142
473 0.15580077469348907
474 0.15362690389156342
475 0.156123086810112
476 0.15539871156215668
477 0.15592727065086365
478 0.15543349087238312
479 0.1545717716217041
480 0.15678104758262634
481 0.1542547196149826
482 0.15551717579364777
483 0.15342627465724945
484 0.15575481951236725
485 0.1529269814491272
486 0.1548434942960739
487 0.1535736620426178
488 0.15409323573112488
489 0.15468059480190277
490 0.15279115736484528
491 0.1538993865251541
492 0.15170830488204956
493 0.15474100410938263
494 0.1517573595046997
495 0.15302662551403046
496 0.15237312018871307
497 0.1519608199596405
498 0.15239356458187103
499 0.1530095934867859
500 0.1506347954273224
501 0.1522287279367447
502 0.15308479964733124
503 0.1509886384010315
504 0.15102481842041016
505 0.15161433815956116
506 0.14978863298892975
507 0.15027956664562225
508 0.15087278187274933
509 0.15286937355995178
510 0.15157124400138855
511 0.15026360750198364
512 0.1505167931318283
513 0.150640606880188
514 0.15007072687149048
515 0.15044018626213074
516 0.15011997520923615
517 0.15041251480579376
518 0.1509445309638977
519 0.14923352003097534
520 0.1483125537633896
521 0.15015608072280884
522 0.14828534424304962
523 0.15012609958648682
524 0.14992786943912506
525 0.14966870844364166
526 0.14980043470859528
527 0.1481361836194992
528 0.1481555998325348
529 0.14832589030265808
530 0.1485024094581604
531 0.14807426929473877
532 0.14780466258525848
533 0.14789481461048126
534 0.14829537272453308
535 0.1481158584356308
536 0.1484425961971283
537 0.14830155670642853
538 0.1481974571943283
539 0.1464279443025589
540 0.1475982964038849
541 0.14821743965148926
542 0.14779062569141388
543 0.14697277545928955
544 0.14623326063156128
545 0.14532238245010376
546 0.147499680519104
547 0.14719751477241516
548 0.14583440124988556
549 0.14751221239566803
550 0.145494744181633
551 0.1467338353395462
552 0.14643190801143646
553 0.14593976736068726
554 0.14614146947860718
555 0.14565660059452057
556 0.14642490446567535
557 0.14629337191581726
558 0.14550529420375824
559 0.14459627866744995
560 0.14574465155601501
561 0.1450989842414856
562 0.14867524802684784
563 0.1446319818496704
564 0.14516416192054749
565 0.14557091891765594
566 0.14520937204360962
567 0.14407600462436676
568 0.1438439041376114
569 0.1444929987192154
570 0.14287351071834564
571 0.14334148168563843
572 0.14387886226177216
573 0.1436200886964798
574 0.14470770955085754
575 0.14420638978481293
576 0.14193351566791534
577 0.14373549818992615
578 0.1429978907108307
579 0.1440631002187729
580 0.14438381791114807
581 0.14295898377895355
582 0.14282971620559692
583 0.14270614087581635
584 0.14189261198043823
585 0.14383740723133087
586 0.14401383697986603
587 0.14267006516456604
588 0.14097748696804047
589 0.14188647270202637
590 0.14180609583854675
591 0.1421247124671936
592 0.14206641912460327
593 0.14309285581111908
594 0.1415490210056305
595 0.1426897644996643
596 0.14175459742546082
597 0.14249582588672638
598 0.14243878424167633
599 0.14187227189540863
600 0.14194251596927643
601 0.14071747660636902
602 0.1426922082901001
603 0.14229589700698853
604 0.1417209655046463
605 0.14121343195438385
606 0.14094948768615723
607 0.14001937210559845
608 0.14049622416496277
609 0.14016792178153992
610 0.14054635167121887
611 0.14156469702720642
612 0.13939204812049866
613 0.1402481347322464
614 0.14007265865802765
615 0.14008332788944244
616 0.13918137550354004
617 0.13935242593288422
618 0.14068230986595154
619 0.14090503752231598
620 0.13992169499397278
621 0.13893529772758484
622 0.14005999267101288
623 0.1387121081352234
624 0.13988235592842102
625 0.13913284242153168
626 0.13909628987312317
627 0.1416698545217514
628 0.13987120985984802
629 0.13817676901817322
630 0.13791975378990173
631 0.13928145170211792
632 0.13919655978679657
633 0.1394239217042923
634 0.1378495693206787
635 0.13816314935684204
636 0.1386817991733551
637 0.13812904059886932
638 0.13809360563755035
639 0.13712549209594727
640 0.1375841349363327
641 0.13934776186943054
642 0.13757607340812683
643 0.13821153342723846
644 0.13701856136322021
645 0.13729950785636902
646 0.1372939944267273
647 0.1382477730512619
648 0.1389988213777542
649 0.13731878995895386
650 0.13794218003749847
651 0.13808350265026093
652 0.13759063184261322
653 0.13782986998558044
654 0.13723444938659668
655 0.13877376914024353
656 0.135087788105011
657 0.13731548190116882
658 0.13796038925647736
659 0.13463245332241058
660 0.1366397738456726
661 0.1355036348104477
662 0.13659733533859253
663 0.13643348217010498
664 0.13698337972164154
665 0.13645555078983307
666 0.13631968200206757
667 0.1374596357345581
668 0.1357192099094391
669 0.136532723903656
670 0.13561056554317474
671 0.13664844632148743
672 0.13543060421943665
673 0.13530920445919037
674 0.13432809710502625
675 0.13479875028133392
676 0.13522446155548096
677 0.1345619112253189
678 0.1365269124507904
679 0.13561630249023438
680 0.13624656200408936
681 0.1345003843307495
682 0.13626529276371002
683 0.1348198503255844
684 0.1345234513282776
685 0.1332479864358902
686 0.1348913311958313
687 0.1331435590982437
688 0.13417606055736542
689 0.13550661504268646
690 0.1346423625946045
691 0.13457125425338745
692 0.13488303124904633
693 0.13401255011558533
694 0.13538020849227905
695 0.13481837511062622
696 0.13480235636234283
697 0.13499858975410461
698 0.1325312852859497
699 0.13405077159404755
700 0.13529835641384125
701 0.13390229642391205
702 0.13248485326766968
703 0.13499169051647186
704 0.1339891105890274
705 0.13431935012340546
706 0.13328903913497925
707 0.1327372044324875
708 0.13336989283561707
709 0.13374052941799164
710 0.1324085295200348
711 0.13299813866615295
712 0.13244211673736572
713 0.13345393538475037
714 0.13197645545005798
715 0.13224177062511444
716 0.13124951720237732
717 0.133378267288208
718 0.13292542099952698
719 0.1313813477754593
720 0.13247132301330566
721 0.13297224044799805
722 0.1321699321269989
723 0.13320228457450867
724 0.13296565413475037
725 0.13292810320854187
726 0.13192443549633026
727 0.13180384039878845
728 0.13264955580234528
729 0.13226789236068726
730 0.13422954082489014
731 0.13104897737503052
732 0.13273288309574127
733 0.13302820920944214
734 0.13198110461235046
735 0.13103990256786346
736 0.13161370158195496
737 0.13198930025100708
738 0.13126488029956818
739 0.13081422448158264
740 0.1318376660346985
741 0.12948867678642273
742 0.13068416714668274
743 0.1312560886144638
744 0.13014718890190125
745 0.13230253756046295
746 0.1328383982181549
747 0.13198646903038025
748 0.13190346956253052
749 0.13021819293498993
750 0.1310713291168213
751 0.1294652819633484
752 0.13110506534576416
753 0.13116171956062317
754 0.1295630931854248
755 0.13256172835826874
756 0.13036853075027466
757 0.12966419756412506
758 0.1283448338508606
759 0.13051234185695648
760 0.13106808066368103
761 0.12963946163654327
762 0.13046182692050934
763 0.1288568377494812
764 0.12977099418640137
765 0.13025681674480438
766 0.12967059016227722
767 0.13180826604366302
768 0.13016840815544128
769 0.13055559992790222
770 0.12963047623634338
771 0.1294654756784439
772 0.12951862812042236
773 0.1303512305021286
774 0.12829121947288513
775 0.12871293723583221
776 0.12997163832187653
777 0.12899082899093628
778 0.12776538729667664
779 0.1290740668773651
780 0.12919458746910095
781 0.12878483533859253
782 0.13044105470180511
783 0.1284448206424713
784 0.1285993903875351
785 0.1288565695285797
786 0.12905679643154144
787 0.13008934259414673
788 0.12864668667316437
789 0.12863445281982422
790 0.13022521138191223
791 0.12839306890964508
792 0.12888815999031067
793 0.12727127969264984
794 0.12940311431884766
795 0.13023728132247925
796 0.1285935938358307
797 0.12995608150959015
798 0.12930962443351746
799 0.12790876626968384
800 0.1284358650445938
