1 1.071980595588684
2 0.693183183670044
3 0.479966402053833
4 0.36123964190483093
5 0.3237668573856354
6 0.25841090083122253
7 0.2248377501964569
8 0.2173950970172882
9 0.18548645079135895
10 0.19445185363292694
11 0.1764003485441208
12 0.16493834555149078
13 0.14985620975494385
14 0.16232332587242126
15 0.15222005546092987
16 0.15469376742839813
17 0.15457893908023834
18 0.14344584941864014
19 0.1397707611322403
20 0.129510760307312
21 0.12924550473690033
22 0.11838994175195694
23 0.13700757920742035
24 0.17192381620407104
25 0.1261509209871292
26 0.1263027936220169
27 0.11194092780351639
28 0.10859371721744537
29 0.11085253208875656
30 0.14057892560958862
31 0.1484719067811966
32 0.11171579360961914
33 0.1221078634262085
34 0.10617803037166595
35 0.11076091974973679
36 0.1298208236694336
37 0.10521506518125534
38 0.10585043579339981
39 0.11850249022245407
40 0.11604593694210052
41 0.1377716213464737
42 0.0999322235584259
43 0.10496902465820312
44 0.10376733541488647
45 0.11233752220869064
46 0.09541630744934082
47 0.10053098946809769
48 0.12788541615009308
49 0.08962129801511765
50 0.09401096403598785
51 0.12282826006412506
52 0.1063915267586708
53 0.09458500146865845
54 0.10325958579778671
55 0.11359617859125137
56 0.09628213196992874
57 0.09731198847293854
58 0.1124042496085167
59 0.09452878683805466
60 0.09147075563669205
61 0.09867463260889053
62 0.0798882395029068
63 0.10561854392290115
64 0.11817638576030731
65 0.10711032152175903
66 0.10454840958118439
67 0.12528127431869507
68 0.08864055573940277
69 0.09792768955230713
70 0.0929359495639801
71 0.10847527533769608
72 0.09397363662719727
73 0.08664831519126892
74 0.08406195789575577
75 0.10477010905742645
76 0.08000954985618591
77 0.1131516546010971
78 0.09774523228406906
79 0.09114843606948853
80 0.0882422998547554
81 0.10762761533260345
82 0.0839371308684349
83 0.09248846769332886
84 0.1414201706647873
85 0.08478571474552155
86 0.09758538007736206
87 0.08243407309055328
88 0.09930279850959778
89 0.14955732226371765
90 0.09255217760801315
91 0.09776943176984787
92 0.08320413529872894
93 0.09114093333482742
94 0.08578658103942871
95 0.11915075033903122
96 0.08517774939537048
97 0.15197698771953583
98 0.09724356234073639
99 0.07359039038419724
100 0.0803273469209671
101 0.09419111162424088
102 0.08222271502017975
103 0.07545202970504761
104 0.104408398270607
105 0.08548915386199951
106 0.07982403039932251
107 0.07775241881608963
108 0.08919832855463028
109 0.08376176655292511
110 0.0943259447813034
111 0.09333287924528122
112 0.08308752626180649
113 0.09878558665513992
114 0.12021530419588089
115 0.08633430302143097
116 0.09390854835510254
117 0.10093022882938385
118 0.07179775089025497
119 0.10596217215061188
120 0.09288307279348373
121 0.07900886237621307
122 0.09726204723119736
123 0.07620448619127274
124 0.10230781137943268
125 0.09158314764499664
126 0.08696805685758591
127 0.0827239379286766
128 0.07679484039545059
129 0.09338515251874924
130 0.08505672961473465
131 0.11705750226974487
132 0.07227583974599838
133 0.0797402635216713
134 0.08523371815681458
135 0.06563173979520798
136 0.08371428400278091
137 0.08866330981254578
138 0.09040951728820801
139 0.07528863847255707
140 0.08497720956802368
141 0.09629341959953308
142 0.09551673382520676
143 0.09147891402244568
144 0.09101065248250961
145 0.08944560587406158
146 0.09339834004640579
147 0.08450526744127274
148 0.0827895998954773
149 0.07950346916913986
150 0.07263387739658356
151 0.09140758216381073
152 0.07407770305871964
153 0.08833102881908417
154 0.0728902518749237
155 0.08266232162714005
156 0.08165904879570007
157 0.09968827664852142
158 0.06708348542451859
159 0.08138808608055115
160 0.09045802801847458
161 0.07744535803794861
162 0.07764460146427155
163 0.07805445790290833
164 0.08321256190538406
165 0.08294085413217545
166 0.08361645042896271
167 0.06928716599941254
168 0.09104345738887787
169 0.06034276261925697
170 0.06404858827590942
171 0.08918429911136627
172 0.0731937363743782
173 0.09105140715837479
174 0.08547769486904144
175 0.0879678726196289
176 0.11658518016338348
177 0.08105830103158951
178 0.06766221672296524
179 0.06859485805034637
180 0.06565699726343155
181 0.09106677025556564
182 0.0765521451830864
183 0.07453648000955582
184 0.08820408582687378
185 0.08945482224225998
186 0.07436968386173248
187 0.06750202924013138
188 0.08458926528692245
189 0.09659058600664139
190 0.08351051062345505
191 0.06668226420879364
192 0.07981069386005402
193 0.07965288311243057
194 0.06487948447465897
195 0.09769784659147263
196 0.07724523544311523
197 0.07172488421201706
198 0.07164714485406876
199 0.06810265779495239
200 0.08157768845558167
201 0.0702584981918335
202 0.09950397908687592
203 0.11773532629013062
204 0.10471505671739578
205 0.06345147639513016
206 0.06326163560152054
207 0.05680466070771217
208 0.06519542634487152
209 0.10395944118499756
210 0.07774953544139862
211 0.06838380545377731
212 0.08893635123968124
213 0.07468932121992111
214 0.06849049776792526
215 0.06678205728530884
216 0.07393372058868408
217 0.06584662944078445
218 0.07180512696504593
219 0.08328437060117722
220 0.06267765909433365
221 0.07437674701213837
222 0.0661950558423996
223 0.06351576000452042
224 0.11604729294776917
225 0.0719251036643982
226 0.06199599429965019
227 0.07650202512741089
228 0.09405878186225891
229 0.08456388115882874
230 0.06729456782341003
231 0.06335403770208359
232 0.09346556663513184
233 0.06225920468568802
234 0.05654098838567734
235 0.07033491879701614
236 0.0590081550180912
237 0.07484619319438934
238 0.06727132201194763
239 0.09223353862762451
240 0.12006761133670807
241 0.13468541204929352
242 0.07174992561340332
243 0.058692920953035355
244 0.08103875070810318
245 0.07599138468503952
246 0.06864028424024582
247 0.06387186795473099
248 0.05893693491816521
249 0.07274241000413895
250 0.06813350319862366
251 0.06426680088043213
252 0.10892241448163986
253 0.06772921234369278
254 0.062398411333560944
255 0.06668903678655624
256 0.06621795892715454
257 0.06551290303468704
258 0.07004962116479874
259 0.057608090341091156
260 0.07795345783233643
261 0.07942654937505722
262 0.07353072613477707
263 0.06705177575349808
264 0.06965016573667526
265 0.07439856231212616
266 0.07552425563335419
267 0.07941973954439163
268 0.09032761305570602
269 0.10162654519081116
270 0.06517025828361511
271 0.07181689143180847
272 0.06405958533287048
273 0.08688339591026306
274 0.05948593467473984
275 0.059955596923828125
276 0.07961417734622955
277 0.07251838594675064
278 0.05860419198870659
279 0.06631120294332504
280 0.06444934010505676
281 0.0875512883067131
282 0.07662658393383026
283 0.07493007183074951
284 0.0700603798031807
285 0.05588684231042862
286 0.07989117503166199
287 0.0721028745174408
288 0.05993569642305374
289 0.06561307609081268
290 0.07303088903427124
291 0.07127618044614792
292 0.08286449313163757
293 0.07051912695169449
294 0.05363122746348381
295 0.10979386419057846
296 0.06204143539071083
297 0.05898517742753029
298 0.06532968580722809
299 0.06519748270511627
300 0.06834860891103745
301 0.05856774002313614
302 0.06556294113397598
303 0.06497042626142502
304 0.07665950059890747
305 0.06392348557710648
306 0.06301292777061462
307 0.062387771904468536
308 0.07614149153232574
309 0.08196637034416199
310 0.06726621836423874
311 0.07761694490909576
312 0.07261021435260773
313 0.05870632827281952
314 0.05350452661514282
315 0.06398176401853561
316 0.05928780883550644
317 0.06916459649801254
318 0.05807555094361305
319 0.07479988783597946
320 0.06092718616127968
321 0.0722481906414032
322 0.09251751750707626
323 0.06021599844098091
324 0.06815965473651886
325 0.061077289283275604
326 0.06508783996105194
327 0.05540335923433304
328 0.1018851175904274
329 0.100835420191288
330 0.05994969606399536
331 0.07032700628042221
332 0.06447596102952957
333 0.08087339997291565
334 0.054697632789611816
335 0.08614017069339752
336 0.05385474115610123
337 0.054799482226371765
338 0.08446769416332245
339 0.06376634538173676
340 0.07230345904827118
341 0.05729767307639122
342 0.06873925775289536
343 0.0710219070315361
344 0.08084066212177277
345 0.14219653606414795
346 0.05639764294028282
347 0.07034651190042496
348 0.05754555016756058
349 0.0556945726275444
350 0.05391682684421539
351 0.08189796656370163
352 0.050908107310533524
353 0.05265698954463005
354 0.055298369377851486
355 0.06252691894769669
356 0.08554603159427643
357 0.06646410375833511
358 0.0670754685997963
359 0.0758715569972992
360 0.05322998762130737
361 0.0665120780467987
362 0.054479800164699554
363 0.06835048645734787
364 0.0844619870185852
365 0.06120382249355316
366 0.061414141207933426
367 0.0887901782989502
368 0.05569097027182579
369 0.061223529279232025
370 0.0518205426633358
371 0.06296961009502411
372 0.07583922892808914
373 0.0731925517320633
374 0.08977857977151871
375 0.05733634904026985
376 0.058294061571359634
377 0.0695379227399826
378 0.06611935049295425
379 0.05351713299751282
380 0.05870712175965309
381 0.06059649959206581
382 0.06536617875099182
383 0.04479305073618889
384 0.06120111793279648
385 0.06628963351249695
386 0.06902921199798584
387 0.053789690136909485
388 0.05071813613176346
389 0.057443585246801376
390 0.057263489812612534
391 0.06052827835083008
392 0.06338369101285934
393 0.06389316916465759
394 0.09316345304250717
395 0.06341275572776794
396 0.09439007192850113
397 0.0852544829249382
398 0.061370570212602615
399 0.08131373673677444
400 0.05162625014781952
