1 1.3776758909225464
2 1.3131963014602661
3 1.3465819358825684
4 1.3267936706542969
5 1.317847490310669
6 1.3355602025985718
7 1.3816097974777222
8 1.3255292177200317
9 1.3247311115264893
10 1.3610894680023193
11 1.2770601511001587
12 1.3023406267166138
13 1.3782622814178467
14 1.348077416419983
15 1.2909489870071411
16 1.3656471967697144
17 1.3157501220703125
18 1.3064794540405273
19 1.3973350524902344
20 1.3955459594726562
21 1.2947465181350708
22 1.3737213611602783
23 1.3466929197311401
24 1.3243980407714844
25 1.3358769416809082
26 1.332608938217163
27 1.3786224126815796
28 1.2866729497909546
29 1.3531949520111084
30 1.320634126663208
31 1.3619494438171387
32 1.3393570184707642
33 1.3826181888580322
34 1.3073348999023438
35 1.2606545686721802
36 1.3344842195510864
37 1.3985525369644165
38 1.3331600427627563
39 1.3263788223266602
40 1.3783609867095947
41 1.316153645515442
42 1.3479481935501099
43 1.358108639717102
44 1.3485687971115112
45 1.3644202947616577
46 1.3791117668151855
47 1.3562942743301392
48 1.3229343891143799
49 1.3407388925552368
50 1.322168231010437
51 1.309205174446106
52 1.3520426750183105
53 1.3225830793380737
54 1.3490303754806519
55 1.3559023141860962
56 1.3071660995483398
57 1.3292523622512817
58 1.3259377479553223
59 1.375267505645752
60 1.3177982568740845
61 1.3644604682922363
62 1.3227860927581787
63 1.3494900465011597
64 1.3491636514663696
65 1.341469645500183
66 1.3421326875686646
67 1.3165171146392822
68 1.3226968050003052
69 1.336148738861084
70 1.3577300310134888
71 1.339942455291748
72 1.352099061012268
73 1.3169732093811035
74 1.3714187145233154
75 1.3348863124847412
76 1.388345718383789
77 1.3596457242965698
78 1.3680006265640259
79 1.32766854763031
80 1.3644909858703613
81 1.4060027599334717
82 1.3339910507202148
83 1.317411184310913
84 1.3394815921783447
85 1.3460432291030884
86 1.3027561902999878
87 1.3245799541473389
88 1.369964361190796
89 1.3491963148117065
90 1.407447099685669
91 1.3596161603927612
92 1.342710256576538
93 1.3183071613311768
94 1.3211703300476074
95 1.384507417678833
96 1.317318081855774
97 1.3448268175125122
98 1.35252046585083
99 1.2811453342437744
100 1.3171807527542114
101 1.4052832126617432
102 1.336714267730713
103 1.3974484205245972
104 1.2827831506729126
105 1.2571240663528442
106 1.3240289688110352
107 1.3728002309799194
108 1.3055188655853271
109 1.3447240591049194
110 1.3169701099395752
111 1.4219428300857544
112 1.325153112411499
113 1.3327564001083374
114 1.3147485256195068
115 1.3599050045013428
116 1.3014235496520996
117 1.3869413137435913
118 1.3378723859786987
119 1.3174673318862915
120 1.3318538665771484
121 1.3081822395324707
122 1.3178579807281494
123 1.3345401287078857
124 1.3470429182052612
125 1.3739628791809082
126 1.4534205198287964
127 1.2995893955230713
128 1.272995948791504
129 1.3791663646697998
130 1.3161252737045288
131 1.3760637044906616
132 1.3500285148620605
133 1.3463934659957886
134 1.3348256349563599
135 1.2777596712112427
136 1.3322479724884033
137 1.311148762702942
138 1.317355990409851
139 1.3263001441955566
140 1.3546555042266846
141 1.3394300937652588
142 1.3507776260375977
143 1.3299243450164795
144 1.348464012145996
145 1.3669569492340088
146 1.309658169746399
147 1.3096895217895508
148 1.3496694564819336
149 1.3726036548614502
150 1.3427475690841675
151 1.3501499891281128
152 1.3470938205718994
153 1.3815242052078247
154 1.3818472623825073
155 1.3023239374160767
156 1.3021384477615356
157 1.3501815795898438
158 1.3512355089187622
159 1.3311501741409302
160 1.324528694152832
161 1.3332293033599854
162 1.3002482652664185
163 1.310299038887024
164 1.2853339910507202
165 1.3732138872146606
166 1.3784406185150146
167 1.3630757331848145
168 1.3757445812225342
169 1.3395720720291138
170 1.3509469032287598
171 1.3866358995437622
172 1.3261317014694214
173 1.3325546979904175
174 1.3682540655136108
175 1.3334683179855347
176 1.3293756246566772
177 1.3499425649642944
178 1.3388117551803589
179 1.3122835159301758
180 1.353920817375183
181 1.33074951171875
182 1.3519376516342163
183 1.382322072982788
184 1.314887285232544
185 1.3509224653244019
186 1.3083049058914185
187 1.3169020414352417
188 1.346927523612976
189 1.367028832435608
190 1.3118503093719482
191 1.3372852802276611
192 1.2972874641418457
193 1.2954984903335571
194 1.3176145553588867
195 1.3366047143936157
196 1.352156400680542
197 1.3410415649414062
198 1.3509975671768188
199 1.3784257173538208
200 1.3423449993133545
201 1.3391826152801514
202 1.3780252933502197
203 1.3724292516708374
204 1.3428102731704712
205 1.2765917778015137
206 1.3676379919052124
207 1.3493398427963257
208 1.3565319776535034
209 1.2860515117645264
210 1.3445103168487549
211 1.3660473823547363
212 1.356067419052124
213 1.3068311214447021
214 1.3405817747116089
215 1.3565667867660522
216 1.315119743347168
217 1.333156943321228
218 1.3338119983673096
219 1.336037039756775
220 1.3284684419631958
221 1.3404030799865723
222 1.3506667613983154
223 1.3277298212051392
224 1.3247082233428955
225 1.3152493238449097
226 1.3568099737167358
227 1.3635157346725464
228 1.3471617698669434
229 1.2987430095672607
230 1.363547921180725
231 1.32301664352417
232 1.3721760511398315
233 1.3352972269058228
234 1.3109689950942993
235 1.285726547241211
236 1.340190052986145
237 1.3637077808380127
238 1.3611414432525635
239 1.3268120288848877
240 1.3541477918624878
241 1.3656535148620605
242 1.3254536390304565
243 1.3276286125183105
244 1.2947444915771484
245 1.3415658473968506
246 1.3474498987197876
247 1.3820452690124512
248 1.3434414863586426
249 1.3908681869506836
250 1.3716880083084106
251 1.3278231620788574
252 1.2820061445236206
253 1.3155156373977661
254 1.3949898481369019
255 1.3273385763168335
256 1.3561629056930542
257 1.393105149269104
258 1.329313039779663
259 1.4206660985946655
260 1.3323642015457153
261 1.3769735097885132
262 1.2932145595550537
263 1.2972571849822998
264 1.30138099193573
265 1.3649625778198242
266 1.3702750205993652
267 1.3562923669815063
268 1.3545458316802979
269 1.4003468751907349
270 1.34958815574646
271 1.3412370681762695
272 1.334274172782898
273 1.3920199871063232
274 1.3112319707870483
275 1.3489397764205933
276 1.2711291313171387
277 1.306123971939087
278 1.3449039459228516
279 1.3720649480819702
280 1.3654628992080688
281 1.3216934204101562
282 1.374746561050415
283 1.3594237565994263
284 1.3113139867782593
285 1.2965983152389526
286 1.3243529796600342
287 1.3264175653457642
288 1.3097648620605469
289 1.3482569456100464
290 1.3960039615631104
291 1.3250962495803833
292 1.3531062602996826
293 1.3325259685516357
294 1.328269600868225
295 1.3495336771011353
296 1.3511221408843994
297 1.297261357307434
298 1.3532612323760986
299 1.3696180582046509
300 1.339241623878479
301 1.3496309518814087
302 1.3009370565414429
303 1.3323441743850708
304 1.3921723365783691
305 1.3025941848754883
306 1.297184944152832
307 1.31683349609375
308 1.3698490858078003
309 1.3074532747268677
310 1.3393301963806152
311 1.3360767364501953
312 1.3427488803863525
313 1.3206168413162231
314 1.3200253248214722
315 1.3545671701431274
316 1.4040241241455078
317 1.3158930540084839
318 1.290857195854187
319 1.338465690612793
320 1.3971251249313354
321 1.2932616472244263
322 1.3518649339675903
323 1.3947851657867432
324 1.3373627662658691
325 1.367326021194458
326 1.3235793113708496
327 1.350398302078247
328 1.404630422592163
329 1.3542826175689697
330 1.299927830696106
331 1.359471321105957
332 1.323075532913208
333 1.3602569103240967
334 1.328078269958496
335 1.29934823513031
336 1.3434317111968994
337 1.3238537311553955
338 1.3321605920791626
339 1.3114687204360962
340 1.322051763534546
341 1.3333934545516968
342 1.3787811994552612
343 1.3428794145584106
344 1.3407495021820068
345 1.3458998203277588
346 1.3221490383148193
347 1.343948483467102
348 1.3194457292556763
349 1.3195178508758545
350 1.352109670639038
351 1.3450679779052734
352 1.3365322351455688
353 1.3458380699157715
354 1.4104853868484497
355 1.3012967109680176
356 1.3260736465454102
357 1.346549391746521
358 1.2856370210647583
359 1.284812569618225
360 1.364027738571167
361 1.3298897743225098
362 1.3565385341644287
363 1.345462679862976
364 1.3614959716796875
365 1.3559284210205078
366 1.3749899864196777
367 1.3277101516723633
368 1.3215194940567017
369 1.2856535911560059
370 1.34653639793396
371 1.3489091396331787
372 1.3434191942214966
373 1.3536980152130127
374 1.3130159378051758
375 1.3363229036331177
376 1.3658698797225952
377 1.4062803983688354
378 1.3503042459487915
379 1.3952213525772095
380 1.299285888671875
381 1.3080812692642212
382 1.3717726469039917
383 1.3727561235427856
384 1.28900945186615
385 1.314658522605896
386 1.3330997228622437
387 1.335301399230957
388 1.2900667190551758
389 1.3556925058364868
390 1.348282814025879
391 1.3229230642318726
392 1.2961671352386475
393 1.2931337356567383
394 1.396310567855835
395 1.3733631372451782
396 1.316849708557129
397 1.3672220706939697
398 1.3341726064682007
399 1.3352231979370117
400 1.3139338493347168
