1 1.1734247207641602
2 1.1174507141113281
3 1.0567203760147095
4 0.9833194613456726
5 0.9177457094192505
6 0.8524861931800842
7 0.787865161895752
8 0.7330896854400635
9 0.6849833130836487
10 0.6447006464004517
11 0.6101394295692444
12 0.5781404376029968
13 0.5494061708450317
14 0.5260546207427979
15 0.5030378699302673
16 0.4767860770225525
17 0.45762205123901367
18 0.43858104944229126
19 0.4205038845539093
20 0.40229126811027527
21 0.38544100522994995
22 0.37054964900016785
23 0.357477605342865
24 0.34438127279281616
25 0.33235591650009155
26 0.3165303170681
27 0.3103536069393158
28 0.3010976016521454
29 0.291450172662735
30 0.28240683674812317
31 0.27285265922546387
32 0.2665584683418274
33 0.25859135389328003
34 0.2540542185306549
35 0.2466593235731125
36 0.24180719256401062
37 0.23617246747016907
38 0.23250404000282288
39 0.22574371099472046
40 0.2195025384426117
41 0.21645744144916534
42 0.2129298746585846
43 0.20684099197387695
44 0.20444269478321075
45 0.20271499454975128
46 0.19778941571712494
47 0.1943863034248352
48 0.19085745513439178
49 0.1895730346441269
50 0.1853795200586319
51 0.18341971933841705
52 0.18059462308883667
53 0.17693813145160675
54 0.17527997493743896
55 0.17140395939350128
56 0.17115168273448944
57 0.16701997816562653
58 0.16732273995876312
59 0.1639610230922699
60 0.16460470855236053
61 0.16038931906223297
62 0.16018381714820862
63 0.15582866966724396
64 0.15546202659606934
65 0.15282832086086273
66 0.15043975412845612
67 0.1494332253932953
68 0.14933639764785767
69 0.14769889414310455
70 0.14713045954704285
71 0.14511309564113617
72 0.14378973841667175
73 0.14207138121128082
74 0.14053764939308167
75 0.1417706161737442
76 0.1368912160396576
77 0.13742011785507202
78 0.13617481291294098
79 0.13472524285316467
80 0.13257114589214325
81 0.1312231868505478
82 0.13280032575130463
83 0.13041037321090698
84 0.13250073790550232
85 0.12772151827812195
86 0.1300603300333023
87 0.12920083105564117
88 0.12702760100364685
89 0.12420827150344849
90 0.1244824156165123
91 0.12324760109186172
92 0.12410084158182144
93 0.12154899537563324
94 0.12176331132650375
95 0.12010763585567474
96 0.11969009041786194
97 0.12037084996700287
98 0.11920986324548721
99 0.11805925518274307
100 0.11484996974468231
101 0.12126433104276657
102 0.11521792411804199
103 0.11569798737764359
104 0.11519185453653336
105 0.11375688016414642
106 0.11514519155025482
107 0.11250132322311401
108 0.11292437463998795
109 0.11027722805738449
110 0.10993736237287521
111 0.11022940278053284
112 0.1100047305226326
113 0.10981055349111557
114 0.10885105282068253
115 0.10809915512800217
116 0.108695849776268
117 0.10779909789562225
118 0.10503987222909927
119 0.10842210054397583
120 0.10619477927684784
121 0.10609816759824753
122 0.1035173088312149
123 0.10320734977722168
124 0.10478778928518295
125 0.10387566685676575
126 0.10192860662937164
127 0.10347720980644226
128 0.10397825390100479
129 0.10118146240711212
130 0.1007770523428917
131 0.10086768120527267
132 0.09980513155460358
133 0.10184416174888611
134 0.09750661998987198
135 0.09986677020788193
136 0.09972396492958069
137 0.09885373711585999
138 0.09783106297254562
139 0.09817734360694885
140 0.0956871435046196
141 0.0983501598238945
142 0.09853218495845795
143 0.09443319588899612
144 0.09609933197498322
145 0.09274778515100479
146 0.09775129705667496
147 0.09651461243629456
148 0.09292945265769958
149 0.09615632146596909
150 0.09414690732955933
151 0.09393671900033951
152 0.09455698728561401
153 0.09341443330049515
154 0.0925901010632515
155 0.0923670083284378
156 0.09467233717441559
157 0.09397926181554794
158 0.09287111461162567
159 0.09245601296424866
160 0.09215312451124191
161 0.09149308502674103
162 0.09071103483438492
163 0.0895882099866867
164 0.09092500805854797
165 0.09081268310546875
166 0.08981719613075256
167 0.08712567389011383
168 0.08958589285612106
169 0.08902008831501007
170 0.08923297375440598
171 0.08822037279605865
172 0.08751004934310913
173 0.08698530495166779
174 0.08640128374099731
175 0.08879199624061584
176 0.08549384772777557
177 0.08633314818143845
178 0.08911536633968353
179 0.08446259796619415
180 0.08548970520496368
181 0.08537512272596359
182 0.08564548939466476
183 0.08554884791374207
184 0.08598876744508743
185 0.08429833501577377
186 0.08551216870546341
187 0.08628972619771957
188 0.08383370190858841
189 0.08354531228542328
190 0.08446794003248215
191 0.08325697481632233
192 0.08423078805208206
193 0.08287547528743744
194 0.08472641557455063
195 0.08241108804941177
196 0.08530217409133911
197 0.08456936478614807
198 0.08318432420492172
199 0.08197709172964096
200 0.08382737636566162
201 0.08123112469911575
202 0.08374252170324326
203 0.08144303411245346
204 0.08029347658157349
205 0.07976188510656357
206 0.08018949627876282
207 0.08182092010974884
208 0.07831251621246338
209 0.08054783940315247
210 0.08001510053873062
211 0.07880294322967529
212 0.07755699753761292
213 0.08083540946245193
214 0.07763809710741043
215 0.07917872816324234
216 0.07780803740024567
217 0.07752541452646255
218 0.08067894726991653
219 0.07870272547006607
220 0.07683190703392029
221 0.07623851299285889
222 0.07834266126155853
223 0.07885017991065979
224 0.07727064192295074
225 0.07894765585660934
226 0.07981757074594498
227 0.07941198348999023
228 0.07573435455560684
229 0.07695066183805466
230 0.0746692419052124
231 0.07612888514995575
232 0.07769881933927536
233 0.07360704988241196
234 0.0789244994521141
235 0.07652316987514496
236 0.07626909762620926
237 0.07594607770442963
238 0.07383687049150467
239 0.07640989124774933
240 0.07494621723890305
241 0.07466407865285873
242 0.07636222243309021
243 0.07330606877803802
244 0.07659782469272614
245 0.07403185963630676
246 0.07437848299741745
247 0.07412933558225632
248 0.07315179705619812
249 0.07471080869436264
250 0.07424824684858322
251 0.07236316055059433
252 0.0736709013581276
253 0.07445690035820007
254 0.07256054878234863
255 0.0727580338716507
256 0.07293324917554855
257 0.07345946878194809
258 0.07483352720737457
259 0.07064948976039886
260 0.0725226104259491
261 0.07374811917543411
262 0.07311724126338959
263 0.07193954288959503
264 0.07004089653491974
265 0.071761354804039
266 0.07297613471746445
267 0.07473227381706238
268 0.07345528155565262
269 0.07119151949882507
270 0.06863860785961151
271 0.07188289612531662
272 0.0678730383515358
273 0.06984894722700119
274 0.07375491410493851
275 0.07106205075979233
276 0.07198230177164078
277 0.07090563327074051
278 0.07151282578706741
279 0.07132993638515472
280 0.06729841977357864
281 0.07168091088533401
282 0.06870177388191223
283 0.07012587785720825
284 0.070504330098629
285 0.06850765645503998
286 0.06836257129907608
287 0.0711919516324997
288 0.07104696333408356
289 0.06872857362031937
290 0.06940805912017822
291 0.06817701458930969
292 0.0682443231344223
293 0.06841534376144409
294 0.06911715120077133
295 0.06592019647359848
296 0.0681375190615654
297 0.06878770887851715
298 0.06856313347816467
299 0.06823305040597916
300 0.06667736917734146
301 0.06777629256248474
302 0.06793353706598282
303 0.06646112352609634
304 0.0660974383354187
305 0.06654457747936249
306 0.07086391001939774
307 0.06884660571813583
308 0.06572232395410538
309 0.06976711004972458
310 0.06638766825199127
311 0.06579332053661346
312 0.06719624996185303
313 0.06657394021749496
314 0.06791294366121292
315 0.06782643496990204
316 0.06454817950725555
317 0.06507913023233414
318 0.06474348157644272
319 0.06626559048891068
320 0.06788478791713715
321 0.06708105653524399
322 0.06597696989774704
323 0.06574562191963196
324 0.0635649561882019
325 0.06314371526241302
326 0.06433208286762238
327 0.0668320506811142
328 0.06634638458490372
329 0.06730391830205917
330 0.06646471470594406
331 0.06406558305025101
332 0.06520495563745499
333 0.06581313908100128
334 0.0649905651807785
335 0.06325337290763855
336 0.06462568789720535
337 0.06316863000392914
338 0.06736450642347336
339 0.06444650143384933
340 0.06795629113912582
341 0.06638816744089127
342 0.0627036914229393
343 0.06364420056343079
344 0.06338667124509811
345 0.06274592876434326
346 0.06471717357635498
347 0.06386452913284302
348 0.06319793313741684
349 0.06689003854990005
350 0.06223190203309059
351 0.06248278170824051
352 0.06253723800182343
353 0.0618654265999794
354 0.06349027156829834
355 0.06139013171195984
356 0.06594796478748322
357 0.06384341418743134
358 0.06318358331918716
359 0.06363954395055771
360 0.06406617164611816
361 0.06231710687279701
362 0.06271714717149734
363 0.0631508007645607
364 0.06075044721364975
365 0.06196938082575798
366 0.06304039061069489
367 0.06061123311519623
368 0.061413440853357315
369 0.06378962099552155
370 0.06425824761390686
371 0.06153744459152222
372 0.06096932664513588
373 0.06153425946831703
374 0.06173839420080185
375 0.06268597394227982
376 0.06082054227590561
377 0.06253178417682648
378 0.060513999313116074
379 0.06239597871899605
380 0.06148909777402878
381 0.061215709894895554
382 0.0632762685418129
383 0.06043682619929314
384 0.060190048068761826
385 0.06034379452466965
386 0.05895853415131569
387 0.062359388917684555
388 0.059241339564323425
389 0.06251328438520432
390 0.061122871935367584
391 0.06202547252178192
392 0.06128894165158272
393 0.059041302651166916
394 0.05764205753803253
395 0.062153663486242294
396 0.06204958260059357
397 0.06000400707125664
398 0.0597657710313797
399 0.060354385524988174
400 0.06000930070877075
