1 1.1086019277572632
2 0.8146268129348755
3 0.6568537354469299
4 0.5782051682472229
5 0.51885986328125
6 0.4761599004268646
7 0.445252001285553
8 0.4178830087184906
9 0.3987882137298584
10 0.3732573091983795
11 0.34391364455223083
12 0.30570343136787415
13 0.25889667868614197
14 0.23424069583415985
15 0.22632254660129547
16 0.20857270061969757
17 0.19692359864711761
18 0.186294287443161
19 0.183388352394104
20 0.1876756101846695
21 0.1717749983072281
22 0.16464437544345856
23 0.15535348653793335
24 0.16004033386707306
25 0.15437838435173035
26 0.14512142539024353
27 0.14470022916793823
28 0.1395561844110489
29 0.13909491896629333
30 0.1397550106048584
31 0.13240136206150055
32 0.13348087668418884
33 0.13206997513771057
34 0.12695102393627167
35 0.13040880858898163
36 0.1287158727645874
37 0.13443511724472046
38 0.12484890222549438
39 0.12445874512195587
40 0.11344689130783081
41 0.12010915577411652
42 0.11402124911546707
43 0.1306610405445099
44 0.11147018522024155
45 0.11757741123437881
46 0.11314232647418976
47 0.11008809506893158
48 0.1094498336315155
49 0.11318311840295792
50 0.11501243710517883
51 0.10999759286642075
52 0.1107175424695015
53 0.11890318244695663
54 0.11331263184547424
55 0.10059607774019241
56 0.10500185191631317
57 0.10842905938625336
58 0.0996122732758522
59 0.11607057601213455
60 0.09780535101890564
61 0.10483896732330322
62 0.0986364558339119
63 0.09862518310546875
64 0.09820716828107834
65 0.10371600836515427
66 0.08913742005825043
67 0.10889460146427155
68 0.09648116677999496
69 0.09647683054208755
70 0.0980023667216301
71 0.10371389240026474
72 0.09887368977069855
73 0.09215705841779709
74 0.09821879863739014
75 0.0939040556550026
76 0.08023066818714142
77 0.10072336345911026
78 0.1007540225982666
79 0.09164337068796158
80 0.10208655148744583
81 0.09500616788864136
82 0.09065093100070953
83 0.08772789686918259
84 0.07578491419553757
85 0.08811501413583755
86 0.08873486518859863
87 0.09364108741283417
88 0.09763459116220474
89 0.11453542858362198
90 0.08876224607229233
91 0.08040084689855576
92 0.08743792027235031
93 0.07743515074253082
94 0.09667294472455978
95 0.07867138087749481
96 0.09355136007070541
97 0.08781788498163223
98 0.07968606799840927
99 0.07626839727163315
100 0.09946312755346298
101 0.08005688339471817
102 0.08999205380678177
103 0.0924755409359932
104 0.09001520276069641
105 0.08859642595052719
106 0.07579250633716583
107 0.08367867767810822
108 0.07095208019018173
109 0.0721801221370697
110 0.09369323402643204
111 0.08132090419530869
112 0.0685809850692749
113 0.07530591636896133
114 0.07803048193454742
115 0.08376570045948029
116 0.07786766439676285
117 0.06993687897920609
118 0.080040343105793
119 0.07405849546194077
120 0.08735934644937515
121 0.075357586145401
122 0.07760549336671829
123 0.08303776383399963
124 0.07960830628871918
125 0.0773751363158226
126 0.09436555951833725
127 0.07859327644109726
128 0.08426494896411896
129 0.07466688007116318
130 0.08255166560411453
131 0.08823888748884201
132 0.08420684188604355
133 0.09034600853919983
134 0.09926531463861465
135 0.06786620616912842
136 0.07556995749473572
137 0.07391571998596191
138 0.07618232816457748
139 0.07532563805580139
140 0.07023259997367859
141 0.07616668939590454
142 0.06524264812469482
143 0.07227751612663269
144 0.08411306142807007
145 0.06302522122859955
146 0.06579721719026566
147 0.089902363717556
148 0.08269032835960388
149 0.06984546780586243
150 0.07276750355958939
151 0.09027818590402603
152 0.08447255194187164
153 0.08196872472763062
154 0.06819076091051102
155 0.06838987022638321
156 0.07467866688966751
157 0.06410745531320572
158 0.0798279270529747
159 0.08305010944604874
160 0.07215268909931183
161 0.06951161473989487
162 0.07391528785228729
163 0.09747692197561264
164 0.06467778235673904
165 0.0636986717581749
166 0.06128581613302231
167 0.0653604045510292
168 0.07308860123157501
169 0.06683710962533951
170 0.09903145581483841
171 0.0673418864607811
172 0.0657421126961708
173 0.06413117051124573
174 0.0740458071231842
175 0.0787106454372406
176 0.07014083117246628
177 0.07911323010921478
178 0.08226694911718369
179 0.0708664283156395
180 0.05978233739733696
181 0.06702106446027756
182 0.06705645471811295
183 0.06485530734062195
184 0.06243210285902023
185 0.06399113684892654
186 0.06292581558227539
187 0.05983791872859001
188 0.06263235956430435
189 0.06243210285902023
190 0.12490753084421158
191 0.0701209306716919
192 0.06244448572397232
193 0.07478584349155426
194 0.07711360603570938
195 0.06560361385345459
196 0.07542039453983307
197 0.06639334559440613
198 0.07438822835683823
199 0.059970397502183914
200 0.05666280537843704
201 0.07781854271888733
202 0.06596145033836365
203 0.06527095288038254
204 0.062046751379966736
205 0.06709873676300049
206 0.0581413209438324
207 0.07549457997083664
208 0.07361359894275665
209 0.05901306867599487
210 0.06290197372436523
211 0.07595968246459961
212 0.08238275349140167
213 0.0702865943312645
214 0.06333921104669571
215 0.07209520041942596
216 0.08590078353881836
217 0.06916111707687378
218 0.055555783212184906
219 0.06556975841522217
220 0.07035907357931137
221 0.09485789388418198
222 0.06274867057800293
223 0.05865339934825897
224 0.0603310689330101
225 0.07508235424757004
226 0.06906581670045853
227 0.05790051817893982
228 0.06271974742412567
229 0.06591574847698212
230 0.07451943308115005
231 0.06607580184936523
232 0.055814310908317566
233 0.07402104139328003
234 0.05856090784072876
235 0.059052471071481705
236 0.06615243852138519
237 0.05239929258823395
238 0.06284750252962112
239 0.06296120584011078
240 0.09679827094078064
241 0.06940002739429474
242 0.0799030289053917
243 0.06432212889194489
244 0.062275320291519165
245 0.06449975818395615
246 0.05897850915789604
247 0.07444409281015396
248 0.06551028043031693
249 0.05522777512669563
250 0.054195255041122437
251 0.061680808663368225
252 0.065158911049366
253 0.05851946771144867
254 0.06463349610567093
255 0.07291761040687561
256 0.0731295794248581
257 0.05807311832904816
258 0.05369606986641884
259 0.059702519327402115
260 0.07709988206624985
261 0.062139011919498444
262 0.06998182833194733
263 0.06016385182738304
264 0.050488460808992386
265 0.06039247661828995
266 0.09214655309915543
267 0.06532450020313263
268 0.06657425314188004
269 0.0645875409245491
270 0.06841456890106201
271 0.06452251225709915
272 0.07597441226243973
273 0.08503960818052292
274 0.06192287057638168
275 0.05071725323796272
276 0.06508923321962357
277 0.06213333085179329
278 0.05838322266936302
279 0.05771500617265701
280 0.05706123635172844
281 0.06003912538290024
282 0.07879119366407394
283 0.053803395479917526
284 0.06005726009607315
285 0.06697864085435867
286 0.0814141184091568
287 0.04806363210082054
288 0.052031416445970535
289 0.06462889909744263
290 0.052079275250434875
291 0.0656527429819107
292 0.07278785854578018
293 0.06238223984837532
294 0.06605534255504608
295 0.05929740518331528
296 0.07397463917732239
297 0.055415134876966476
298 0.05288981646299362
299 0.07044079899787903
300 0.06219738349318504
301 0.057032931596040726
302 0.055966973304748535
303 0.06711724400520325
304 0.06527537107467651
305 0.06379078328609467
306 0.05771377682685852
307 0.06336541473865509
308 0.06327194720506668
309 0.07263870537281036
310 0.0515742190182209
311 0.060822177678346634
312 0.07694705575704575
313 0.05840327963232994
314 0.06248927116394043
315 0.05759990215301514
316 0.06321129202842712
317 0.055113691836595535
318 0.05371888354420662
319 0.0672973021864891
320 0.06073954328894615
321 0.05226849392056465
322 0.05384529009461403
323 0.08000414818525314
324 0.0623910054564476
325 0.06411921977996826
326 0.06634687632322311
327 0.08458252996206284
328 0.055362049490213394
329 0.050639647990465164
330 0.05238918587565422
331 0.054636966437101364
332 0.06438639014959335
333 0.06394626945257187
334 0.05667981505393982
335 0.055153146386146545
336 0.05743788555264473
337 0.06444349139928818
338 0.05896487459540367
339 0.057566914707422256
340 0.05458629131317139
341 0.05792083963751793
342 0.07398657500743866
343 0.06687993556261063
344 0.05645379796624184
345 0.056144218891859055
346 0.14681272208690643
347 0.05772985517978668
348 0.05487123876810074
349 0.05618060380220413
350 0.0707363709807396
351 0.06335573643445969
352 0.06207587942481041
353 0.058158278465270996
354 0.07466375082731247
355 0.06461699306964874
356 0.08344243466854095
357 0.06758623570203781
358 0.059718772768974304
359 0.0453670509159565
360 0.07059420645236969
361 0.06845070421695709
362 0.06219392642378807
363 0.06715188920497894
364 0.0579213984310627
365 0.06383474916219711
366 0.055092595517635345
367 0.0599869079887867
368 0.05771443620324135
369 0.05396942421793938
370 0.05783500522375107
371 0.04836243391036987
372 0.05255868285894394
373 0.058864712715148926
374 0.04958614706993103
375 0.05247754976153374
376 0.05035506933927536
377 0.06812185794115067
378 0.05097327381372452
379 0.08289918303489685
380 0.053885567933321
381 0.05740977078676224
382 0.05264679342508316
383 0.06489654630422592
384 0.051656629890203476
385 0.055613256990909576
386 0.05573495477437973
387 0.05925961583852768
388 0.04856410250067711
389 0.05256059765815735
390 0.05833127349615097
391 0.04973270371556282
392 0.047246452420949936
393 0.07752116769552231
394 0.05308037996292114
395 0.052394092082977295
396 0.06101047247648239
397 0.06564588099718094
398 0.05869738385081291
399 0.05009405314922333
400 0.05416017025709152
