1 1.1020302772521973
2 0.768998920917511
3 0.5896970629692078
4 0.4783627986907959
5 0.3876834809780121
6 0.3371430039405823
7 0.28827694058418274
8 0.2527068555355072
9 0.24329335987567902
10 0.22788521647453308
11 0.20898523926734924
12 0.21501685678958893
13 0.18306583166122437
14 0.17611825466156006
15 0.17593064904212952
16 0.1665230244398117
17 0.16167038679122925
18 0.16301105916500092
19 0.18065497279167175
20 0.1471615433692932
21 0.13888156414031982
22 0.14497694373130798
23 0.14632801711559296
24 0.13435202836990356
25 0.13472776114940643
26 0.13716551661491394
27 0.1292678862810135
28 0.13164296746253967
29 0.13073572516441345
30 0.12571768462657928
31 0.1229081004858017
32 0.11975863575935364
33 0.12430083006620407
34 0.12481632083654404
35 0.1229701116681099
36 0.104965940117836
37 0.13010334968566895
38 0.11811540275812149
39 0.10793494433164597
40 0.11567692458629608
41 0.10629576444625854
42 0.10429380089044571
43 0.10510942339897156
44 0.11249494552612305
45 0.10571876168251038
46 0.10806484520435333
47 0.12215480208396912
48 0.10851197689771652
49 0.0979575589299202
50 0.10462025552988052
51 0.10482311248779297
52 0.09858448058366776
53 0.1016094982624054
54 0.08906432241201401
55 0.09571214765310287
56 0.09745359420776367
57 0.10572032630443573
58 0.11020499467849731
59 0.095270074903965
60 0.10607747733592987
61 0.08654681593179703
62 0.08837509900331497
63 0.09886301308870316
64 0.10018525272607803
65 0.09636122733354568
66 0.08709843456745148
67 0.10035139322280884
68 0.10105406492948532
69 0.10529090464115143
70 0.081545889377594
71 0.08447577804327011
72 0.08382730185985565
73 0.11820164322853088
74 0.08838318288326263
75 0.09126152843236923
76 0.08296147733926773
77 0.08205122500658035
78 0.10317335277795792
79 0.08049849420785904
80 0.08483821898698807
81 0.07790206372737885
82 0.11119454354047775
83 0.09440147876739502
84 0.09025716781616211
85 0.09053593128919601
86 0.0789564698934555
87 0.09718456864356995
88 0.08190608769655228
89 0.07948111742734909
90 0.12445751577615738
91 0.09071195125579834
92 0.09881100058555603
93 0.08780417591333389
94 0.0775960385799408
95 0.08543595671653748
96 0.09779465198516846
97 0.08869148790836334
98 0.08756449818611145
99 0.07328636199235916
100 0.08714026212692261
101 0.08108203113079071
102 0.07843190431594849
103 0.08979284018278122
104 0.07659878581762314
105 0.08290500193834305
106 0.10800819844007492
107 0.07801984250545502
108 0.09030915051698685
109 0.07896120101213455
110 0.09790680557489395
111 0.08024348318576813
112 0.07559534907341003
113 0.08076228946447372
114 0.08552585542201996
115 0.08948255330324173
116 0.10566847771406174
117 0.10532329976558685
118 0.07082010805606842
119 0.08964920043945312
120 0.08261175453662872
121 0.08887913078069687
122 0.07120583206415176
123 0.08732225000858307
124 0.08781091123819351
125 0.06593846529722214
126 0.07795397937297821
127 0.07730668783187866
128 0.07400411367416382
129 0.06862520426511765
130 0.09602178633213043
131 0.06836149096488953
132 0.06267282366752625
133 0.06932216882705688
134 0.08069179207086563
135 0.07781440764665604
136 0.08180839568376541
137 0.07180111855268478
138 0.09481584280729294
139 0.0707596093416214
140 0.0957922637462616
141 0.06817924976348877
142 0.09868087619543076
143 0.08592890948057175
144 0.08306722342967987
145 0.07589314877986908
146 0.06909380853176117
147 0.06267687678337097
148 0.07085692137479782
149 0.07866223156452179
150 0.10686348378658295
151 0.09170671552419662
152 0.07695752382278442
153 0.08725526928901672
154 0.09017521888017654
155 0.07926955819129944
156 0.05873134732246399
157 0.05938522145152092
158 0.08028716593980789
159 0.07267966866493225
160 0.07817143201828003
161 0.07737350463867188
162 0.08813837915658951
163 0.07790479809045792
164 0.09102247655391693
165 0.07761639356613159
166 0.062072739005088806
167 0.07477421313524246
168 0.06427232176065445
169 0.07866111397743225
170 0.08024688065052032
171 0.0618358738720417
172 0.06946346163749695
173 0.07243875414133072
174 0.07854393124580383
175 0.0732744038105011
176 0.07182255387306213
177 0.05909731611609459
178 0.06241943687200546
179 0.08132395148277283
180 0.060887858271598816
181 0.10124670714139938
182 0.08853606134653091
183 0.07253886014223099
184 0.0851617231965065
185 0.08064664155244827
186 0.07132581621408463
187 0.06734152883291245
188 0.06734617799520493
189 0.08113732933998108
190 0.06360268592834473
191 0.08432707190513611
192 0.0761742815375328
193 0.09944562613964081
194 0.06212671473622322
195 0.06221891939640045
196 0.07253407686948776
197 0.09122846275568008
198 0.10548257827758789
199 0.07024077326059341
200 0.07193100452423096
201 0.06453138589859009
202 0.05335444211959839
203 0.06752777099609375
204 0.06027019023895264
205 0.05613064393401146
206 0.06304722279310226
207 0.07807112485170364
208 0.06956592947244644
209 0.07285357266664505
210 0.0985199585556984
211 0.0707535445690155
212 0.06773416697978973
213 0.06762821972370148
214 0.05963777378201485
215 0.0799114778637886
216 0.058915089815855026
217 0.08333783596754074
218 0.06145935878157616
219 0.05901613458991051
220 0.06681069731712341
221 0.0662912055850029
222 0.06984049826860428
223 0.055426593869924545
224 0.06952030956745148
225 0.06439821422100067
226 0.08614908903837204
227 0.07236135751008987
228 0.0699365958571434
229 0.06859539449214935
230 0.060903508216142654
231 0.06073226407170296
232 0.07030753046274185
233 0.08343489468097687
234 0.07060889899730682
235 0.08012346178293228
236 0.062175337225198746
237 0.06242460384964943
238 0.0632014349102974
239 0.07455603033304214
240 0.08397919684648514
241 0.07724910974502563
242 0.08350751549005508
243 0.07951915264129639
244 0.06449133902788162
245 0.07977385818958282
246 0.057396870106458664
247 0.08228487521409988
248 0.06902315467596054
249 0.05708729848265648
250 0.060598138719797134
251 0.05871199071407318
252 0.05518481507897377
253 0.06815952807664871
254 0.07111283391714096
255 0.08015145361423492
256 0.10766196250915527
257 0.05910971760749817
258 0.053032491356134415
259 0.0720634013414383
260 0.06002035737037659
261 0.0569952055811882
262 0.07061048597097397
263 0.07807032018899918
264 0.06275398284196854
265 0.057503342628479004
266 0.06912676244974136
267 0.06460966914892197
268 0.059675127267837524
269 0.055481161922216415
270 0.0545070618391037
271 0.06445855647325516
272 0.05000472813844681
273 0.05899073928594589
274 0.06338561326265335
275 0.07063321769237518
276 0.05698537454009056
277 0.068751260638237
278 0.0638863816857338
279 0.05657080560922623
280 0.06892406195402145
281 0.06942752748727798
282 0.06079048290848732
283 0.06193416565656662
284 0.0685608834028244
285 0.08273369073867798
286 0.06033947318792343
287 0.0642678514122963
288 0.09082532674074173
289 0.08295949548482895
290 0.09957577288150787
291 0.056293390691280365
292 0.051970336586236954
293 0.05760684236884117
294 0.06046658381819725
295 0.0641818419098854
296 0.06609243154525757
297 0.05951766297221184
298 0.06696654111146927
299 0.0676102414727211
300 0.05387641489505768
301 0.08036628365516663
302 0.07184671610593796
303 0.049345001578330994
304 0.0650104209780693
305 0.055677495896816254
306 0.08320294320583344
307 0.05627888813614845
308 0.13073131442070007
309 0.06271062791347504
310 0.07743003964424133
311 0.06641107052564621
312 0.08066707849502563
313 0.08676447719335556
314 0.06851562857627869
315 0.10369785875082016
316 0.059436872601509094
317 0.0620744451880455
318 0.07964928448200226
319 0.06844042986631393
320 0.08226664364337921
321 0.053933337330818176
322 0.0691075548529625
323 0.046726394444704056
324 0.054272253066301346
325 0.06158711016178131
326 0.0628637969493866
327 0.08000530302524567
328 0.056092679500579834
329 0.08628471940755844
330 0.07399410754442215
331 0.0631474032998085
332 0.05836561322212219
333 0.04944504052400589
334 0.05046939477324486
335 0.06722792237997055
336 0.0835522934794426
337 0.05481341853737831
338 0.06075674295425415
339 0.0576498880982399
340 0.07261943072080612
341 0.08483343571424484
342 0.055895403027534485
343 0.06080514192581177
344 0.06659258902072906
345 0.058122772723436356
346 0.06531393527984619
347 0.048538368195295334
348 0.056742314249277115
349 0.06380821764469147
350 0.055709466338157654
351 0.06441572308540344
352 0.07621423155069351
353 0.05543310195207596
354 0.06991127878427505
355 0.046130359172821045
356 0.049496036022901535
357 0.06723181903362274
358 0.06633836776018143
359 0.06449480354785919
360 0.06595857441425323
361 0.0736931636929512
362 0.05659369006752968
363 0.07109898328781128
364 0.07591789960861206
365 0.046926453709602356
366 0.05848334729671478
367 0.06186236813664436
368 0.07036000490188599
369 0.06239957734942436
370 0.09605272114276886
371 0.04828042536973953
372 0.052202895283699036
373 0.07436706125736237
374 0.10307544469833374
375 0.04954819008708
376 0.05404459685087204
377 0.05881931632757187
378 0.07552419602870941
379 0.0523776039481163
380 0.06076277419924736
381 0.07507381588220596
382 0.06183180958032608
383 0.04482201859354973
384 0.050863150507211685
385 0.05368444696068764
386 0.04833225533366203
387 0.055578164756298065
388 0.05702401325106621
389 0.05666506290435791
390 0.0592564195394516
391 0.05119369179010391
392 0.06605927646160126
393 0.07402780652046204
394 0.06539568305015564
395 0.07757798582315445
396 0.06053364649415016
397 0.09594763070344925
398 0.053196340799331665
399 0.09356960654258728
400 0.09095647931098938
401 0.043728265911340714
402 0.06983350217342377
403 0.05392206832766533
404 0.04337657615542412
405 0.05756077542901039
406 0.05277043953537941
407 0.09560130536556244
408 0.05841603875160217
409 0.04860173538327217
410 0.0503750741481781
411 0.060418665409088135
412 0.05896598845720291
413 0.06055307760834694
414 0.05211266502737999
415 0.05359503999352455
416 0.04725540056824684
417 0.06390503793954849
418 0.06794778257608414
419 0.05047991871833801
420 0.05274820327758789
421 0.060786180198192596
422 0.07019209116697311
423 0.05680341646075249
424 0.08013501763343811
425 0.06634708493947983
426 0.0576239749789238
427 0.04568817839026451
428 0.06489591300487518
429 0.07123854756355286
430 0.050738800317049026
431 0.059996746480464935
432 0.05137904733419418
433 0.05990545451641083
434 0.06878025829792023
435 0.05176626890897751
436 0.06452903896570206
437 0.04911264404654503
438 0.05062674358487129
439 0.05978105962276459
440 0.07375168800354004
441 0.05511784553527832
442 0.06258607655763626
443 0.04875742271542549
444 0.05600307136774063
445 0.053334008902311325
446 0.07444609701633453
447 0.0705992579460144
448 0.05204595625400543
449 0.06585211306810379
450 0.06720541417598724
451 0.048802100121974945
452 0.06980162113904953
453 0.08109656721353531
454 0.047352757304906845
455 0.060307104140520096
456 0.07976105809211731
457 0.06384222954511642
458 0.06336347758769989
459 0.039886027574539185
460 0.056080836802721024
461 0.05165547505021095
462 0.06058673560619354
463 0.05348960682749748
464 0.04770442843437195
465 0.058549705892801285
466 0.04890620708465576
467 0.04951903596520424
468 0.05190645158290863
469 0.0668107271194458
470 0.06052115187048912
471 0.057147007435560226
472 0.05966842547059059
473 0.04233729466795921
474 0.0639602392911911
475 0.06681085377931595
476 0.04737688973546028
477 0.04848039895296097
478 0.06059465557336807
479 0.051622167229652405
480 0.0820411816239357
481 0.07618885487318039
482 0.04840784892439842
483 0.07435218244791031
484 0.06805002689361572
485 0.04348688945174217
486 0.062074925750494
487 0.07906176894903183
488 0.05614547058939934
489 0.051206182688474655
490 0.0684446170926094
491 0.058752719312906265
492 0.06485942006111145
493 0.055886976420879364
494 0.04774449020624161
495 0.05277587100863457
496 0.04895389452576637
497 0.053209297358989716
498 0.05781064182519913
499 0.07913979887962341
500 0.05705137923359871
501 0.04791179671883583
502 0.04375363513827324
503 0.09807991981506348
504 0.05447877570986748
505 0.05121424421668053
506 0.07795346528291702
507 0.044486887753009796
508 0.06738452613353729
509 0.06425900012254715
510 0.06203634291887283
511 0.053279485553503036
512 0.049570318311452866
513 0.056013323366642
514 0.04536798596382141
515 0.050104595720767975
516 0.05397387966513634
517 0.04742659255862236
518 0.0693793073296547
519 0.07041404396295547
520 0.04515833407640457
521 0.06552856415510178
522 0.04978663846850395
523 0.063914455473423
524 0.05313120037317276
525 0.07955300807952881
526 0.05428053066134453
527 0.0377676784992218
528 0.053974226117134094
529 0.06909704208374023
530 0.04507732018828392
531 0.048440948128700256
532 0.06835504621267319
533 0.07374665886163712
534 0.08395770937204361
535 0.05169356241822243
536 0.05286451056599617
537 0.06341451406478882
538 0.05467907339334488
539 0.05485254153609276
540 0.06589868664741516
541 0.049027446657419205
542 0.06026356667280197
543 0.04941355064511299
544 0.053742531687021255
545 0.04024098068475723
546 0.0525348037481308
547 0.05737488344311714
548 0.05397999286651611
549 0.04638683423399925
550 0.049095023423433304
551 0.053389567881822586
552 0.047645553946495056
553 0.06782838702201843
554 0.04763706773519516
555 0.04872140660881996
556 0.059329789131879807
557 0.05089910328388214
558 0.04092777520418167
559 0.05724186450242996
560 0.05732885003089905
561 0.07341095060110092
562 0.07547765970230103
563 0.045932501554489136
564 0.05610133334994316
565 0.05439717322587967
566 0.05947582423686981
567 0.040792740881443024
568 0.05862343683838844
569 0.07137029618024826
570 0.0510290265083313
571 0.05352405831217766
572 0.07957393676042557
573 0.03660818561911583
574 0.04626879096031189
575 0.05197634920477867
576 0.06618016213178635
577 0.06645344197750092
578 0.05116654187440872
579 0.057190269231796265
580 0.05109633505344391
581 0.05823031812906265
582 0.04914756119251251
583 0.043564196676015854
584 0.06474663317203522
585 0.05167855694890022
586 0.0693746954202652
587 0.054717253893613815
588 0.05272805690765381
589 0.05370393767952919
590 0.04145578294992447
591 0.05293027684092522
592 0.060546230524778366
593 0.04420987889170647
594 0.043974246829748154
595 0.05252937600016594
596 0.04440217837691307
597 0.05438133701682091
598 0.050372134894132614
599 0.05415370315313339
600 0.059749919921159744
601 0.07168105989694595
602 0.04634229466319084
603 0.0462871715426445
604 0.055013179779052734
605 0.06298914551734924
606 0.05855150520801544
607 0.0498836375772953
608 0.06286291778087616
609 0.051392812281847
610 0.05573040992021561
611 0.05212249979376793
612 0.05245422571897507
613 0.07194208353757858
614 0.06078031286597252
615 0.04607566073536873
616 0.05333157256245613
617 0.04235425963997841
618 0.05010849982500076
619 0.06720849126577377
620 0.05211044102907181
621 0.039674799889326096
622 0.05384529009461403
623 0.04835439845919609
624 0.048309389501810074
625 0.04625435173511505
626 0.06410950422286987
627 0.05997075140476227
628 0.051397569477558136
629 0.05141569301486015
630 0.057360898703336716
631 0.05764283612370491
632 0.04578617215156555
633 0.05942868813872337
634 0.05769382044672966
635 0.04134507477283478
636 0.058329906314611435
637 0.042423952370882034
638 0.05003046244382858
639 0.07681122422218323
640 0.06837957352399826
641 0.04238588362932205
642 0.05876315385103226
643 0.04904298856854439
644 0.04176187887787819
645 0.0611891970038414
646 0.043481431901454926
647 0.06819214671850204
648 0.07276309281587601
649 0.06649532169103622
650 0.06165342032909393
651 0.04701243340969086
652 0.0627124011516571
653 0.046447984874248505
654 0.05492134019732475
655 0.04877077415585518
656 0.04937057942152023
657 0.04838347062468529
658 0.07555241882801056
659 0.05640289932489395
660 0.04876336827874184
661 0.05003371089696884
662 0.07113854587078094
663 0.057894278317689896
664 0.04649947211146355
665 0.05374046787619591
666 0.05868495628237724
667 0.06181430071592331
668 0.05503731966018677
669 0.06821992248296738
670 0.050796352326869965
671 0.05839651823043823
672 0.04524167627096176
673 0.07139011472463608
674 0.04528762772679329
675 0.055489521473646164
676 0.06845048069953918
677 0.048824895173311234
678 0.07677232474088669
679 0.05264969915151596
680 0.04732281342148781
681 0.043232716619968414
682 0.041715722531080246
683 0.05569726228713989
684 0.046023882925510406
685 0.04267064481973648
686 0.05646507814526558
687 0.04709090664982796
688 0.04993061348795891
689 0.05795278027653694
690 0.03950037807226181
691 0.06364491581916809
692 0.04387665167450905
693 0.05809235945343971
694 0.07454987615346909
695 0.061856359243392944
696 0.04221491888165474
697 0.04676917567849159
698 0.05014578998088837
699 0.03595311567187309
700 0.07212220132350922
701 0.0652073472738266
702 0.05216049402952194
703 0.03738267347216606
704 0.058604493737220764
705 0.048117198050022125
706 0.05860599875450134
707 0.07752212882041931
708 0.058986540883779526
709 0.05151025205850601
710 0.05099894478917122
711 0.03870457410812378
712 0.048461779952049255
713 0.04733235388994217
714 0.058258768171072006
715 0.04640474542975426
716 0.04695158824324608
717 0.08336248993873596
718 0.04865765571594238
719 0.05570988729596138
720 0.07697353512048721
721 0.04827224463224411
722 0.054709114134311676
723 0.06010016053915024
724 0.036714691668748856
725 0.038832150399684906
726 0.07276218384504318
727 0.04198956862092018
728 0.04795508086681366
729 0.06073606759309769
730 0.0637912005186081
731 0.04155533015727997
732 0.04668394476175308
733 0.04180718958377838
734 0.04638863354921341
735 0.05300193279981613
736 0.08585018664598465
737 0.04419521614909172
738 0.06449087709188461
739 0.05265050008893013
740 0.06853082031011581
741 0.0550258569419384
742 0.07062716782093048
743 0.059846509248018265
744 0.03738301619887352
745 0.047552261501550674
746 0.036063022911548615
747 0.04435360059142113
748 0.04338860139250755
749 0.07013385742902756
750 0.041590627282857895
751 0.047684840857982635
752 0.03829483687877655
753 0.0693063884973526
754 0.044894471764564514
755 0.06176837906241417
756 0.05428030341863632
757 0.06302616000175476
758 0.04965999349951744
759 0.048680271953344345
760 0.07128764688968658
761 0.039923571050167084
762 0.05873087793588638
763 0.05541444197297096
764 0.04688168317079544
765 0.05425293371081352
766 0.06266900151968002
767 0.04938781261444092
768 0.05122844874858856
769 0.04702262207865715
770 0.041416898369789124
771 0.0700627937912941
772 0.10046278685331345
773 0.04425283893942833
774 0.07013238966464996
775 0.05118522420525551
776 0.05804828926920891
777 0.06866439431905746
778 0.05523485317826271
779 0.05062347277998924
780 0.05157386139035225
781 0.052831701934337616
782 0.05031875893473625
783 0.03677777573466301
784 0.05481663718819618
785 0.036064792424440384
786 0.043635327368974686
787 0.03949076309800148
788 0.04946701228618622
789 0.0821799486875534
790 0.044601015746593475
791 0.0509984977543354
792 0.05292176455259323
793 0.05183342844247818
794 0.06414740532636642
795 0.08742021769285202
796 0.047227852046489716
797 0.07612273097038269
798 0.04302750900387764
799 0.04592850059270859
800 0.054891638457775116
