1 1.105584740638733
2 0.8193266987800598
3 0.6370060443878174
4 0.5663748979568481
5 0.44139808416366577
6 0.40602803230285645
7 0.38454926013946533
8 0.34178754687309265
9 0.29317405819892883
10 0.3094879388809204
11 0.2894933223724365
12 0.2953079044818878
13 0.2575708031654358
14 0.2148166000843048
15 0.23200950026512146
16 0.24540038406848907
17 0.24312253296375275
18 0.22893063724040985
19 0.21347665786743164
20 0.18835216760635376
21 0.2124539464712143
22 0.1990220844745636
23 0.1624513864517212
24 0.2481645792722702
25 0.1661069393157959
26 0.16479313373565674
27 0.20239248871803284
28 0.16407254338264465
29 0.1669396311044693
30 0.19191890954971313
31 0.16271953284740448
32 0.1833539456129074
33 0.15294450521469116
34 0.17338337004184723
35 0.1788540929555893
36 0.17191919684410095
37 0.18772216141223907
38 0.17427298426628113
39 0.12890347838401794
40 0.1353849470615387
41 0.151206836104393
42 0.15627850592136383
43 0.14354021847248077
44 0.16930381953716278
45 0.13897649943828583
46 0.1810193806886673
47 0.11754846572875977
48 0.20068375766277313
49 0.12757477164268494
50 0.13516849279403687
51 0.12947311997413635
52 0.12378222495317459
53 0.16900011897087097
54 0.15451550483703613
55 0.12846970558166504
56 0.13159950077533722
57 0.15965472161769867
58 0.125411719083786
59 0.12835371494293213
60 0.14257530868053436
61 0.12946218252182007
62 0.16849716007709503
63 0.13311055302619934
64 0.10098860412836075
65 0.14060406386852264
66 0.15615159273147583
67 0.12565508484840393
68 0.12774890661239624
69 0.17197971045970917
70 0.1402222365140915
71 0.1269453763961792
72 0.13293763995170593
73 0.11288310587406158
74 0.11559471487998962
75 0.12944993376731873
76 0.14232835173606873
77 0.1504853516817093
78 0.14409226179122925
79 0.11855985969305038
80 0.1115541085600853
81 0.1151944026350975
82 0.12946079671382904
83 0.11846596002578735
84 0.13946619629859924
85 0.1156931146979332
86 0.13276617228984833
87 0.12409742176532745
88 0.13278524577617645
89 0.13970200717449188
90 0.1527964323759079
91 0.14701399207115173
92 0.12092657387256622
93 0.1071447804570198
94 0.14386846125125885
95 0.10223101824522018
96 0.13901126384735107
97 0.10331610590219498
98 0.11541492491960526
99 0.12536738812923431
100 0.09592854231595993
101 0.1363448202610016
102 0.1251237988471985
103 0.10650847107172012
104 0.14280542731285095
105 0.11352600157260895
106 0.10139378905296326
107 0.11536718159914017
108 0.10137462615966797
109 0.10070900619029999
110 0.10687074065208435
111 0.1456443816423416
112 0.10474351048469543
113 0.11867435276508331
114 0.10091325640678406
115 0.11690350621938705
116 0.12109646946191788
117 0.11952260881662369
118 0.10486156493425369
119 0.12304753810167313
120 0.10692382603883743
121 0.11148946732282639
122 0.15834379196166992
123 0.08434385061264038
124 0.1291787028312683
125 0.10545306652784348
126 0.11550367623567581
127 0.10723526775836945
128 0.11378145217895508
129 0.11147600412368774
130 0.10346218198537827
131 0.10748153924942017
132 0.09859208762645721
133 0.12338841706514359
134 0.0945654883980751
135 0.09918636083602905
136 0.11445821821689606
137 0.10537899285554886
138 0.09105908125638962
139 0.13471026718616486
140 0.10627616941928864
141 0.11193722486495972
142 0.11307463049888611
143 0.13694308698177338
144 0.09489582479000092
145 0.10319822281599045
146 0.11113130301237106
147 0.10953756421804428
148 0.0985088124871254
149 0.11604218930006027
150 0.09695369750261307
151 0.10944969952106476
152 0.08393034338951111
153 0.09890332072973251
154 0.13334934413433075
155 0.09210745990276337
156 0.1065872386097908
157 0.10375416278839111
158 0.10931655019521713
159 0.08536834269762039
160 0.12626485526561737
161 0.09274422377347946
162 0.09579291939735413
163 0.1177525594830513
164 0.13792520761489868
165 0.09062916785478592
166 0.11061747372150421
167 0.10755892097949982
168 0.0870203971862793
169 0.09630988538265228
170 0.12101301550865173
171 0.11357663571834564
172 0.1008281409740448
173 0.11796656996011734
174 0.10047076642513275
175 0.09161142259836197
176 0.09864795953035355
177 0.10789675265550613
178 0.11408096551895142
179 0.10610347241163254
180 0.07932709902524948
181 0.09751863777637482
182 0.10451830178499222
183 0.13246341049671173
184 0.08262138813734055
185 0.10717300325632095
186 0.1015651673078537
187 0.09253736585378647
188 0.08317796140909195
189 0.10188060998916626
190 0.09836187958717346
191 0.09471315890550613
192 0.07703343033790588
193 0.13920176029205322
194 0.09933490306138992
195 0.08955080062150955
196 0.09958375990390778
197 0.10059790313243866
198 0.08654406666755676
199 0.08890814334154129
200 0.09860590100288391
201 0.12114644795656204
202 0.09860090166330338
203 0.0836092010140419
204 0.11264680325984955
205 0.09031931310892105
206 0.09203284233808517
207 0.08788219839334488
208 0.0855347067117691
209 0.09185604751110077
210 0.0857774168252945
211 0.10777921974658966
212 0.10903004556894302
213 0.09502369910478592
214 0.1028783842921257
215 0.10634732991456985
216 0.09361012279987335
217 0.08911024034023285
218 0.08770884573459625
219 0.0883432999253273
220 0.0787438377737999
221 0.09835541248321533
222 0.08964067697525024
223 0.12767764925956726
224 0.09711004048585892
225 0.08403226733207703
226 0.0940321832895279
227 0.07306348532438278
228 0.08058438450098038
229 0.10266730189323425
230 0.10509797185659409
231 0.1026291772723198
232 0.08562899380922318
233 0.10226040333509445
234 0.09484077244997025
235 0.0964835062623024
236 0.08410035818815231
237 0.12937387824058533
238 0.08580298721790314
239 0.08513616025447845
240 0.09497562795877457
241 0.07511714100837708
242 0.12342624366283417
243 0.09200570732355118
244 0.08968557417392731
245 0.09154761582612991
246 0.09256470948457718
247 0.12814961373806
248 0.08943875133991241
249 0.09472481161355972
250 0.09809283167123795
251 0.07454513758420944
252 0.1119251549243927
253 0.08167783915996552
254 0.0859239473938942
255 0.08651262521743774
256 0.09418158233165741
257 0.08417128026485443
258 0.09035526216030121
259 0.08335766196250916
260 0.08483833819627762
261 0.08408942818641663
262 0.10098728537559509
263 0.08312742412090302
264 0.09333118796348572
265 0.10861147195100784
266 0.07655563950538635
267 0.09173548221588135
268 0.08443392068147659
269 0.08974379301071167
270 0.0902177169919014
271 0.11352725327014923
272 0.07436635345220566
273 0.09263437986373901
274 0.10290874540805817
275 0.07577089220285416
276 0.09067603945732117
277 0.09838484227657318
278 0.09725037217140198
279 0.08965223282575607
280 0.10242637991905212
281 0.08853836357593536
282 0.09728781133890152
283 0.08653660118579865
284 0.10614576190710068
285 0.08641195297241211
286 0.08112526684999466
287 0.08074972778558731
288 0.08215013146400452
289 0.0655987337231636
290 0.0805707722902298
291 0.08034854382276535
292 0.09677468985319138
293 0.09665612876415253
294 0.08252624422311783
295 0.07623639702796936
296 0.13462309539318085
297 0.08358458429574966
298 0.08720408380031586
299 0.07904638350009918
300 0.07906088978052139
301 0.10772348195314407
302 0.08489209413528442
303 0.07961566746234894
304 0.08683349192142487
305 0.07489202171564102
306 0.07400792092084885
307 0.07759077101945877
308 0.08082704991102219
309 0.09399937093257904
310 0.09673953056335449
311 0.07785069942474365
312 0.09887729585170746
313 0.09061755985021591
314 0.0785449966788292
315 0.07971663773059845
316 0.08241672068834305
317 0.09679456055164337
318 0.08047453314065933
319 0.09810452163219452
320 0.08562225103378296
321 0.07545661926269531
322 0.08936359733343124
323 0.08968586474657059
324 0.07318154722452164
325 0.10517539829015732
326 0.0783834382891655
327 0.08070778846740723
328 0.09482531249523163
329 0.0859316885471344
330 0.07883801311254501
331 0.11538393795490265
332 0.06744160503149033
333 0.0734180212020874
334 0.08064655214548111
335 0.08044736087322235
336 0.10804399847984314
337 0.09706158936023712
338 0.0711342915892601
339 0.11145294457674026
340 0.07426297664642334
341 0.07153405249118805
342 0.0755266547203064
343 0.06842689961194992
344 0.0794273242354393
345 0.0923253670334816
346 0.07425446808338165
347 0.08055534958839417
348 0.07782894372940063
349 0.06669493764638901
350 0.09318693727254868
351 0.08716227114200592
352 0.07587353140115738
353 0.08117622882127762
354 0.08712786436080933
355 0.08102220296859741
356 0.085060715675354
357 0.06741844117641449
358 0.08805596828460693
359 0.0815490260720253
360 0.08621873706579208
361 0.07588502764701843
362 0.07913185656070709
363 0.08360662311315536
364 0.08549245446920395
365 0.07004234194755554
366 0.08434439450502396
367 0.09687598049640656
368 0.09101034700870514
369 0.08376815170049667
370 0.08845856040716171
371 0.06916671991348267
372 0.09226510673761368
373 0.06167881563305855
374 0.07723584771156311
375 0.07461602985858917
376 0.0944259762763977
377 0.07677293568849564
378 0.07009915262460709
379 0.07871947437524796
380 0.07829739153385162
381 0.07459704577922821
382 0.0834353119134903
383 0.07361121475696564
384 0.07079929858446121
385 0.07222004234790802
386 0.09274527430534363
387 0.05933301895856857
388 0.08576152473688126
389 0.08392810821533203
390 0.06314902007579803
391 0.09932564198970795
392 0.08283782005310059
393 0.06768999248743057
394 0.08081528544425964
395 0.07622958719730377
396 0.09675903618335724
397 0.06613223999738693
398 0.0665782168507576
399 0.10774771869182587
400 0.07290485501289368
