1 1.414118766784668
2 1.4311819076538086
3 1.31187105178833
4 1.3480421304702759
5 1.3644654750823975
6 1.3312772512435913
7 1.3851916790008545
8 1.3530230522155762
9 1.3265950679779053
10 1.3544648885726929
11 1.3274096250534058
12 1.2652719020843506
13 1.3279908895492554
14 1.3989179134368896
15 1.3348093032836914
16 1.3491904735565186
17 1.3135461807250977
18 1.4187939167022705
19 1.3372502326965332
20 1.341776728630066
21 1.3197689056396484
22 1.30971097946167
23 1.3541913032531738
24 1.354235053062439
25 1.3735086917877197
26 1.3281407356262207
27 1.295427680015564
28 1.3343883752822876
29 1.3592398166656494
30 1.3406535387039185
31 1.296318769454956
32 1.350981593132019
33 1.324944019317627
34 1.3268108367919922
35 1.350689172744751
36 1.2898210287094116
37 1.3047207593917847
38 1.348906397819519
39 1.3649822473526
40 1.3694982528686523
41 1.375093936920166
42 1.3600949048995972
43 1.3580313920974731
44 1.3209365606307983
45 1.321765661239624
46 1.3070881366729736
47 1.3823148012161255
48 1.3209091424942017
49 1.3360095024108887
50 1.334225058555603
51 1.3288930654525757
52 1.329702377319336
53 1.3390225172042847
54 1.3451731204986572
55 1.3258849382400513
56 1.3576608896255493
57 1.3328819274902344
58 1.3532817363739014
59 1.377931833267212
60 1.3461273908615112
61 1.3187755346298218
62 1.3549201488494873
63 1.316917061805725
64 1.3617444038391113
65 1.2910432815551758
66 1.3512719869613647
67 1.326721429824829
68 1.3361951112747192
69 1.3579018115997314
70 1.3824506998062134
71 1.3285226821899414
72 1.3440539836883545
73 1.3961372375488281
74 1.3175243139266968
75 1.3685663938522339
76 1.3416938781738281
77 1.3585236072540283
78 1.2882319688796997
79 1.335837721824646
80 1.3332148790359497
81 1.3830382823944092
82 1.3601614236831665
83 1.3258179426193237
84 1.3086786270141602
85 1.3393069505691528
86 1.3331098556518555
87 1.3035426139831543
88 1.3664777278900146
89 1.3372015953063965
90 1.3668956756591797
91 1.3374758958816528
92 1.3067660331726074
93 1.3418468236923218
94 1.343429684638977
95 1.3254274129867554
96 1.3650907278060913
97 1.3369859457015991
98 1.3433382511138916
99 1.332703709602356
100 1.3319756984710693
101 1.3070907592773438
102 1.324384093284607
103 1.3613709211349487
104 1.336259126663208
105 1.3292791843414307
106 1.3154312372207642
107 1.3534736633300781
108 1.3450512886047363
109 1.3166043758392334
110 1.325817346572876
111 1.3344825506210327
112 1.347098469734192
113 1.360796332359314
114 1.3284553289413452
115 1.3625996112823486
116 1.2940858602523804
117 1.309831976890564
118 1.3783912658691406
119 1.3446481227874756
120 1.380448341369629
121 1.3510757684707642
122 1.3134026527404785
123 1.3480156660079956
124 1.3003226518630981
125 1.3761820793151855
126 1.348827600479126
127 1.3329665660858154
128 1.32899010181427
129 1.3409804105758667
130 1.3153338432312012
131 1.3241682052612305
132 1.3652915954589844
133 1.3325512409210205
134 1.3569175004959106
135 1.3483575582504272
136 1.3403631448745728
137 1.364736795425415
138 1.3124217987060547
139 1.33505380153656
140 1.359338641166687
141 1.3519819974899292
142 1.3552358150482178
143 1.3520525693893433
144 1.3301446437835693
145 1.3939570188522339
146 1.3108023405075073
147 1.340257167816162
148 1.302988052368164
149 1.3508723974227905
150 1.400468349456787
151 1.3960427045822144
152 1.356644868850708
153 1.3360326290130615
154 1.3296453952789307
155 1.3237258195877075
156 1.339767575263977
157 1.3315024375915527
158 1.3675761222839355
159 1.3274908065795898
160 1.3360003232955933
161 1.3505162000656128
162 1.3694809675216675
163 1.3173576593399048
164 1.3436784744262695
165 1.3483084440231323
166 1.3091799020767212
167 1.3315926790237427
168 1.315551996231079
169 1.3243387937545776
170 1.3706536293029785
171 1.3458716869354248
172 1.3176121711730957
173 1.3238096237182617
174 1.3310827016830444
175 1.3038885593414307
176 1.354299783706665
177 1.4198310375213623
178 1.3635932207107544
179 1.28481125831604
180 1.3426340818405151
181 1.3452740907669067
182 1.3015648126602173
183 1.318285584449768
184 1.3075522184371948
185 1.389417052268982
186 1.3924548625946045
187 1.3278021812438965
188 1.3414360284805298
189 1.3671691417694092
190 1.2910807132720947
191 1.2790939807891846
192 1.35514235496521
193 1.3412916660308838
194 1.3371621370315552
195 1.3806954622268677
196 1.3489398956298828
197 1.3308969736099243
198 1.4228990077972412
199 1.3163021802902222
200 1.3983476161956787
