1 1.2932168245315552
2 1.2562545537948608
3 1.2528223991394043
4 1.2412567138671875
5 1.2679024934768677
6 1.2427846193313599
7 1.237701177597046
8 1.2532793283462524
9 1.2725260257720947
10 1.2593015432357788
11 1.2363691329956055
12 1.2714983224868774
13 1.2435479164123535
14 1.2638624906539917
15 1.240372657775879
16 1.2651081085205078
17 1.2468616962432861
18 1.2339495420455933
19 1.2636970281600952
20 1.2655562162399292
21 1.2585031986236572
22 1.2554283142089844
23 1.2871342897415161
24 1.2599201202392578
25 1.2579731941223145
26 1.2470307350158691
27 1.266916275024414
28 1.2641265392303467
29 1.2629199028015137
30 1.2706756591796875
31 1.2490551471710205
32 1.2641130685806274
33 1.2745592594146729
34 1.2553191184997559
35 1.2508013248443604
36 1.2381348609924316
37 1.2620859146118164
38 1.2365803718566895
39 1.2615705728530884
40 1.2640477418899536
41 1.2638983726501465
42 1.2532232999801636
43 1.2492554187774658
44 1.2650986909866333
45 1.273764967918396
46 1.2655669450759888
47 1.2707971334457397
48 1.250820279121399
49 1.3607754707336426
50 1.2553186416625977
51 1.2580798864364624
52 1.2513303756713867
53 1.229465126991272
54 1.2509546279907227
55 1.257473349571228
56 1.238136649131775
57 1.2645183801651
58 1.2405356168746948
59 1.2739684581756592
60 1.2662433385849
61 1.2522155046463013
62 1.2625021934509277
63 1.236756682395935
64 1.2487131357192993
65 1.2676904201507568
66 1.2475950717926025
67 1.2385588884353638
68 1.2678953409194946
69 1.2628259658813477
70 1.2658658027648926
71 1.2675927877426147
72 1.2520166635513306
73 1.2445560693740845
74 1.2688300609588623
75 1.258989691734314
76 1.2538697719573975
77 1.281711459159851
78 1.2610818147659302
79 1.2737820148468018
80 1.265244722366333
81 1.2506215572357178
82 1.2521247863769531
83 1.2461954355239868
84 1.2497211694717407
85 1.2630540132522583
86 1.2556018829345703
87 1.2478737831115723
88 1.26553475856781
89 1.2727631330490112
90 1.243564486503601
91 1.233209252357483
92 1.2430081367492676
93 1.2527967691421509
94 1.2702268362045288
95 1.274487018585205
96 1.2566016912460327
97 1.2477459907531738
98 1.2599183320999146
99 1.255246877670288
100 1.273700475692749
101 1.2394579648971558
102 1.2660412788391113
103 1.2565497159957886
104 1.2590850591659546
105 1.2608819007873535
106 1.302341103553772
107 1.2577420473098755
108 1.2541395425796509
109 1.2540651559829712
110 1.2435762882232666
111 1.2437392473220825
112 1.2701886892318726
113 1.257607340812683
114 1.266330599784851
115 1.2562739849090576
116 1.2457119226455688
117 1.2563968896865845
118 1.2443697452545166
119 1.2597848176956177
120 1.269653081893921
121 1.2806264162063599
122 1.2500706911087036
123 1.2481008768081665
124 1.2586374282836914
125 1.2816370725631714
126 1.2370539903640747
127 1.2640252113342285
128 1.247395396232605
129 1.2623562812805176
130 1.2679193019866943
131 1.2738869190216064
132 1.2391963005065918
133 1.2519899606704712
134 1.260364055633545
135 1.2576518058776855
136 1.2605668306350708
137 1.2519922256469727
138 1.2527328729629517
139 1.2509750127792358
140 1.2539788484573364
141 1.2489851713180542
142 1.2621197700500488
143 1.2736707925796509
144 1.26027250289917
145 1.2585535049438477
146 1.2724802494049072
147 1.2740283012390137
148 1.272599697113037
149 1.2588673830032349
150 1.2593634128570557
151 1.2438559532165527
152 1.2426025867462158
153 1.2438653707504272
154 1.2629146575927734
155 1.2640622854232788
156 1.2468706369400024
157 1.26140558719635
158 1.2574726343154907
159 1.2580300569534302
160 1.2534282207489014
161 1.2510415315628052
162 1.2566479444503784
163 1.2834980487823486
164 1.2667073011398315
165 1.2353808879852295
166 1.2730932235717773
167 1.269147276878357
168 1.2533094882965088
169 1.2551243305206299
170 1.2728917598724365
171 1.2556418180465698
172 1.2460575103759766
173 1.2501494884490967
174 1.2554768323898315
175 1.2642980813980103
176 1.2477058172225952
177 1.239413857460022
178 1.2753745317459106
179 1.2521183490753174
180 1.266634225845337
181 1.2756662368774414
182 1.2635856866836548
183 1.2437623739242554
184 1.2679038047790527
185 1.2562956809997559
186 1.2486737966537476
187 1.2443822622299194
188 1.2674816846847534
189 1.264667272567749
190 1.2776628732681274
191 1.2608633041381836
192 1.245587706565857
193 1.254652976989746
194 1.2557704448699951
195 1.2646280527114868
196 1.2405568361282349
197 1.249121904373169
198 1.2760810852050781
199 1.2548846006393433
200 1.2630292177200317
201 1.2525607347488403
202 1.239292860031128
203 1.2853094339370728
204 1.247241735458374
205 1.2425692081451416
206 1.2496446371078491
207 1.266074538230896
208 1.2567131519317627
209 1.2442673444747925
210 1.261242389678955
211 1.2594908475875854
212 1.2513686418533325
213 1.2350999116897583
214 1.2725154161453247
215 1.2465823888778687
216 1.272552251815796
217 1.2553925514221191
218 1.2590656280517578
219 1.2665088176727295
220 1.2557703256607056
221 1.247117280960083
222 1.2543662786483765
223 1.2508935928344727
224 1.2526558637619019
225 1.2581533193588257
226 1.2586793899536133
227 1.2724653482437134
228 1.2463980913162231
229 1.2741447687149048
230 1.253605604171753
231 1.2515933513641357
232 1.2610529661178589
233 1.253456950187683
234 1.2621982097625732
235 1.274694800376892
236 1.272888422012329
237 1.2511299848556519
238 1.278326153755188
239 1.268720269203186
240 1.2603414058685303
241 1.2545350790023804
242 1.2603236436843872
243 1.2590035200119019
244 1.2590540647506714
245 1.2611305713653564
246 1.2793359756469727
247 1.2750663757324219
248 1.2597646713256836
249 1.2688512802124023
250 1.2408599853515625
251 1.2521330118179321
252 1.2427784204483032
253 1.249369740486145
254 1.2760262489318848
255 1.2612470388412476
256 1.2526533603668213
257 1.2444212436676025
258 1.2356563806533813
259 1.2499536275863647
260 1.2943638563156128
261 1.2605937719345093
262 1.2682194709777832
263 1.2506539821624756
264 1.2664499282836914
265 1.2601059675216675
266 1.2488350868225098
267 1.2451876401901245
268 1.2667709589004517
269 1.2598905563354492
270 1.2594393491744995
271 1.2720367908477783
272 1.2363084554672241
273 1.2628508806228638
274 1.2529658079147339
275 1.259534239768982
276 1.2642203569412231
277 1.2725348472595215
278 1.2513586282730103
279 1.2638580799102783
280 1.2387477159500122
281 1.2297862768173218
282 1.293270230293274
283 1.26006019115448
284 1.2633371353149414
285 1.2754708528518677
286 1.2452654838562012
287 1.257156252861023
288 1.253810167312622
289 1.266255497932434
290 1.2533104419708252
291 1.242622971534729
292 1.2568804025650024
293 1.2808066606521606
294 1.238801121711731
295 1.2725777626037598
296 1.2585971355438232
297 1.2315824031829834
298 1.256239652633667
299 1.2613095045089722
300 1.2489292621612549
301 1.2633990049362183
302 1.2305107116699219
303 1.2551976442337036
304 1.2521559000015259
305 1.2546558380126953
306 1.2749277353286743
307 1.2611244916915894
308 1.2729604244232178
309 1.2624077796936035
310 1.2597219944000244
311 1.26422119140625
312 1.2597230672836304
313 1.2434767484664917
314 1.2567195892333984
315 1.2842684984207153
316 1.2490675449371338
317 1.2332779169082642
318 1.2676575183868408
319 1.2453186511993408
320 1.2610704898834229
321 1.244585394859314
322 1.2741117477416992
323 1.2471884489059448
324 1.2680507898330688
325 1.2450103759765625
326 1.2377220392227173
327 1.254991888999939
328 1.2769705057144165
329 1.2529884576797485
330 1.2891738414764404
331 1.2618578672409058
332 1.2465163469314575
333 1.2517918348312378
334 1.2655606269836426
335 1.2607790231704712
336 1.2474201917648315
337 1.2350770235061646
338 1.258726716041565
339 1.243787407875061
340 1.2666114568710327
341 1.268825888633728
342 1.2706692218780518
343 1.2456189393997192
344 1.2660268545150757
345 1.2589836120605469
346 1.2726097106933594
347 1.2598867416381836
348 1.2477195262908936
349 1.2606955766677856
350 1.243146538734436
351 1.252862572669983
352 1.2433031797409058
353 1.253186821937561
354 1.270567536354065
355 1.2516741752624512
356 1.2717797756195068
357 1.2511886358261108
358 1.2445666790008545
359 1.2410210371017456
360 1.2557573318481445
361 1.2471470832824707
362 1.2414042949676514
363 1.2464016675949097
364 1.241525650024414
365 1.2647382020950317
366 1.2661259174346924
367 1.2510037422180176
368 1.2761931419372559
369 1.2511610984802246
370 1.2595463991165161
371 1.2515825033187866
372 1.2631890773773193
373 1.2581713199615479
374 1.2580302953720093
375 1.265845537185669
376 1.2674751281738281
377 1.260010004043579
378 1.2645378112792969
379 1.2484614849090576
380 1.2781518697738647
381 1.2300453186035156
382 1.2581053972244263
383 1.273985505104065
384 1.2518978118896484
385 1.2760190963745117
386 1.284617304801941
387 1.243471622467041
388 1.2570668458938599
389 1.2373825311660767
390 1.2758899927139282
391 1.2656887769699097
392 1.2471154928207397
393 1.2675729990005493
394 1.24642014503479
395 1.26536226272583
396 1.2552578449249268
397 1.254165768623352
398 1.2641735076904297
399 1.2605708837509155
400 1.2640528678894043
