1 1.1631947755813599
2 1.1068990230560303
3 1.0402522087097168
4 0.9720916748046875
5 0.9063740372657776
6 0.8459573984146118
7 0.792694091796875
8 0.7448181509971619
9 0.7022013664245605
10 0.6667482852935791
11 0.633449375629425
12 0.6042611002922058
13 0.5776854753494263
14 0.551288902759552
15 0.5273428559303284
16 0.5063509941101074
17 0.486990362405777
18 0.46794360876083374
19 0.4509345591068268
20 0.4305981993675232
21 0.41486430168151855
22 0.39785173535346985
23 0.38336890935897827
24 0.36954861879348755
25 0.3571764826774597
26 0.3435923755168915
27 0.33305588364601135
28 0.32276615500450134
29 0.30908966064453125
30 0.3026273250579834
31 0.292447954416275
32 0.2863385081291199
33 0.2777352035045624
34 0.2711309790611267
35 0.2637307941913605
36 0.25809168815612793
37 0.25234174728393555
38 0.24500004947185516
39 0.24137169122695923
40 0.23631320893764496
41 0.234014093875885
42 0.22576142847537994
43 0.2225322276353836
44 0.21834206581115723
45 0.21581867337226868
46 0.21005544066429138
47 0.20996814966201782
48 0.20363672077655792
49 0.20317646861076355
50 0.19851194322109222
51 0.19420410692691803
52 0.19277696311473846
53 0.1901615560054779
54 0.18610063195228577
55 0.18180081248283386
56 0.18296214938163757
57 0.1776578724384308
58 0.17785847187042236
59 0.17398014664649963
60 0.1734871119260788
61 0.17026783525943756
62 0.16787371039390564
63 0.1657603681087494
64 0.16516685485839844
65 0.16430999338626862
66 0.16412529349327087
67 0.1607838124036789
68 0.1595228761434555
69 0.1540631502866745
70 0.15458248555660248
71 0.15152421593666077
72 0.15148061513900757
73 0.14918221533298492
74 0.14775244891643524
75 0.14774495363235474
76 0.1470736861228943
77 0.14595922827720642
78 0.14626656472682953
79 0.14119192957878113
80 0.14039868116378784
81 0.14004968106746674
82 0.14029181003570557
83 0.13853546977043152
84 0.13664665818214417
85 0.13508003950119019
86 0.13313588500022888
87 0.13376906514167786
88 0.13439325988292694
89 0.13019238412380219
90 0.1313992589712143
91 0.12781237065792084
92 0.12619613111019135
93 0.12729187309741974
94 0.1310410052537918
95 0.12760603427886963
96 0.12485603243112564
97 0.12418368458747864
98 0.12335959076881409
99 0.12361028790473938
100 0.12260741740465164
101 0.122327521443367
102 0.12132811546325684
103 0.11967480927705765
104 0.11959328502416611
105 0.12021227180957794
106 0.11894816905260086
107 0.11764442175626755
108 0.11759348958730698
109 0.11640369892120361
110 0.11539389938116074
111 0.11695273965597153
112 0.11545775085687637
113 0.11145441979169846
114 0.11465071886777878
115 0.1133994311094284
116 0.11257623881101608
117 0.11148053407669067
118 0.11046945303678513
119 0.11063671112060547
120 0.11042914539575577
121 0.11015066504478455
122 0.1085517555475235
123 0.11087080836296082
124 0.11188122630119324
125 0.10721565783023834
126 0.10969521850347519
127 0.10629916936159134
128 0.10861322283744812
129 0.10582733154296875
130 0.10408685356378555
131 0.1044473797082901
132 0.10486824065446854
133 0.10376264899969101
134 0.10585843026638031
135 0.10116875916719437
136 0.1034708023071289
137 0.10096228867769241
138 0.10223366320133209
139 0.10406780987977982
140 0.10127797722816467
141 0.10215479135513306
142 0.10112004727125168
143 0.10109510272741318
144 0.09952738881111145
145 0.09818487614393234
146 0.098726786673069
147 0.09986666589975357
148 0.0996585413813591
149 0.09757030755281448
150 0.09726431220769882
151 0.09795497357845306
152 0.09843921661376953
153 0.09797155112028122
154 0.09570522606372833
155 0.09527771174907684
156 0.09732818603515625
157 0.0960305780172348
158 0.09429670870304108
159 0.09620625525712967
160 0.09339068084955215
161 0.09389498084783554
162 0.09405174106359482
163 0.09402592480182648
164 0.09256679564714432
165 0.09306774288415909
166 0.09193222224712372
167 0.09505448490381241
168 0.09207583963871002
169 0.0929580107331276
170 0.0959043875336647
171 0.09025168418884277
172 0.09000372886657715
173 0.08985939621925354
174 0.08984238654375076
175 0.09133020788431168
176 0.09074503183364868
177 0.09126394242048264
178 0.09050045907497406
179 0.09066081792116165
180 0.08962073922157288
181 0.08946255594491959
182 0.08739114552736282
183 0.08928008377552032
184 0.08907397836446762
185 0.0862860456109047
186 0.08810503035783768
187 0.08826087415218353
188 0.08657154440879822
189 0.09017681330442429
190 0.0880468338727951
191 0.08555293828248978
192 0.08793873339891434
193 0.08562718331813812
194 0.08580491691827774
195 0.08522350341081619
196 0.08505348861217499
197 0.08664093166589737
198 0.08592258393764496
199 0.08617919683456421
200 0.08620219677686691
