1 1.2989412546157837
2 1.1857982873916626
3 1.1597633361816406
4 1.133217692375183
5 1.1004869937896729
6 1.061439037322998
7 1.0223729610443115
8 0.9851815104484558
9 0.9506842494010925
10 0.9200279116630554
11 0.8923159241676331
12 0.8670365810394287
13 0.8434762358665466
14 0.8214405179023743
15 0.8020089268684387
16 0.7844404578208923
17 0.7663916349411011
18 0.750926673412323
19 0.7372158765792847
20 0.7247751951217651
21 0.7121235728263855
22 0.7008681893348694
23 0.6888648271560669
24 0.6789660453796387
25 0.6684890985488892
26 0.65865558385849
27 0.6505247950553894
28 0.6423467993736267
29 0.6330304145812988
30 0.6257163882255554
31 0.6184747219085693
32 0.6101701259613037
33 0.6039162278175354
34 0.5967279672622681
35 0.5902921557426453
36 0.5841216444969177
37 0.5778980851173401
38 0.5718304514884949
39 0.5671373009681702
40 0.5607892870903015
41 0.5556825399398804
42 0.549231767654419
43 0.5453699827194214
44 0.5406011343002319
45 0.5361804962158203
46 0.531343400478363
47 0.5263769626617432
48 0.522651731967926
49 0.5175396800041199
50 0.514028787612915
51 0.5091463923454285
52 0.505893349647522
53 0.5016160607337952
54 0.4970942437648773
55 0.494105726480484
56 0.48926255106925964
57 0.4864049553871155
58 0.48236849904060364
59 0.47783732414245605
60 0.47473788261413574
61 0.47216635942459106
62 0.468794584274292
63 0.46493256092071533
64 0.4610080420970917
65 0.4581473171710968
66 0.45487111806869507
67 0.4512196183204651
68 0.44801023602485657
69 0.44495025277137756
70 0.4421805739402771
71 0.43849629163742065
72 0.43592143058776855
73 0.43286949396133423
74 0.4299948513507843
75 0.42640912532806396
76 0.4235735535621643
77 0.4213961958885193
78 0.4184403419494629
79 0.4150060713291168
80 0.4124845564365387
81 0.4085262715816498
82 0.40715184807777405
83 0.4046518802642822
84 0.401692271232605
85 0.3995601534843445
86 0.397368460893631
87 0.3942149877548218
88 0.392401784658432
89 0.3885667026042938
90 0.38584232330322266
91 0.3833848536014557
92 0.3817344307899475
93 0.38003113865852356
94 0.37781059741973877
95 0.37478938698768616
96 0.373121976852417
97 0.37130725383758545
98 0.36818864941596985
99 0.36607879400253296
100 0.3644940257072449
101 0.36229178309440613
102 0.360034704208374
103 0.35753828287124634
104 0.35606449842453003
105 0.35409578680992126
106 0.3523881733417511
107 0.3499225676059723
108 0.3484126925468445
109 0.3458555340766907
110 0.3450552225112915
111 0.34227073192596436
112 0.34091266989707947
113 0.3389909267425537
114 0.3365825414657593
115 0.33491072058677673
116 0.3324703276157379
117 0.33130189776420593
118 0.3301776051521301
119 0.3286195695400238
120 0.3261517882347107
121 0.32536494731903076
122 0.3226678669452667
123 0.3217110335826874
124 0.3203519582748413
125 0.3181062638759613
126 0.3162592947483063
127 0.31531593203544617
128 0.3136431872844696
129 0.3115295171737671
130 0.31178829073905945
131 0.30954819917678833
132 0.3074941635131836
133 0.30535048246383667
134 0.30412641167640686
135 0.30349454283714294
136 0.3014574348926544
137 0.3007635474205017
138 0.29925885796546936
139 0.29714512825012207
140 0.2968055307865143
141 0.2941858768463135
142 0.2940315902233124
143 0.2916586697101593
144 0.29161137342453003
145 0.2893388271331787
146 0.2881437838077545
147 0.2870720624923706
148 0.28532516956329346
149 0.2837735116481781
150 0.28301864862442017
151 0.2816254794597626
152 0.28002628684043884
153 0.2791194021701813
154 0.2772611081600189
155 0.277266263961792
156 0.27574875950813293
157 0.2743542194366455
158 0.27368196845054626
159 0.2722741365432739
160 0.2713605761528015
161 0.26957592368125916
162 0.2693714499473572
163 0.26787683367729187
164 0.2663116157054901
165 0.26530975103378296
166 0.2650524973869324
167 0.263928085565567
168 0.2640799582004547
169 0.2609975039958954
170 0.260052889585495
171 0.26038557291030884
172 0.25961118936538696
173 0.25750860571861267
174 0.25657784938812256
175 0.2565279006958008
176 0.2548182010650635
177 0.2551284730434418
178 0.2534591257572174
179 0.25167566537857056
180 0.2531566917896271
181 0.2504776120185852
182 0.25050628185272217
183 0.25019562244415283
184 0.2486676722764969
185 0.24800299108028412
186 0.24702928960323334
187 0.2466925084590912
188 0.24665243923664093
189 0.24629099667072296
190 0.24473083019256592
191 0.24468743801116943
192 0.24261005222797394
193 0.2425612211227417
194 0.24209390580654144
195 0.24138809740543365
196 0.24138085544109344
197 0.23995885252952576
198 0.23956894874572754
199 0.2395179718732834
200 0.2385963648557663
