1 1.2274922132492065
2 1.1108895540237427
3 1.0436670780181885
4 0.9752145409584045
5 0.9029050469398499
6 0.8385875821113586
7 0.7833724617958069
8 0.7350757718086243
9 0.690156877040863
10 0.6533798575401306
11 0.6183249354362488
12 0.5890318751335144
13 0.5603918433189392
14 0.5346347689628601
15 0.5095005035400391
16 0.4881555438041687
17 0.4649619162082672
18 0.443553626537323
19 0.42687222361564636
20 0.4098871648311615
21 0.38737720251083374
22 0.37150654196739197
23 0.35771411657333374
24 0.3427446782588959
25 0.3294679820537567
26 0.3186977803707123
27 0.30518969893455505
28 0.2978052794933319
29 0.2874740958213806
30 0.27876225113868713
31 0.2715336084365845
32 0.26205024123191833
33 0.25434181094169617
34 0.25174257159233093
35 0.24320444464683533
36 0.2353368103504181
37 0.2315479815006256
38 0.22571450471878052
39 0.22227023541927338
40 0.21616904437541962
41 0.21427235007286072
42 0.2098536193370819
43 0.20493429899215698
44 0.20183323323726654
45 0.1976199746131897
46 0.19334883987903595
47 0.19232532382011414
48 0.18833301961421967
49 0.18314848840236664
50 0.18367666006088257
51 0.17697374522686005
52 0.1776846945285797
53 0.17490147054195404
54 0.17175695300102234
55 0.1699485033750534
56 0.1674622744321823
57 0.16896557807922363
58 0.16325972974300385
59 0.16055543720722198
60 0.159255251288414
61 0.16067670285701752
62 0.15759016573429108
63 0.15558701753616333
64 0.1530086249113083
65 0.14918726682662964
66 0.1477426290512085
67 0.14900067448616028
68 0.145856112241745
69 0.14526358246803284
70 0.14339502155780792
71 0.14176009595394135
72 0.14138981699943542
73 0.14004237949848175
74 0.13855452835559845
75 0.13807684183120728
76 0.13813377916812897
77 0.13513529300689697
78 0.13435247540473938
79 0.1319793462753296
80 0.13130062818527222
81 0.12880994379520416
82 0.12916484475135803
83 0.12717628479003906
84 0.12882888317108154
85 0.12633641064167023
86 0.12468599528074265
87 0.1243017315864563
88 0.12359189987182617
89 0.12430690228939056
90 0.12451327592134476
91 0.12045224010944366
92 0.12003021687269211
93 0.12110041081905365
94 0.11732301115989685
95 0.11692377924919128
96 0.11631184071302414
97 0.11794758588075638
98 0.11512907594442368
99 0.11403816938400269
100 0.11485414952039719
101 0.11450449377298355
102 0.11306842416524887
103 0.11184930801391602
104 0.11004447191953659
105 0.10724946856498718
106 0.1121709868311882
107 0.11164282262325287
108 0.10769278556108475
109 0.1099977120757103
110 0.10859331488609314
111 0.10857241600751877
112 0.10560142993927002
113 0.1070542111992836
114 0.10572630167007446
115 0.10649655759334564
116 0.10556350648403168
117 0.10302820056676865
118 0.10638613253831863
119 0.10292386263608932
120 0.10214278846979141
121 0.10723978281021118
122 0.10327570885419846
123 0.10317309200763702
124 0.10101497173309326
125 0.10204416513442993
126 0.10083070397377014
127 0.09817739576101303
128 0.09988782554864883
129 0.09885497391223907
130 0.10086705535650253
131 0.09848450869321823
132 0.09487839788198471
133 0.09889034181833267
134 0.09792694449424744
135 0.09812802076339722
136 0.09372414648532867
137 0.09572456032037735
138 0.09578057378530502
139 0.09479113668203354
140 0.09327857941389084
141 0.09516292810440063
142 0.09337097406387329
143 0.09350767731666565
144 0.09487461298704147
145 0.09435371309518814
146 0.09134455770254135
147 0.09295523911714554
148 0.09587513655424118
149 0.0908639058470726
150 0.09295594692230225
151 0.09121591597795486
152 0.08908207714557648
153 0.08750337362289429
154 0.08966030180454254
155 0.09019402414560318
156 0.0899193212389946
157 0.09068150818347931
158 0.08884616941213608
159 0.08771330118179321
160 0.0875084325671196
161 0.0865710899233818
162 0.09158854186534882
163 0.08802785724401474
164 0.08892153203487396
165 0.08835999667644501
166 0.08588919788599014
167 0.08658724278211594
168 0.08437320590019226
169 0.08464640378952026
170 0.0859716609120369
171 0.08523688465356827
172 0.08349578082561493
173 0.08529255539178848
174 0.08530071377754211
175 0.08610612899065018
176 0.08215892314910889
177 0.08238916099071503
178 0.08384877443313599
179 0.08400138467550278
180 0.08452075719833374
181 0.08380576223134995
182 0.08496680855751038
183 0.08210677653551102
184 0.08241181075572968
185 0.08245126903057098
186 0.08612347394227982
187 0.07906907796859741
188 0.08191899210214615
189 0.07909482717514038
190 0.08241952955722809
191 0.0801360011100769
192 0.08058016002178192
193 0.08109002560377121
194 0.08014563471078873
195 0.07847744226455688
196 0.07902663201093674
197 0.07791288197040558
198 0.0800994411110878
199 0.07940851897001266
200 0.08133381605148315
201 0.08132339268922806
202 0.0783277079463005
203 0.07988983392715454
204 0.08257399499416351
205 0.07708011567592621
206 0.07873108983039856
207 0.07591002434492111
208 0.08105342090129852
209 0.07693865895271301
210 0.07564645260572433
211 0.07566904276609421
212 0.07977040857076645
213 0.0779043585062027
214 0.080166757106781
215 0.0740291029214859
216 0.07858322560787201
217 0.07467102259397507
218 0.07625863701105118
219 0.07472016662359238
220 0.07632256299257278
221 0.07323853671550751
222 0.07347679138183594
223 0.07330149412155151
224 0.07776901125907898
225 0.0748288705945015
226 0.07390571385622025
227 0.07536494731903076
228 0.07337168604135513
229 0.07548613101243973
230 0.07233459502458572
231 0.07391805946826935
232 0.07187435775995255
233 0.07474787533283234
234 0.0740966722369194
235 0.07198967039585114
236 0.07222205400466919
237 0.0726463720202446
238 0.07386036962270737
239 0.07063722610473633
240 0.07432440668344498
241 0.07218187302350998
242 0.07098957151174545
243 0.07177768647670746
244 0.07133398950099945
245 0.07214955240488052
246 0.070505291223526
247 0.07026707381010056
248 0.07194671779870987
249 0.07000336796045303
250 0.06989739835262299
251 0.0733409896492958
252 0.06952474266290665
253 0.06993263214826584
254 0.07168125361204147
255 0.07092771679162979
256 0.0684877410531044
257 0.07060236483812332
258 0.0689796730875969
259 0.0691053494811058
260 0.07001372426748276
261 0.07128340750932693
262 0.07094733417034149
263 0.07037579268217087
264 0.06831470876932144
265 0.06763433665037155
266 0.06803925335407257
267 0.06718242168426514
268 0.06800118833780289
269 0.06697212904691696
270 0.06645946949720383
271 0.06994625180959702
272 0.06796275824308395
273 0.0711393803358078
274 0.0698300153017044
275 0.0677700936794281
276 0.06878332793712616
277 0.07074828445911407
278 0.06786630302667618
279 0.06547905504703522
280 0.06738091260194778
281 0.06697928160429001
282 0.06748958677053452
283 0.0702170729637146
284 0.06907611340284348
285 0.06868558377027512
286 0.06504669785499573
287 0.06655128300189972
288 0.06634120643138885
289 0.06697417795658112
290 0.06511173397302628
291 0.06744398176670074
292 0.0674889013171196
293 0.06700325757265091
294 0.06689462810754776
295 0.06752914935350418
296 0.06428460776805878
297 0.06411537528038025
298 0.06674795597791672
299 0.06314776092767715
300 0.0654391199350357
301 0.06266912817955017
302 0.06638729572296143
303 0.06359142810106277
304 0.06259237229824066
305 0.06396503746509552
306 0.06446777284145355
307 0.06444425880908966
308 0.06480663269758224
309 0.06365358829498291
310 0.06567536294460297
311 0.0633578896522522
312 0.06389126926660538
313 0.06315544992685318
314 0.0635184794664383
315 0.06582764536142349
316 0.060169242322444916
317 0.062188684940338135
318 0.06742917001247406
319 0.06413454562425613
320 0.06329889595508575
321 0.06239033117890358
322 0.06314153224229813
323 0.061991892755031586
324 0.06165402755141258
325 0.06810098886489868
326 0.060671716928482056
327 0.06252294778823853
328 0.06307000666856766
329 0.0604378804564476
330 0.06105216592550278
331 0.06016521900892258
332 0.061075359582901
333 0.06148345395922661
334 0.06189379841089249
335 0.06570835411548615
336 0.06007008999586105
337 0.05941445380449295
338 0.05994618684053421
339 0.0605139322578907
340 0.06240769475698471
341 0.06660022586584091
342 0.06171727925539017
343 0.06259684264659882
344 0.05988848954439163
345 0.05776745826005936
346 0.05995551869273186
347 0.06193770840764046
348 0.06274192035198212
349 0.05972514674067497
350 0.05894406884908676
351 0.061229970306158066
352 0.05839599296450615
353 0.05901545286178589
354 0.05959230661392212
355 0.05968985706567764
356 0.0588473342359066
357 0.059406209737062454
358 0.05738144367933273
359 0.058862920850515366
360 0.06129349768161774
361 0.06003724783658981
362 0.058433882892131805
363 0.05717005208134651
364 0.059757739305496216
365 0.056546568870544434
366 0.058737292885780334
367 0.059015195816755295
368 0.05888174846768379
369 0.05996517464518547
370 0.06177598237991333
371 0.059293437749147415
372 0.05935906618833542
373 0.059487663209438324
374 0.05780685320496559
375 0.05735860764980316
376 0.05892153084278107
377 0.05761639401316643
378 0.062213219702243805
379 0.05910453572869301
380 0.0575922392308712
381 0.05630640313029289
382 0.05794269219040871
383 0.05806255713105202
384 0.05788407474756241
385 0.06040798872709274
386 0.05563041567802429
387 0.05844247341156006
388 0.05730690434575081
389 0.05729491636157036
390 0.05952532961964607
391 0.05528326332569122
392 0.06043052673339844
393 0.058283787220716476
394 0.055644627660512924
395 0.057513851672410965
396 0.0605100579559803
397 0.057787392288446426
398 0.05922636762261391
399 0.05529085174202919
400 0.056081730872392654
401 0.05527200549840927
402 0.05340278521180153
403 0.060049910098314285
404 0.0580153614282608
405 0.058147188276052475
406 0.05815055966377258
407 0.05657460168004036
408 0.05501362681388855
409 0.05483299121260643
410 0.055066075176000595
411 0.053289107978343964
412 0.053765639662742615
413 0.05413141846656799
414 0.056100014597177505
415 0.05405804514884949
416 0.055789005011320114
417 0.05527704209089279
418 0.05626142770051956
419 0.053680818527936935
420 0.05924581363797188
421 0.05603933706879616
422 0.058425698429346085
423 0.057869214564561844
424 0.05462981387972832
425 0.05911501869559288
426 0.054175034165382385
427 0.05483163893222809
428 0.057876214385032654
429 0.05488714575767517
430 0.05474519729614258
431 0.05332290753722191
432 0.052228137850761414
433 0.055486492812633514
434 0.05325765162706375
435 0.05515193194150925
436 0.05312905088067055
437 0.05279265344142914
438 0.056680187582969666
439 0.05478621646761894
440 0.05512762442231178
441 0.052761346101760864
442 0.05324532836675644
443 0.05311562120914459
444 0.05441964790225029
445 0.053301211446523666
446 0.05518999323248863
447 0.05453163757920265
448 0.05306404456496239
449 0.05640937760472298
450 0.051293857395648956
451 0.05630063638091087
452 0.054071489721536636
453 0.05586637184023857
454 0.054766833782196045
455 0.053695693612098694
456 0.05225710570812225
457 0.054621703922748566
458 0.05828895419836044
459 0.05298766866326332
460 0.05216020718216896
461 0.05077357590198517
462 0.052467506378889084
463 0.05418958142399788
464 0.05309582129120827
465 0.05291655659675598
466 0.055204566568136215
467 0.05739599093794823
468 0.05016934871673584
469 0.05179057642817497
470 0.05139987915754318
471 0.05508344992995262
472 0.05114518478512764
473 0.05108767747879028
474 0.05321349576115608
475 0.053287386894226074
476 0.05081981420516968
477 0.053335897624492645
478 0.050303760915994644
479 0.051491931080818176
480 0.051680777221918106
481 0.054274238646030426
482 0.05063746124505997
483 0.05082690343260765
484 0.051510006189346313
485 0.05353908613324165
486 0.05481012538075447
487 0.051224175840616226
488 0.05419837310910225
489 0.0528152659535408
490 0.0499340295791626
491 0.05022858828306198
492 0.05202430114150047
493 0.04986480250954628
494 0.05147184804081917
495 0.052238829433918
496 0.05361257493495941
497 0.05156063288450241
498 0.0550755113363266
499 0.0524635836482048
500 0.05011073499917984
501 0.0511673167347908
502 0.05084918811917305
503 0.054185327142477036
504 0.0523315891623497
505 0.052961286157369614
506 0.04948701709508896
507 0.052444156259298325
508 0.04919325187802315
509 0.0500294491648674
510 0.05120299383997917
511 0.049722086638212204
512 0.04861326888203621
513 0.048788443207740784
514 0.04868222773075104
515 0.051590755581855774
516 0.050109151750802994
517 0.050608523190021515
518 0.05003014951944351
519 0.049565233290195465
520 0.04766929894685745
521 0.053437739610672
522 0.05145661532878876
523 0.049507882446050644
524 0.04925034940242767
525 0.04760909080505371
526 0.049634501338005066
527 0.047934263944625854
528 0.05285848304629326
529 0.052352022379636765
530 0.047521449625492096
531 0.04884124547243118
532 0.05379968136548996
533 0.04896489158272743
534 0.05032504349946976
535 0.051339928060770035
536 0.048812273889780045
537 0.04902747645974159
538 0.0466465950012207
539 0.04912353679537773
540 0.0507761687040329
541 0.04679585248231888
542 0.05011523514986038
543 0.04713922739028931
544 0.050406623631715775
545 0.048010215163230896
546 0.04956592991948128
547 0.047163620591163635
548 0.04324670135974884
549 0.047854628413915634
550 0.05216603726148605
551 0.04861276596784592
552 0.05146506056189537
553 0.0481761172413826
554 0.04662775248289108
555 0.047070834785699844
556 0.04969656839966774
557 0.04876606911420822
558 0.04654321447014809
559 0.04964281991124153
560 0.049089137464761734
561 0.05509280040860176
562 0.046739984303712845
563 0.04665444791316986
564 0.04886198788881302
565 0.047042328864336014
566 0.047458283603191376
567 0.046376705169677734
568 0.05214172974228859
569 0.049449849873781204
570 0.04953378811478615
571 0.046967752277851105
572 0.05052582174539566
573 0.04830250144004822
574 0.053916603326797485
575 0.04698861017823219
576 0.04917963221669197
577 0.0476413294672966
578 0.045498546212911606
579 0.046529609709978104
580 0.04842400923371315
581 0.04806709662079811
582 0.04654299095273018
583 0.047216951847076416
584 0.046905092895030975
585 0.04761732742190361
586 0.04821975529193878
587 0.05006139725446701
588 0.04503129795193672
589 0.046303678303956985
590 0.04513175040483475
591 0.04458708316087723
592 0.04833364114165306
593 0.047552142292261124
594 0.04704225808382034
595 0.04953780397772789
596 0.04456203803420067
597 0.04432263970375061
598 0.04602998122572899
599 0.04742410033941269
600 0.04873078316450119
601 0.04681980982422829
602 0.04665415361523628
603 0.047247264534235
604 0.04894751310348511
605 0.04664206504821777
606 0.04560159891843796
607 0.04468728229403496
608 0.04434460401535034
609 0.04611251875758171
610 0.04467908665537834
611 0.04725678265094757
612 0.045844078063964844
613 0.044707585126161575
614 0.04388633370399475
615 0.04864389821887016
616 0.046066027134656906
617 0.050089530646800995
618 0.04436057433485985
619 0.045650385320186615
620 0.05049272999167442
621 0.047321345657110214
622 0.047059670090675354
623 0.045728810131549835
624 0.04354305565357208
625 0.0465683676302433
626 0.045912884175777435
627 0.051000189036130905
628 0.04476986080408096
629 0.04598817229270935
630 0.045518845319747925
631 0.04563847556710243
632 0.04716699942946434
633 0.043750472366809845
634 0.045253362506628036
635 0.045305054634809494
636 0.046349719166755676
637 0.046236999332904816
638 0.04529368877410889
639 0.04313071072101593
640 0.045094043016433716
641 0.045993272215127945
642 0.045335397124290466
643 0.047558095306158066
644 0.04722405597567558
645 0.04288813844323158
646 0.045487869530916214
647 0.04338045418262482
648 0.044411808252334595
649 0.04317111521959305
650 0.046455491334199905
651 0.049322232604026794
652 0.0465153269469738
653 0.04356633871793747
654 0.046829674392938614
655 0.04556785523891449
656 0.043471988290548325
657 0.04436879605054855
658 0.04240197315812111
659 0.04399469494819641
660 0.04193689674139023
661 0.04411345720291138
662 0.046279262751340866
663 0.04479984566569328
664 0.044826362282037735
665 0.044195447117090225
666 0.04315321147441864
667 0.04471242427825928
668 0.04246242716908455
669 0.05275021493434906
670 0.046855758875608444
671 0.04872217774391174
672 0.04537020996212959
673 0.04354698583483696
674 0.04347289726138115
675 0.04359458014369011
676 0.041550129652023315
677 0.04202613607048988
678 0.04454408213496208
679 0.04504496604204178
680 0.04684930667281151
681 0.05203884840011597
682 0.043983977288007736
683 0.04483683407306671
684 0.04279676824808121
685 0.043519340455532074
686 0.04571826756000519
687 0.04279531538486481
688 0.04169503226876259
689 0.04193730279803276
690 0.041645947843790054
691 0.043247926980257034
692 0.04611976817250252
693 0.04155099764466286
694 0.043371543288230896
695 0.040598347783088684
696 0.04451434686779976
697 0.04676016420125961
698 0.04280060529708862
699 0.04530328884720802
700 0.0440061129629612
701 0.04537668824195862
702 0.04278751090168953
703 0.04311573505401611
704 0.04194642975926399
705 0.042910683900117874
706 0.04323795065283775
707 0.05011986196041107
708 0.044824786484241486
709 0.04727138206362724
710 0.04168706014752388
711 0.04067288339138031
712 0.04477816820144653
713 0.04263301566243172
714 0.043056271970272064
715 0.0413450226187706
716 0.04228860139846802
717 0.04020904377102852
718 0.04417901486158371
719 0.04518808051943779
720 0.04180707409977913
721 0.04544499143958092
722 0.046338506042957306
723 0.04218137264251709
724 0.04222935065627098
725 0.042179759591817856
726 0.041591960936784744
727 0.04395151138305664
728 0.040952038019895554
729 0.0419294610619545
730 0.04175705462694168
731 0.04317869618535042
732 0.04121191427111626
733 0.04026513919234276
734 0.04061366617679596
735 0.042426299303770065
736 0.04555580019950867
737 0.0446767695248127
738 0.04134158417582512
739 0.03947103023529053
740 0.03900427371263504
741 0.040773309767246246
742 0.0431845597922802
743 0.0480688139796257
744 0.0412411093711853
745 0.0519072450697422
746 0.04492303356528282
747 0.04598333686590195
748 0.041437532752752304
749 0.04239451885223389
750 0.0432145930826664
751 0.04250601679086685
752 0.04083188623189926
753 0.04314115270972252
754 0.0420948788523674
755 0.04354076087474823
756 0.03914618119597435
757 0.04061645269393921
758 0.04122530296444893
759 0.043354254215955734
760 0.041185762733221054
761 0.04070897772908211
762 0.04136989638209343
763 0.04077908396720886
764 0.04103448987007141
765 0.04123746603727341
766 0.046155717223882675
767 0.04373669624328613
768 0.040486451238393784
769 0.04035072773694992
770 0.041031837463378906
771 0.045097775757312775
772 0.041147079318761826
773 0.04259621724486351
774 0.043861791491508484
775 0.04021075367927551
776 0.04034234210848808
777 0.040011871606111526
778 0.04060569033026695
779 0.04413003847002983
780 0.03887385129928589
781 0.04119054600596428
782 0.04221696779131889
783 0.04155001416802406
784 0.037661340087652206
785 0.04063080623745918
786 0.04090290144085884
787 0.04025176912546158
788 0.03979149088263512
789 0.04066123440861702
790 0.04013565555214882
791 0.04092616215348244
792 0.0417114682495594
793 0.04111028090119362
794 0.04162122309207916
795 0.040970560163259506
796 0.0471469946205616
797 0.04179694876074791
798 0.04073808342218399
799 0.037454407662153244
800 0.0384632907807827
