1 1.0418189764022827
2 0.6630714535713196
3 0.4952999949455261
4 0.4070693850517273
5 0.35205933451652527
6 0.31639617681503296
7 0.27340924739837646
8 0.2667331397533417
9 0.23470120131969452
10 0.23102174699306488
11 0.19461432099342346
12 0.21261544525623322
13 0.1866227090358734
14 0.1887826919555664
15 0.1902519017457962
16 0.17453424632549286
17 0.17017444968223572
18 0.19538086652755737
19 0.1503911316394806
20 0.14797866344451904
21 0.16158613562583923
22 0.16440404951572418
23 0.1739431917667389
24 0.1541290581226349
25 0.16367700695991516
26 0.13144487142562866
27 0.13011503219604492
28 0.14101991057395935
29 0.155483216047287
30 0.14198918640613556
31 0.15121546387672424
32 0.1439821422100067
33 0.12919168174266815
34 0.12849561870098114
35 0.13211530447006226
36 0.14812201261520386
37 0.12407798320055008
38 0.14615491032600403
39 0.13643591105937958
40 0.10838235169649124
41 0.1416778713464737
42 0.12932288646697998
43 0.12506301701068878
44 0.11918015033006668
45 0.12845909595489502
46 0.12879884243011475
47 0.11949336528778076
48 0.16149193048477173
49 0.13130804896354675
50 0.11578550189733505
51 0.1151856854557991
52 0.11548233777284622
53 0.12044914066791534
54 0.11312442272901535
55 0.13659535348415375
56 0.1145615205168724
57 0.11242189258337021
58 0.1149367019534111
59 0.1454233080148697
60 0.11271649599075317
61 0.11425840854644775
62 0.11317700147628784
63 0.13995523750782013
64 0.09759899228811264
65 0.12017302960157394
66 0.12822312116622925
67 0.10334000736474991
68 0.12070631980895996
69 0.13231591880321503
70 0.11040980368852615
71 0.0990740954875946
72 0.12450387328863144
73 0.09642603248357773
74 0.13214632868766785
75 0.12237761914730072
76 0.09943113476037979
77 0.10910835862159729
78 0.12263842672109604
79 0.09778600931167603
80 0.11117149144411087
81 0.10201040655374527
82 0.09912736713886261
83 0.09897901862859726
84 0.11105414479970932
85 0.12245162576436996
86 0.1091618537902832
87 0.10830854624509811
88 0.10497421026229858
89 0.09216556698083878
90 0.09980948269367218
91 0.12144014984369278
92 0.09731996804475784
93 0.12115086615085602
94 0.11088553816080093
95 0.10410880297422409
96 0.09658081084489822
97 0.09637922793626785
98 0.10508347302675247
99 0.10421644151210785
100 0.11666734516620636
101 0.12970180809497833
102 0.09663353115320206
103 0.09787040948867798
104 0.08744312822818756
105 0.10232961177825928
106 0.08906888961791992
107 0.12705311179161072
108 0.09420657157897949
109 0.08705174177885056
110 0.09837256371974945
111 0.08395722508430481
112 0.09692267328500748
113 0.09749681502580643
114 0.1123184859752655
115 0.10935825109481812
116 0.09137538820505142
117 0.09145676344633102
118 0.09205134958028793
119 0.08610609173774719
120 0.121136374771595
121 0.07958178222179413
122 0.10279612243175507
123 0.1157604455947876
124 0.09150034934282303
125 0.08442885428667068
126 0.09841865301132202
127 0.11954393237829208
128 0.10606428235769272
129 0.09125596284866333
130 0.08882018178701401
131 0.09890416264533997
132 0.08547782152891159
133 0.13004186749458313
134 0.09814045578241348
135 0.09202737361192703
136 0.09822594374418259
137 0.09406619518995285
138 0.09519269317388535
139 0.09290264546871185
140 0.08558066934347153
141 0.0768902599811554
142 0.10139323770999908
143 0.08668118715286255
144 0.09140978753566742
145 0.09485197067260742
146 0.08620692044496536
147 0.10304117202758789
148 0.09677615761756897
149 0.09156286716461182
150 0.08945301920175552
151 0.1003851592540741
152 0.0890500470995903
153 0.08481144905090332
154 0.0949617251753807
155 0.09084772318601608
156 0.10477573424577713
157 0.09844706207513809
158 0.09829574078321457
159 0.08565385639667511
160 0.07706014811992645
161 0.08120384067296982
162 0.07766599208116531
163 0.09157410264015198
164 0.08065679669380188
165 0.07265102118253708
166 0.07556050270795822
167 0.10506225377321243
168 0.105580173432827
169 0.08091254532337189
170 0.12293896824121475
171 0.082239530980587
172 0.10982973873615265
173 0.0870651975274086
174 0.07906369864940643
175 0.07821706682443619
176 0.08750790357589722
177 0.09124696999788284
178 0.07735269516706467
179 0.08572964370250702
180 0.08614229410886765
181 0.08235246688127518
182 0.11976705491542816
183 0.09028489142656326
184 0.08449789136648178
185 0.09306129813194275
186 0.09246093034744263
187 0.08160914480686188
188 0.08415955305099487
189 0.0977068617939949
190 0.08000649511814117
191 0.08105514198541641
192 0.09026558697223663
193 0.08219066262245178
194 0.0709218829870224
195 0.08348383009433746
196 0.08808799088001251
197 0.08072330057621002
198 0.07831793278455734
199 0.0730869323015213
200 0.08899799734354019
