1 1.1088895797729492
2 0.8658292889595032
3 0.7341630458831787
4 0.6790124773979187
5 0.6388548016548157
6 0.6020124554634094
7 0.5717467665672302
8 0.5476288795471191
9 0.5234017968177795
10 0.485187828540802
11 0.43792110681533813
12 0.39350345730781555
13 0.3456721305847168
14 0.3331556022167206
15 0.3088985085487366
16 0.294293612241745
17 0.28952908515930176
18 0.26484477519989014
19 0.2612951397895813
20 0.24490155279636383
21 0.2406175583600998
22 0.22284187376499176
23 0.2161114364862442
24 0.2124793529510498
25 0.20201921463012695
26 0.19923438131809235
27 0.19156761467456818
28 0.17529526352882385
29 0.17913462221622467
30 0.17680209875106812
31 0.17580513656139374
32 0.1725332885980606
33 0.1682921051979065
34 0.1562020480632782
35 0.15893994271755219
36 0.15045619010925293
37 0.14710235595703125
38 0.14135050773620605
39 0.149314284324646
40 0.14603227376937866
41 0.13994714617729187
42 0.1482578068971634
43 0.14218902587890625
44 0.1405887007713318
45 0.13453717529773712
46 0.14042730629444122
47 0.12619160115718842
48 0.12958674132823944
49 0.1440456211566925
50 0.1216692253947258
51 0.12317066639661789
52 0.12090109288692474
53 0.11888086050748825
54 0.11653558909893036
55 0.11787623167037964
56 0.12020013481378555
57 0.10950186103582382
58 0.12092773616313934
59 0.1133248582482338
60 0.11782299727201462
61 0.114141084253788
62 0.11876343935728073
63 0.11311298608779907
64 0.11549757421016693
65 0.11252644658088684
66 0.11840850859880447
67 0.11264900118112564
68 0.11056867241859436
69 0.11429998278617859
70 0.10646893829107285
71 0.11169292777776718
72 0.10968983173370361
73 0.1034228503704071
74 0.11105494201183319
75 0.12023933976888657
76 0.10651545226573944
77 0.13551123440265656
78 0.09979637712240219
79 0.09911931306123734
80 0.11008089780807495
81 0.10686878859996796
82 0.09611578285694122
83 0.10614421963691711
84 0.10514727979898453
85 0.09268491715192795
86 0.10307879745960236
87 0.0980980321764946
88 0.1067667230963707
89 0.09351684153079987
90 0.10443198680877686
91 0.0941990539431572
92 0.09081365168094635
93 0.10324067622423172
94 0.10204003006219864
95 0.09517713636159897
96 0.09626968950033188
97 0.0976804867386818
98 0.09657956659793854
99 0.0942738950252533
100 0.10186181217432022
101 0.10793491452932358
102 0.0876980572938919
103 0.10208569467067719
104 0.09363675117492676
105 0.09041532874107361
106 0.1095794215798378
107 0.09492966532707214
108 0.09095841646194458
109 0.0890231654047966
110 0.09810712933540344
111 0.12622994184494019
112 0.09369926899671555
113 0.08603309094905853
114 0.0869600772857666
115 0.09173227846622467
116 0.07986375689506531
117 0.08207345008850098
118 0.09632320702075958
119 0.08436834812164307
120 0.09289698302745819
121 0.10722685605287552
122 0.08922666311264038
123 0.09200134873390198
124 0.08564057946205139
125 0.09049282968044281
126 0.08366373181343079
127 0.07913563400506973
128 0.09584689140319824
129 0.07950330525636673
130 0.0823829174041748
131 0.10813599824905396
132 0.09300769865512848
133 0.08212468028068542
134 0.0955142229795456
135 0.09998735785484314
136 0.08120375126600266
137 0.08729824423789978
138 0.08842743188142776
139 0.07263531535863876
140 0.08204849064350128
141 0.09647399187088013
142 0.08801266551017761
143 0.0997459813952446
144 0.10853758454322815
145 0.07823331654071808
146 0.07652196288108826
147 0.10368073731660843
148 0.07442761212587357
149 0.08052417635917664
150 0.08837482333183289
151 0.07393244653940201
152 0.0786578357219696
153 0.08846953511238098
154 0.1048952266573906
155 0.08355671912431717
156 0.09583891928195953
157 0.0732901468873024
158 0.07781211286783218
159 0.08493837714195251
160 0.08859673887491226
161 0.08642450720071793
162 0.09252221882343292
163 0.07679475098848343
164 0.08438274264335632
165 0.07817229628562927
166 0.07373370230197906
167 0.07979308813810349
168 0.08213935047388077
169 0.07422348856925964
170 0.07855881750583649
171 0.08429374545812607
172 0.08528677374124527
173 0.0769270658493042
174 0.07650640606880188
175 0.08198046684265137
176 0.08234778046607971
177 0.07424388080835342
178 0.07832227647304535
179 0.08917650580406189
180 0.06814739853143692
181 0.08490364998579025
182 0.07607175409793854
183 0.08937054127454758
184 0.08839526027441025
185 0.07676509022712708
186 0.07994841784238815
187 0.0716201514005661
188 0.07531207799911499
189 0.08615075796842575
190 0.0820339173078537
191 0.07916662842035294
192 0.0829390436410904
193 0.07753697782754898
194 0.06947600096464157
195 0.08023543655872345
196 0.07931255549192429
197 0.10335766524076462
198 0.07305657118558884
199 0.07397297769784927
200 0.07970109581947327
