1 1.2179653644561768
2 1.1683876514434814
3 1.1456856727600098
4 1.1080180406570435
5 1.0676844120025635
6 1.0241105556488037
7 0.9813691973686218
8 0.9423919916152954
9 0.9065617322921753
10 0.8709739446640015
11 0.8350886702537537
12 0.8038429021835327
13 0.7702882289886475
14 0.7403307557106018
15 0.7113164067268372
16 0.6827189922332764
17 0.6556054949760437
18 0.6309037804603577
19 0.6075147390365601
20 0.5870921015739441
21 0.5679436922073364
22 0.5488631129264832
23 0.5298686027526855
24 0.5138088464736938
25 0.49649789929389954
26 0.48165252804756165
27 0.46633240580558777
28 0.45325565338134766
29 0.4395825266838074
30 0.42778393626213074
31 0.4133360683917999
32 0.40382641553878784
33 0.39254826307296753
34 0.3825084865093231
35 0.37144196033477783
36 0.36178088188171387
37 0.35401633381843567
38 0.34523189067840576
39 0.3375093936920166
40 0.3296941816806793
41 0.3220480978488922
42 0.31579145789146423
43 0.30795198678970337
44 0.3032248020172119
45 0.29704397916793823
46 0.28972873091697693
47 0.284823477268219
48 0.2807284891605377
49 0.2756606340408325
50 0.27118104696273804
51 0.264666885137558
52 0.2602165937423706
53 0.2553863525390625
54 0.25198033452033997
55 0.24781575798988342
56 0.2454722374677658
57 0.24079056084156036
58 0.23647849261760712
59 0.23285551369190216
60 0.23007605969905853
61 0.2260599583387375
62 0.22365543246269226
63 0.22034865617752075
64 0.21898622810840607
65 0.2162380814552307
66 0.21177606284618378
67 0.2104029506444931
68 0.20609213411808014
69 0.20267550647258759
70 0.2020929604768753
71 0.20028887689113617
72 0.19665946066379547
73 0.19495344161987305
74 0.19267871975898743
75 0.18906402587890625
76 0.18717528879642487
77 0.18534748256206512
78 0.18407824635505676
79 0.18183977901935577
80 0.17995859682559967
81 0.1781443953514099
82 0.17669735848903656
83 0.1750572770833969
84 0.1735062450170517
85 0.17159727215766907
86 0.16883264482021332
87 0.16819339990615845
88 0.16709935665130615
89 0.16432765126228333
90 0.16511397063732147
91 0.16315418481826782
92 0.16139698028564453
93 0.15929044783115387
94 0.15845374763011932
95 0.15863393247127533
96 0.15711544454097748
97 0.15449851751327515
98 0.15384629368782043
99 0.15304403007030487
100 0.15189014375209808
101 0.14993196725845337
102 0.1493842601776123
103 0.1483103483915329
104 0.1475227028131485
105 0.14571306109428406
106 0.14596910774707794
107 0.1431073099374771
108 0.14398349821567535
109 0.14231932163238525
110 0.14068147540092468
111 0.14023536443710327
112 0.1399165540933609
113 0.1381870061159134
114 0.13871648907661438
115 0.13613587617874146
116 0.13539445400238037
117 0.13563600182533264
118 0.13558688759803772
119 0.1344788521528244
120 0.13466082513332367
121 0.13354195654392242
122 0.13202844560146332
123 0.1307697594165802
124 0.12998059391975403
125 0.12979157269001007
126 0.1292671263217926
127 0.12956446409225464
128 0.12965154647827148
129 0.1278870403766632
130 0.12630605697631836
131 0.12596507370471954
132 0.1253124177455902
133 0.12503306567668915
134 0.12490475922822952
135 0.12353730201721191
136 0.12404563277959824
137 0.12393029779195786
138 0.12212926894426346
139 0.12317187339067459
140 0.12025728076696396
141 0.12097930163145065
142 0.12019217014312744
143 0.1194276437163353
144 0.11848299950361252
145 0.11843857169151306
146 0.11848421394824982
147 0.11820610612630844
148 0.1171247586607933
149 0.11660309880971909
150 0.11607076227664948
151 0.11556100845336914
152 0.11489729583263397
153 0.11593430489301682
154 0.1149568110704422
155 0.11457479000091553
156 0.11196689307689667
157 0.11335881799459457
158 0.11210370808839798
159 0.11170188337564468
160 0.11289262026548386
161 0.11092942208051682
162 0.11202899366617203
163 0.11005417257547379
164 0.10956374555826187
165 0.10938464850187302
166 0.11022897064685822
167 0.10873645544052124
168 0.10933566093444824
169 0.10882827639579773
170 0.10899586230516434
171 0.10649199038743973
172 0.1090376079082489
173 0.10791975259780884
174 0.10564162582159042
175 0.1070917397737503
176 0.1074097752571106
177 0.10553546994924545
178 0.10649745911359787
179 0.10633756220340729
180 0.10554982721805573
181 0.10458735376596451
182 0.10467463731765747
183 0.10311801731586456
184 0.10426750779151917
185 0.10375258326530457
186 0.10311441123485565
187 0.1032986119389534
188 0.10257628560066223
189 0.10190017521381378
190 0.10258825123310089
191 0.10085880011320114
192 0.10240113735198975
193 0.10017259418964386
194 0.10047170519828796
195 0.10185760259628296
196 0.1008622944355011
197 0.0994369238615036
198 0.09817874431610107
199 0.1011660248041153
200 0.09957610070705414
201 0.09827344864606857
202 0.09864528477191925
203 0.0994296669960022
204 0.09901069849729538
205 0.098911814391613
206 0.09851256012916565
207 0.09726189076900482
208 0.09830418229103088
209 0.0949358195066452
210 0.09882044047117233
211 0.09633613377809525
212 0.09692498296499252
213 0.09627439081668854
214 0.09657857567071915
215 0.09615842252969742
216 0.09382042288780212
217 0.09509137272834778
218 0.09496577084064484
219 0.09556065499782562
220 0.09540765732526779
221 0.09442875534296036
222 0.09344180673360825
223 0.09434867650270462
224 0.09322451055049896
225 0.09311342984437943
226 0.09412956982851028
227 0.0940903052687645
228 0.09212552011013031
229 0.09284160286188126
230 0.09284298121929169
231 0.09295325726270676
232 0.09230145066976547
233 0.09266869723796844
234 0.09197718650102615
235 0.09096257388591766
236 0.09081576019525528
237 0.0904449075460434
238 0.09063485264778137
239 0.09140841662883759
240 0.09097390621900558
241 0.09105761349201202
242 0.09061756730079651
243 0.09057743102312088
244 0.09053304046392441
245 0.08938761055469513
246 0.08967602252960205
247 0.08889792114496231
248 0.08881139755249023
249 0.08876403421163559
250 0.08933835476636887
251 0.08869108557701111
252 0.09068277478218079
253 0.0898732915520668
254 0.08699657022953033
255 0.08880122005939484
256 0.08823081105947495
257 0.08765946328639984
258 0.08864900469779968
259 0.08731155842542648
260 0.08761618286371231
261 0.08746445178985596
262 0.08768711239099503
263 0.08712269365787506
264 0.08720652759075165
265 0.08708031475543976
266 0.08715154230594635
267 0.08744410425424576
268 0.0866367369890213
269 0.08739222586154938
270 0.08604457974433899
271 0.08491741120815277
272 0.08561228960752487
273 0.08517511188983917
274 0.08459114283323288
275 0.08552920073270798
276 0.08356108516454697
277 0.08446822315454483
278 0.08510619401931763
279 0.08378782868385315
280 0.0839242935180664
281 0.08374089002609253
282 0.08433778584003448
283 0.08559080958366394
284 0.08541054278612137
285 0.08232757449150085
286 0.08320462703704834
287 0.08412601053714752
288 0.08204583823680878
289 0.08314559608697891
290 0.08249668776988983
291 0.08256006240844727
292 0.08180299401283264
293 0.08310240507125854
294 0.08123484998941422
295 0.08264033496379852
296 0.08263350278139114
297 0.0818038284778595
298 0.0821862444281578
299 0.08220776915550232
300 0.08174200356006622
301 0.08164329826831818
302 0.08130841702222824
303 0.08128798753023148
304 0.08157162368297577
305 0.08175832033157349
306 0.08078533411026001
307 0.08109353482723236
308 0.07963313907384872
309 0.08104842156171799
310 0.07930229604244232
311 0.07908686250448227
312 0.08027876913547516
313 0.07885989546775818
314 0.08050060272216797
315 0.0783294290304184
316 0.08049096167087555
317 0.0804581567645073
318 0.0787246823310852
319 0.07967709004878998
320 0.08012528717517853
321 0.0792461633682251
322 0.07868648320436478
323 0.07805068790912628
324 0.07868766039609909
325 0.07851293683052063
326 0.07837795466184616
327 0.07853078842163086
328 0.07782094180583954
329 0.0790725126862526
330 0.07864067703485489
331 0.07725450396537781
332 0.07817957550287247
333 0.07846076786518097
334 0.07790272682905197
335 0.07654333114624023
336 0.07739048451185226
337 0.077434241771698
338 0.07805143296718597
339 0.0767689049243927
340 0.07869695872068405
341 0.07708656787872314
342 0.07681997120380402
343 0.07781809568405151
344 0.07756403833627701
345 0.07494249194860458
346 0.07587099820375443
347 0.07586707174777985
348 0.07715737819671631
349 0.07561535388231277
350 0.07582330703735352
351 0.07562081515789032
352 0.0756482407450676
353 0.07689172029495239
354 0.07322664558887482
355 0.07590728253126144
356 0.0754370465874672
357 0.0739014521241188
358 0.07593569159507751
359 0.07532121241092682
360 0.07548073679208755
361 0.07547958940267563
362 0.07540270686149597
363 0.0756627693772316
364 0.07261869311332703
365 0.07520455867052078
366 0.07407248765230179
367 0.07474744319915771
368 0.07421824336051941
369 0.07448627799749374
370 0.07468096166849136
371 0.07327157258987427
372 0.0733044445514679
373 0.07411523908376694
374 0.07572182267904282
375 0.07302254438400269
376 0.07382040470838547
377 0.07381919026374817
378 0.07374881207942963
379 0.07293838262557983
380 0.07333458214998245
381 0.0736059844493866
382 0.07142401486635208
383 0.07314959168434143
384 0.07220549881458282
385 0.07309865951538086
386 0.07247626781463623
387 0.07201091200113297
388 0.0723218247294426
389 0.07340142875909805
390 0.07289198786020279
391 0.07169939577579498
392 0.0722133070230484
393 0.07173996418714523
394 0.07217162102460861
395 0.07072402536869049
396 0.0714079737663269
397 0.0722767636179924
398 0.07162614166736603
399 0.0715881809592247
400 0.06970230489969254
