1 1.1016771793365479
2 0.7757970094680786
3 0.5629417896270752
4 0.45797982811927795
5 0.3793463408946991
6 0.33127227425575256
7 0.296337366104126
8 0.27351900935173035
9 0.25531646609306335
10 0.23066683113574982
11 0.23289693892002106
12 0.201859712600708
13 0.19329863786697388
14 0.20040486752986908
15 0.18792933225631714
16 0.17838409543037415
17 0.1680428385734558
18 0.1638970524072647
19 0.16491080820560455
20 0.1618199199438095
21 0.15755683183670044
22 0.1642197072505951
23 0.14605581760406494
24 0.13725706934928894
25 0.1366395205259323
26 0.142294242978096
27 0.14209453761577606
28 0.13914968073368073
29 0.13557717204093933
30 0.14847108721733093
31 0.1386258751153946
32 0.13760444521903992
33 0.12526379525661469
34 0.13490499556064606
35 0.13718710839748383
36 0.12113304436206818
37 0.13230358064174652
38 0.13991807401180267
39 0.11019668728113174
40 0.13163073360919952
41 0.11620177328586578
42 0.11604867875576019
43 0.12390809506177902
44 0.1190067008137703
45 0.10256964713335037
46 0.1310667097568512
47 0.12802743911743164
48 0.1049291267991066
49 0.12492580711841583
50 0.12837055325508118
51 0.11827252060174942
52 0.11493844538927078
53 0.11890842020511627
54 0.1211758702993393
55 0.12563395500183105
56 0.1079212948679924
57 0.1023179367184639
58 0.11571016162633896
59 0.10803773254156113
60 0.10376106947660446
61 0.0992528647184372
62 0.10707934200763702
63 0.10872436314821243
64 0.09558789432048798
65 0.11484835296869278
66 0.11331810802221298
67 0.11492608487606049
68 0.09883115440607071
69 0.09036508202552795
70 0.10701636224985123
71 0.09522699564695358
72 0.10629040747880936
73 0.11320541799068451
74 0.10211680829524994
75 0.09689796715974808
76 0.096410371363163
77 0.11119914054870605
78 0.09130869060754776
79 0.10560302436351776
80 0.11059129983186722
81 0.10185130685567856
82 0.10254370421171188
83 0.09096263349056244
84 0.10342354327440262
85 0.09670793265104294
86 0.09588804841041565
87 0.11928482353687286
88 0.10100320726633072
89 0.10553967207670212
90 0.10191202908754349
91 0.10941412299871445
92 0.09565833956003189
93 0.09784035384654999
94 0.08179937303066254
95 0.0934872105717659
96 0.09338568150997162
97 0.10253116488456726
98 0.10177413374185562
99 0.1065727174282074
100 0.09559797495603561
101 0.09608856588602066
102 0.08192892372608185
103 0.09252148121595383
104 0.09982536733150482
105 0.09330414980649948
106 0.10647771507501602
107 0.08495669811964035
108 0.08576607704162598
109 0.1282082200050354
110 0.08319134265184402
111 0.0850323736667633
112 0.08696545660495758
113 0.1111915186047554
114 0.08623054623603821
115 0.091744564473629
116 0.10505644232034683
117 0.08102674037218094
118 0.09576966613531113
119 0.0887627974152565
120 0.0940108448266983
121 0.09490492939949036
122 0.09611079096794128
123 0.0938238576054573
124 0.08937729895114899
125 0.07865601778030396
126 0.08711007237434387
127 0.08687447011470795
128 0.08976846188306808
129 0.07702106237411499
130 0.09239709377288818
131 0.079124815762043
132 0.08587050437927246
133 0.08828774839639664
134 0.10203425586223602
135 0.08028793334960938
136 0.1035664901137352
137 0.08965735882520676
138 0.09255751222372055
139 0.09350962191820145
140 0.08446037769317627
141 0.07956904917955399
142 0.0794825330376625
143 0.07981674373149872
144 0.0775575265288353
145 0.09520567953586578
146 0.09174900501966476
147 0.08599508553743362
148 0.08863677829504013
149 0.11532127857208252
150 0.08438865840435028
151 0.07704553008079529
152 0.08863747119903564
153 0.07960689067840576
154 0.08884641528129578
155 0.07510479539632797
156 0.0721157118678093
157 0.09115946292877197
158 0.07896581292152405
159 0.08070839196443558
160 0.08544542640447617
161 0.07512631267309189
162 0.07835368067026138
163 0.08967355638742447
164 0.08936742693185806
165 0.0784464105963707
166 0.08028773218393326
167 0.09142506122589111
168 0.06996229290962219
169 0.07324874401092529
170 0.1150960773229599
171 0.08816856890916824
172 0.08014173805713654
173 0.07426262646913528
174 0.08684201538562775
175 0.07044651359319687
176 0.06889283657073975
177 0.09603675454854965
178 0.08597849309444427
179 0.10113514959812164
180 0.07692907005548477
181 0.08342865109443665
182 0.08296713978052139
183 0.08416728675365448
184 0.07418263703584671
185 0.0783684253692627
186 0.07531211525201797
187 0.07407329976558685
188 0.08007075637578964
189 0.07108727097511292
190 0.08537572622299194
191 0.07686599344015121
192 0.08678849041461945
193 0.08625400811433792
194 0.07653717696666718
195 0.06846175342798233
196 0.07376892864704132
197 0.07638931274414062
198 0.08911779522895813
199 0.07813694328069687
200 0.11099152266979218
201 0.07653508335351944
202 0.0741521567106247
203 0.0880342572927475
204 0.1113806962966919
205 0.06106167659163475
206 0.07328137755393982
207 0.06053328141570091
208 0.07607121020555496
209 0.0705132782459259
210 0.07835601270198822
211 0.0782296359539032
212 0.08742090314626694
213 0.08608194440603256
214 0.07700710743665695
215 0.06850448995828629
216 0.07982785999774933
217 0.07501154392957687
218 0.06103655323386192
219 0.08422903716564178
220 0.06656144559383392
221 0.08048497885465622
222 0.07131428271532059
223 0.06834828853607178
224 0.07331216335296631
225 0.0768236368894577
226 0.07351226359605789
227 0.08063356578350067
228 0.07650967687368393
229 0.08688883483409882
230 0.06032784283161163
231 0.07021821290254593
232 0.07687224447727203
233 0.08095530420541763
234 0.06564309448003769
235 0.06253793090581894
236 0.0888294205069542
237 0.07749458402395248
238 0.0733078122138977
239 0.0688982829451561
240 0.08182419091463089
241 0.07140281051397324
242 0.10277041047811508
243 0.07742363214492798
244 0.06730888038873672
245 0.07813370227813721
246 0.07007529586553574
247 0.0835864394903183
248 0.08170808106660843
249 0.08057023584842682
250 0.10824744403362274
251 0.06096237152814865
252 0.0704420804977417
253 0.07413370907306671
254 0.06455734372138977
255 0.07406497746706009
256 0.0708809345960617
257 0.07643144577741623
258 0.06957346200942993
259 0.07138912379741669
260 0.07965557277202606
261 0.06979184597730637
262 0.0747392550110817
263 0.07094091176986694
264 0.07137516140937805
265 0.07308699190616608
266 0.0717535987496376
267 0.059719715267419815
268 0.07075793296098709
269 0.08470515161752701
270 0.07094080746173859
271 0.08154722303152084
272 0.06006330996751785
273 0.063725046813488
274 0.07091183215379715
275 0.07135619968175888
276 0.0792388841509819
277 0.07970642298460007
278 0.07159262150526047
279 0.0682440921664238
280 0.07942947745323181
281 0.060376789420843124
282 0.06930871307849884
283 0.057646021246910095
284 0.09645097702741623
285 0.0880776196718216
286 0.0744858831167221
287 0.06941192597150803
288 0.06474258750677109
289 0.07204217463731766
290 0.07272661477327347
291 0.05673689395189285
292 0.05910718813538551
293 0.0770552009344101
294 0.08295855671167374
295 0.07388155162334442
296 0.07328028976917267
297 0.0766063705086708
298 0.0656876415014267
299 0.08176007866859436
300 0.0821540430188179
301 0.0775110274553299
302 0.07125197350978851
303 0.07010389119386673
304 0.07306072115898132
305 0.06614304333925247
306 0.08134974539279938
307 0.06173929199576378
308 0.05919884145259857
309 0.06570588052272797
310 0.06565310806035995
311 0.06163117662072182
312 0.07206905633211136
313 0.07055798918008804
314 0.06613963842391968
315 0.06641226261854172
316 0.06907425820827484
317 0.06984798610210419
318 0.06988697499036789
319 0.06519808620214462
320 0.07694435864686966
321 0.07626000791788101
322 0.07329707592725754
323 0.060284823179244995
324 0.07196010649204254
325 0.06629231572151184
326 0.06783198565244675
327 0.0631779283285141
328 0.07050393521785736
329 0.0819062888622284
330 0.08053648471832275
331 0.07375507801771164
332 0.0778815746307373
333 0.0698641762137413
334 0.06535408645868301
335 0.07118378579616547
336 0.06560076028108597
337 0.08351276814937592
338 0.06346292048692703
339 0.05830085650086403
340 0.053414925932884216
341 0.06229317560791969
342 0.0688733458518982
343 0.05780753865838051
344 0.058820102363824844
345 0.08232557773590088
346 0.07129687815904617
347 0.062311187386512756
348 0.07252145558595657
349 0.06009605899453163
350 0.1031750738620758
351 0.07140322029590607
352 0.05379278212785721
353 0.06539060920476913
354 0.056957222521305084
355 0.08182763308286667
356 0.06446041166782379
357 0.0733151063323021
358 0.07019834220409393
359 0.0631750226020813
360 0.06881603598594666
361 0.07179368287324905
362 0.07477925717830658
363 0.08446546643972397
364 0.06198393926024437
365 0.06146831810474396
366 0.05793750286102295
367 0.07363366335630417
368 0.06823249906301498
369 0.06373479217290878
370 0.07264944911003113
371 0.07152081280946732
372 0.07007275521755219
373 0.06015194579958916
374 0.0723324865102768
375 0.060290299355983734
376 0.08614496886730194
377 0.06497060507535934
378 0.07985211908817291
379 0.0656437799334526
380 0.08818710595369339
381 0.06515555083751678
382 0.06090151146054268
383 0.06060436740517616
384 0.06448347121477127
385 0.06689136475324631
386 0.07242933660745621
387 0.054093293845653534
388 0.062440644949674606
389 0.07482285052537918
390 0.06633087992668152
391 0.07209385931491852
392 0.054480209946632385
393 0.0581461638212204
394 0.05635135993361473
395 0.08057970553636551
396 0.05226292461156845
397 0.06997338682413101
398 0.06344229727983475
399 0.06746208667755127
400 0.08376722782850266
401 0.059901051223278046
402 0.0608433336019516
403 0.06402511149644852
404 0.074091836810112
405 0.06342921406030655
406 0.07277284562587738
407 0.058750614523887634
408 0.07071585208177567
409 0.0582326278090477
410 0.07294473052024841
411 0.06670012325048447
412 0.06933579593896866
413 0.06427346915006638
414 0.07447078824043274
415 0.06006453558802605
416 0.07939077168703079
417 0.07372990250587463
418 0.0712495967745781
419 0.06865308433771133
420 0.06439067423343658
421 0.056500017642974854
422 0.05633898079395294
423 0.061265263706445694
424 0.07072429358959198
425 0.07266005873680115
426 0.06507746130228043
427 0.06185280904173851
428 0.06093059107661247
429 0.0629696175456047
430 0.06911558657884598
431 0.0610479973256588
432 0.06420265883207321
433 0.06799155473709106
434 0.05200084298849106
435 0.06333788484334946
436 0.06831943243741989
437 0.06202992796897888
438 0.07068069279193878
439 0.06453924626111984
440 0.07488037645816803
441 0.06388795375823975
442 0.0713583379983902
443 0.06353182345628738
444 0.06847614794969559
445 0.0659337043762207
446 0.09313378483057022
447 0.05668541416525841
448 0.06421554833650589
449 0.060938768088817596
450 0.0817079246044159
451 0.053255002945661545
452 0.04929961636662483
453 0.055785030126571655
454 0.06044825538992882
455 0.0742516815662384
456 0.07347964495420456
457 0.05658465996384621
458 0.06952715665102005
459 0.07131785899400711
460 0.05805843323469162
461 0.058231037110090256
462 0.06454288959503174
463 0.05751597136259079
464 0.0653870552778244
465 0.06138548254966736
466 0.051068417727947235
467 0.060778986662626266
468 0.06456314772367477
469 0.0776992216706276
470 0.055089909583330154
471 0.07325778901576996
472 0.07020999491214752
473 0.08393144607543945
474 0.05915618687868118
475 0.07184424251317978
476 0.05782463774085045
477 0.058788836002349854
478 0.06537575274705887
479 0.06924337893724442
480 0.06228875368833542
481 0.07837766408920288
482 0.07269889861345291
483 0.06033950671553612
484 0.05956796184182167
485 0.05744806304574013
486 0.08494612574577332
487 0.0573597326874733
488 0.07327945530414581
489 0.05832713097333908
490 0.0545971542596817
491 0.07807279378175735
492 0.07159822434186935
493 0.05211421474814415
494 0.05745727941393852
495 0.08260514587163925
496 0.06265854090452194
497 0.06261436641216278
498 0.05733552947640419
499 0.06182180717587471
500 0.05967283621430397
501 0.058138251304626465
502 0.06659108400344849
503 0.06456073373556137
504 0.06592400372028351
505 0.06795831769704819
506 0.06540969014167786
507 0.05929847061634064
508 0.0662129819393158
509 0.07324492186307907
510 0.065984807908535
511 0.05498841032385826
512 0.05302276834845543
513 0.06963435560464859
514 0.058440349996089935
515 0.06976248323917389
516 0.07493467628955841
517 0.061184175312519073
518 0.04684216529130936
519 0.07164245843887329
520 0.055396612733602524
521 0.05519552528858185
522 0.06172049790620804
523 0.056149858981370926
524 0.05172234773635864
525 0.06762830913066864
526 0.0594911202788353
527 0.07127993553876877
528 0.0793977752327919
529 0.07228299975395203
530 0.05478227511048317
531 0.0639539286494255
532 0.08920532464981079
533 0.055428262799978256
534 0.050617020577192307
535 0.06639516353607178
536 0.05668589472770691
537 0.061910513788461685
538 0.0562007836997509
539 0.04782916232943535
540 0.06792189180850983
541 0.07431108504533768
542 0.05739349499344826
543 0.06764039397239685
544 0.051114216446876526
545 0.06416846066713333
546 0.06198526918888092
547 0.07186051458120346
548 0.05277939885854721
549 0.05699904263019562
550 0.05788254737854004
551 0.052811942994594574
552 0.05816921591758728
553 0.07417093962430954
554 0.05286344140768051
555 0.07320906221866608
556 0.05763816833496094
557 0.07051824033260345
558 0.0629623681306839
559 0.08026798069477081
560 0.0710177794098854
561 0.0677282065153122
562 0.06135204806923866
563 0.06360460072755814
564 0.07142223417758942
565 0.07576990127563477
566 0.049911532551050186
567 0.06913089752197266
568 0.0644618570804596
569 0.050970569252967834
570 0.048728808760643005
571 0.054980866611003876
572 0.05269784852862358
573 0.053199853748083115
574 0.0601794570684433
575 0.059241339564323425
576 0.05375625193119049
577 0.06330377608537674
578 0.0490473210811615
579 0.05644717440009117
580 0.07258874922990799
581 0.05969301611185074
582 0.05210673809051514
583 0.060935985296964645
584 0.05439411476254463
585 0.07581137120723724
586 0.07054837793111801
587 0.0611458495259285
588 0.054091356694698334
589 0.0541221909224987
590 0.0527656264603138
591 0.06664050370454788
592 0.06160920113325119
593 0.05703531578183174
594 0.06543061137199402
595 0.050195567309856415
596 0.07050532847642899
597 0.06180872023105621
598 0.055626191198825836
599 0.05968572199344635
600 0.08123362064361572
601 0.05590810254216194
602 0.05853932350873947
603 0.06107551231980324
604 0.059648092836141586
605 0.0678088590502739
606 0.05557560175657272
607 0.048587433993816376
608 0.062006376683712006
609 0.05444471165537834
610 0.058183588087558746
611 0.0668548047542572
612 0.046987321227788925
613 0.05136669799685478
614 0.07926171272993088
615 0.06576129049062729
616 0.06703098863363266
617 0.06694886833429337
618 0.05444103106856346
619 0.08083269000053406
620 0.052516937255859375
621 0.08127560466527939
622 0.06774536520242691
623 0.05668728053569794
624 0.051033761352300644
625 0.04585740715265274
626 0.06468364596366882
627 0.05954386293888092
628 0.06366633623838425
629 0.08572537451982498
630 0.05637994036078453
631 0.08811511844396591
632 0.07394852489233017
633 0.064917653799057
634 0.05728273466229439
635 0.05233796313405037
636 0.04545868560671806
637 0.04493612423539162
638 0.052887700498104095
639 0.05671781674027443
640 0.05549922585487366
641 0.0664021447300911
642 0.050356872379779816
643 0.05595732852816582
644 0.057285718619823456
645 0.051261842250823975
646 0.056853827089071274
647 0.048449236899614334
648 0.061641331762075424
649 0.053636956959962845
650 0.05096368119120598
651 0.060522597283124924
652 0.04331666976213455
653 0.07274796813726425
654 0.06342199444770813
655 0.06371483951807022
656 0.05145140737295151
657 0.05524784326553345
658 0.06034814566373825
659 0.05631006509065628
660 0.08602014929056168
661 0.05338031053543091
662 0.06409799307584763
663 0.05670477822422981
664 0.04623378440737724
665 0.07773706316947937
666 0.06591366231441498
667 0.06861259043216705
668 0.05478125810623169
669 0.05658646300435066
670 0.058115433901548386
671 0.06015115976333618
672 0.053552351891994476
673 0.05143813043832779
674 0.0620659738779068
675 0.053134288638830185
676 0.04866425693035126
677 0.05386145040392876
678 0.0587003156542778
679 0.060844991356134415
680 0.05639912188053131
681 0.05617573484778404
682 0.061224356293678284
683 0.06187328323721886
684 0.05999667942523956
685 0.06715903431177139
686 0.05535601079463959
687 0.051857516169548035
688 0.05317093804478645
689 0.06100171431899071
690 0.053456779569387436
691 0.06786995381116867
692 0.06367168575525284
693 0.06090717762708664
694 0.05014221742749214
695 0.06706846505403519
696 0.05916512385010719
697 0.04781773313879967
698 0.06880112737417221
699 0.06761851906776428
700 0.04411567375063896
701 0.056735746562480927
702 0.05431464686989784
703 0.057796016335487366
704 0.0656907930970192
705 0.046129558235406876
706 0.06948895007371902
707 0.06212220713496208
708 0.0550776831805706
709 0.05467957258224487
710 0.06364236772060394
711 0.06640401482582092
712 0.058818269520998
713 0.05768251791596413
714 0.05626198649406433
715 0.05594291538000107
716 0.04337558522820473
717 0.05023869872093201
718 0.06351659446954727
719 0.05037786811590195
720 0.05771713703870773
721 0.05669627711176872
722 0.044624973088502884
723 0.04909239709377289
724 0.0794784277677536
725 0.04801885411143303
726 0.06361328810453415
727 0.059754177927970886
728 0.045366574078798294
729 0.06891877204179764
730 0.05196758732199669
731 0.05425618961453438
732 0.06693219393491745
733 0.06624319404363632
734 0.0681321993470192
735 0.04785269871354103
736 0.044881489127874374
737 0.053353339433670044
738 0.049284979701042175
739 0.060564957559108734
740 0.04725528135895729
741 0.04881417006254196
742 0.07146484404802322
743 0.060750555247068405
744 0.09620523452758789
745 0.04137156158685684
746 0.0605015866458416
747 0.04958603158593178
748 0.05341174826025963
749 0.08239473402500153
750 0.055228039622306824
751 0.05688706412911415
752 0.04539278894662857
753 0.04724203795194626
754 0.04482507333159447
755 0.04144405946135521
756 0.05439857393503189
757 0.055533502250909805
758 0.05256490036845207
759 0.06476951390504837
760 0.0588824599981308
761 0.07044258713722229
762 0.05086570605635643
763 0.04677926003932953
764 0.08155221492052078
765 0.06496163457632065
766 0.05311453342437744
767 0.05200493708252907
768 0.049592409282922745
769 0.06102052330970764
770 0.0443413071334362
771 0.0671166405081749
772 0.0558064766228199
773 0.06158045679330826
774 0.04458477348089218
775 0.04950658977031708
776 0.062436580657958984
777 0.05572093278169632
778 0.04728865623474121
779 0.05545007064938545
780 0.06388941407203674
781 0.05737451836466789
782 0.04364904761314392
783 0.053472571074962616
784 0.05214734748005867
785 0.062241826206445694
786 0.04632067680358887
787 0.06266892701387405
788 0.05235425382852554
789 0.04336448013782501
790 0.06611577421426773
791 0.05166745185852051
792 0.0560528039932251
793 0.06149377301335335
794 0.059797994792461395
795 0.05668986961245537
796 0.04866039752960205
797 0.04758875444531441
798 0.056568607687950134
799 0.051885250955820084
800 0.0605170838534832
