1 1.3852899074554443
2 1.3558721542358398
3 1.339288353919983
4 1.3278361558914185
5 1.3026092052459717
6 1.3216890096664429
7 1.374650001525879
8 1.3826658725738525
9 1.3116978406906128
10 1.345970869064331
11 1.3395036458969116
12 1.3417457342147827
13 1.3231773376464844
14 1.3022501468658447
15 1.3286226987838745
16 1.4254045486450195
17 1.3488775491714478
18 1.3324238061904907
19 1.3309484720230103
20 1.3629639148712158
21 1.342288613319397
22 1.3070597648620605
23 1.3149738311767578
24 1.3513168096542358
25 1.3489534854888916
26 1.3514225482940674
27 1.3151425123214722
28 1.3640320301055908
29 1.3118795156478882
30 1.3245041370391846
31 1.389487862586975
32 1.3357503414154053
33 1.3576990365982056
34 1.3464173078536987
35 1.4235649108886719
36 1.3063161373138428
37 1.3476142883300781
38 1.2977710962295532
39 1.3140994310379028
40 1.3023600578308105
41 1.4032361507415771
42 1.3825739622116089
43 1.3140965700149536
44 1.279178500175476
45 1.363082766532898
46 1.378011703491211
47 1.3273059129714966
48 1.3307374715805054
49 1.348629117012024
50 1.312303900718689
51 1.3629006147384644
52 1.326733112335205
53 1.38521146774292
54 1.3289715051651
55 1.3606053590774536
56 1.3354542255401611
57 1.2710679769515991
58 1.3690736293792725
59 1.347302794456482
60 1.302038311958313
61 1.3000155687332153
62 1.3533250093460083
63 1.3269827365875244
64 1.351906657218933
65 1.3930630683898926
66 1.3209806680679321
67 1.2954944372177124
68 1.3258243799209595
69 1.3452987670898438
70 1.3856152296066284
71 1.3097524642944336
72 1.377992868423462
73 1.3344186544418335
74 1.3476922512054443
75 1.337823748588562
76 1.3580079078674316
77 1.2804927825927734
78 1.333541750907898
79 1.3504118919372559
80 1.2991551160812378
81 1.3472930192947388
82 1.4218578338623047
83 1.3173059225082397
84 1.3641557693481445
85 1.3309553861618042
86 1.3532264232635498
87 1.2906241416931152
88 1.3324463367462158
89 1.344908595085144
90 1.3611027002334595
91 1.3123406171798706
92 1.3126710653305054
93 1.3316855430603027
94 1.3128139972686768
95 1.3865841627120972
96 1.3393213748931885
97 1.3168390989303589
98 1.342993140220642
99 1.363877773284912
100 1.295879602432251
101 1.3467820882797241
102 1.3921626806259155
103 1.3913527727127075
104 1.359117031097412
105 1.3484842777252197
106 1.348548173904419
107 1.3264763355255127
108 1.3032714128494263
109 1.3193697929382324
110 1.3363726139068604
111 1.3803443908691406
112 1.3514766693115234
113 1.337530493736267
114 1.3219231367111206
115 1.3876891136169434
116 1.2900598049163818
117 1.364547610282898
118 1.3654358386993408
119 1.2924811840057373
120 1.3034594058990479
121 1.286664605140686
122 1.357811689376831
123 1.342097520828247
124 1.337599277496338
125 1.2946985960006714
126 1.3569425344467163
127 1.3132903575897217
128 1.28752863407135
129 1.3360073566436768
130 1.3731499910354614
131 1.3513100147247314
132 1.3584648370742798
133 1.3535847663879395
134 1.395421028137207
135 1.321137547492981
136 1.3311896324157715
137 1.3747836351394653
138 1.2985854148864746
139 1.3899734020233154
140 1.339471697807312
141 1.3490246534347534
142 1.352782964706421
143 1.3323277235031128
144 1.3128604888916016
145 1.3074265718460083
146 1.297340750694275
147 1.3472641706466675
148 1.3058401346206665
149 1.3577189445495605
150 1.296632170677185
151 1.3384416103363037
152 1.2669638395309448
153 1.301314353942871
154 1.38608980178833
155 1.350291132926941
156 1.3345128297805786
157 1.3708279132843018
158 1.3763139247894287
159 1.3565449714660645
160 1.310387372970581
161 1.4012651443481445
162 1.367936372756958
163 1.3305468559265137
164 1.350663661956787
165 1.3155103921890259
166 1.4101296663284302
167 1.3272167444229126
168 1.3036489486694336
169 1.3541821241378784
170 1.3443500995635986
171 1.3034124374389648
172 1.3047146797180176
173 1.3412103652954102
174 1.3530442714691162
175 1.2988286018371582
176 1.3469911813735962
177 1.3323299884796143
178 1.3653422594070435
179 1.3512848615646362
180 1.2909342050552368
181 1.3346449136734009
182 1.3741956949234009
183 1.3170814514160156
184 1.3385401964187622
185 1.3471125364303589
186 1.3272260427474976
187 1.3350015878677368
188 1.3778927326202393
189 1.3533343076705933
190 1.3626548051834106
191 1.375248670578003
192 1.3657809495925903
193 1.3215798139572144
194 1.3345952033996582
195 1.2998359203338623
196 1.3353955745697021
197 1.364637851715088
198 1.3254454135894775
199 1.3016637563705444
200 1.375860571861267
201 1.3408899307250977
202 1.3424712419509888
203 1.295798420906067
204 1.3899277448654175
205 1.3520996570587158
206 1.3298094272613525
207 1.3914262056350708
208 1.3606061935424805
209 1.3633116483688354
210 1.338902235031128
211 1.3229423761367798
212 1.3709174394607544
213 1.311608076095581
214 1.3215895891189575
215 1.3302556276321411
216 1.3087040185928345
217 1.3674002885818481
218 1.3031914234161377
219 1.347395896911621
220 1.300469994544983
221 1.3293005228042603
222 1.2787539958953857
223 1.3003039360046387
224 1.3346441984176636
225 1.3742746114730835
226 1.397348403930664
227 1.2946370840072632
228 1.3408359289169312
229 1.3666056394577026
230 1.3652399778366089
231 1.4088648557662964
232 1.3132190704345703
233 1.331130027770996
234 1.314679503440857
235 1.3415321111679077
236 1.3535356521606445
237 1.3394477367401123
238 1.3293665647506714
239 1.3656575679779053
240 1.3182896375656128
241 1.3697868585586548
242 1.341486930847168
243 1.3193963766098022
244 1.3166011571884155
245 1.3193604946136475
246 1.4088891744613647
247 1.3594354391098022
248 1.3338326215744019
249 1.3279458284378052
250 1.341623067855835
251 1.3646715879440308
252 1.3360668420791626
253 1.3399652242660522
254 1.300429344177246
255 1.3511152267456055
256 1.3457623720169067
257 1.2966278791427612
258 1.3703058958053589
259 1.3077653646469116
260 1.3497123718261719
261 1.3346620798110962
262 1.3203976154327393
263 1.3347009420394897
264 1.4021433591842651
265 1.3791780471801758
266 1.3216971158981323
267 1.313682198524475
268 1.3135855197906494
269 1.3194228410720825
270 1.3376041650772095
271 1.367700219154358
272 1.3104861974716187
273 1.3464621305465698
274 1.3520334959030151
275 1.3931939601898193
276 1.351814866065979
277 1.3112926483154297
278 1.3044425249099731
279 1.332119107246399
280 1.3380438089370728
281 1.345900535583496
282 1.3712354898452759
283 1.347164511680603
284 1.376109004020691
285 1.3708146810531616
286 1.311763048171997
287 1.3366179466247559
288 1.3012248277664185
289 1.3575807809829712
290 1.2940959930419922
291 1.3444372415542603
292 1.363745093345642
293 1.3274468183517456
294 1.265538215637207
295 1.35683274269104
296 1.3899028301239014
297 1.3583135604858398
298 1.3523756265640259
299 1.3088953495025635
300 1.321240782737732
301 1.3385229110717773
302 1.3649330139160156
303 1.3144774436950684
304 1.3439114093780518
305 1.3096634149551392
306 1.3465241193771362
307 1.337416410446167
308 1.357673168182373
309 1.3618727922439575
310 1.3304009437561035
311 1.322299599647522
312 1.3250340223312378
313 1.3953956365585327
314 1.2771234512329102
315 1.338270664215088
316 1.2991496324539185
317 1.3345297574996948
318 1.3521472215652466
319 1.3598452806472778
320 1.4014785289764404
321 1.3100708723068237
322 1.3399547338485718
323 1.327349305152893
324 1.3204758167266846
325 1.3618367910385132
326 1.3507487773895264
327 1.339882493019104
328 1.316955804824829
329 1.3776553869247437
330 1.3309426307678223
331 1.2972230911254883
332 1.3437280654907227
333 1.3785817623138428
334 1.3257765769958496
335 1.3155587911605835
336 1.3539390563964844
337 1.3452647924423218
338 1.3338912725448608
339 1.3533989191055298
340 1.3087317943572998
341 1.3394855260849
342 1.306207537651062
343 1.3590350151062012
344 1.3498218059539795
345 1.342738151550293
346 1.3574609756469727
347 1.333092212677002
348 1.3044880628585815
349 1.3971757888793945
350 1.3690446615219116
351 1.3565109968185425
352 1.3207581043243408
353 1.3292988538742065
354 1.3951103687286377
355 1.3464428186416626
356 1.3187686204910278
357 1.3205500841140747
358 1.3326194286346436
359 1.3722883462905884
360 1.3400391340255737
361 1.3666108846664429
362 1.311354398727417
363 1.3293225765228271
364 1.3488305807113647
365 1.3344389200210571
366 1.320901870727539
367 1.3172729015350342
368 1.3363982439041138
369 1.3595205545425415
370 1.276945948600769
371 1.3363230228424072
372 1.3432258367538452
373 1.3350940942764282
374 1.3728306293487549
375 1.3447697162628174
376 1.330062747001648
377 1.3233753442764282
378 1.3504507541656494
379 1.299777626991272
380 1.3194749355316162
381 1.3475115299224854
382 1.3229000568389893
383 1.3566970825195312
384 1.3414474725723267
385 1.3207875490188599
386 1.3026384115219116
387 1.3740826845169067
388 1.331623911857605
389 1.3280543088912964
390 1.3666102886199951
391 1.3473970890045166
392 1.3125637769699097
393 1.3674530982971191
394 1.3623217344284058
395 1.3487969636917114
396 1.3005061149597168
397 1.3712939023971558
398 1.315373182296753
399 1.308207631111145
400 1.3366957902908325
401 1.3550242185592651
402 1.3249133825302124
403 1.3552327156066895
404 1.293866753578186
405 1.3876259326934814
406 1.3801796436309814
407 1.3335883617401123
408 1.320948600769043
409 1.3988348245620728
410 1.295337200164795
411 1.3693928718566895
412 1.3707252740859985
413 1.3091689348220825
414 1.279525876045227
415 1.3377043008804321
416 1.3476026058197021
417 1.3671916723251343
418 1.3648499250411987
419 1.3732963800430298
420 1.3411506414413452
421 1.3048458099365234
422 1.3353666067123413
423 1.3296502828598022
424 1.3559534549713135
425 1.339604139328003
426 1.3430348634719849
427 1.3942835330963135
428 1.301125407218933
429 1.3508009910583496
430 1.3650730848312378
431 1.3451601266860962
432 1.3307443857192993
433 1.315501093864441
434 1.2906486988067627
435 1.386667251586914
436 1.3678879737854004
437 1.332781195640564
438 1.3176273107528687
439 1.3339911699295044
440 1.3207440376281738
441 1.358981966972351
442 1.2981842756271362
443 1.3364500999450684
444 1.4306832551956177
445 1.3338454961776733
446 1.3359596729278564
447 1.3028059005737305
448 1.390915036201477
449 1.3325625658035278
450 1.3768260478973389
451 1.3500266075134277
452 1.3055068254470825
453 1.4098325967788696
454 1.3349459171295166
455 1.3539555072784424
456 1.3108152151107788
457 1.2992138862609863
458 1.3415825366973877
459 1.273606300354004
460 1.3547338247299194
461 1.3478131294250488
462 1.3257904052734375
463 1.3490713834762573
464 1.373121738433838
465 1.3245481252670288
466 1.3726214170455933
467 1.3324869871139526
468 1.3104338645935059
469 1.2947726249694824
470 1.3338383436203003
471 1.3135006427764893
472 1.3248039484024048
473 1.3019886016845703
474 1.3831267356872559
475 1.3929121494293213
476 1.3469780683517456
477 1.310970425605774
478 1.348834753036499
479 1.3555911779403687
480 1.3644556999206543
481 1.3150190114974976
482 1.3304719924926758
483 1.3049299716949463
484 1.3096184730529785
485 1.3345458507537842
486 1.3205945491790771
487 1.3267161846160889
488 1.3408701419830322
489 1.3475167751312256
490 1.3102213144302368
491 1.386816382408142
492 1.3315117359161377
493 1.296959400177002
494 1.3038409948349
495 1.3198350667953491
496 1.3833847045898438
497 1.369720458984375
498 1.3718100786209106
499 1.329520344734192
500 1.338219165802002
501 1.3779593706130981
502 1.3132706880569458
503 1.3608274459838867
504 1.3387316465377808
505 1.3923273086547852
506 1.3625017404556274
507 1.336160659790039
508 1.3578113317489624
509 1.3155640363693237
510 1.412548542022705
511 1.3557555675506592
512 1.2932299375534058
513 1.3477699756622314
514 1.3320059776306152
515 1.3382114171981812
516 1.333114504814148
517 1.3385862112045288
518 1.3472474813461304
519 1.3072717189788818
520 1.3270313739776611
521 1.3114362955093384
522 1.3411420583724976
523 1.3668239116668701
524 1.3660789728164673
525 1.2761077880859375
526 1.3392744064331055
527 1.4396945238113403
528 1.3061598539352417
529 1.3083735704421997
530 1.332074522972107
531 1.3151417970657349
532 1.3092864751815796
533 1.341792345046997
534 1.3470879793167114
535 1.315054178237915
536 1.3292362689971924
537 1.3693056106567383
538 1.3186756372451782
539 1.3311525583267212
540 1.3410824537277222
541 1.3003567457199097
542 1.3569164276123047
543 1.2983068227767944
544 1.3445994853973389
545 1.3383201360702515
546 1.3198761940002441
547 1.3117461204528809
548 1.3479317426681519
549 1.398043155670166
550 1.3208304643630981
551 1.3265260457992554
552 1.3382904529571533
553 1.3074488639831543
554 1.3685928583145142
555 1.324454665184021
556 1.3489733934402466
557 1.3309438228607178
558 1.336200475692749
559 1.3395508527755737
560 1.3733668327331543
561 1.3168435096740723
562 1.3616818189620972
563 1.357767105102539
564 1.2914683818817139
565 1.33012855052948
566 1.3382004499435425
567 1.3548907041549683
568 1.3330358266830444
569 1.3250893354415894
570 1.341723084449768
571 1.350051999092102
572 1.3407995700836182
573 1.3423328399658203
574 1.308314561843872
575 1.3274613618850708
576 1.295071005821228
577 1.3357324600219727
578 1.3635573387145996
579 1.308484435081482
580 1.3112577199935913
581 1.3968135118484497
582 1.4105764627456665
583 1.3420168161392212
584 1.3106082677841187
585 1.3454480171203613
586 1.3314145803451538
587 1.3342838287353516
588 1.3113254308700562
589 1.3050289154052734
590 1.369261622428894
591 1.3100500106811523
592 1.3983988761901855
593 1.3580660820007324
594 1.3661153316497803
595 1.3274223804473877
596 1.3055177927017212
597 1.3681960105895996
598 1.3676601648330688
599 1.3450889587402344
600 1.3603501319885254
601 1.31833016872406
602 1.296227216720581
603 1.349387288093567
604 1.3409632444381714
605 1.4098607301712036
606 1.3728865385055542
607 1.3050175905227661
608 1.3543462753295898
609 1.3276653289794922
610 1.3289992809295654
611 1.3278290033340454
612 1.3221240043640137
613 1.3398804664611816
614 1.2981722354888916
615 1.3174561262130737
616 1.3318393230438232
617 1.3571226596832275
618 1.3002135753631592
619 1.357451319694519
620 1.4106249809265137
621 1.353164792060852
622 1.318289041519165
623 1.3565561771392822
624 1.389591932296753
625 1.3400988578796387
626 1.3001770973205566
627 1.3559530973434448
628 1.3807532787322998
629 1.3623219728469849
630 1.3460110425949097
631 1.3956630229949951
632 1.346165657043457
633 1.4016358852386475
634 1.316205620765686
635 1.3026123046875
636 1.348416805267334
637 1.2622849941253662
638 1.35177743434906
639 1.3024414777755737
640 1.4017322063446045
641 1.3271620273590088
642 1.3205770254135132
643 1.3979068994522095
644 1.2962970733642578
645 1.3243358135223389
646 1.3224622011184692
647 1.3173002004623413
648 1.355061411857605
649 1.3278497457504272
650 1.3570679426193237
651 1.3240987062454224
652 1.3046748638153076
653 1.3315774202346802
654 1.3315331935882568
655 1.3273886442184448
656 1.3597075939178467
657 1.3290903568267822
658 1.3222887516021729
659 1.3269200325012207
660 1.3492714166641235
661 1.3785953521728516
662 1.3244198560714722
663 1.2960922718048096
664 1.3774335384368896
665 1.3254495859146118
666 1.3703935146331787
667 1.3481574058532715
668 1.3187918663024902
669 1.3854320049285889
670 1.3315184116363525
671 1.3492937088012695
672 1.2983484268188477
673 1.3460170030593872
674 1.3639389276504517
675 1.3549598455429077
676 1.3199903964996338
677 1.2742327451705933
678 1.395637035369873
679 1.351580262184143
680 1.3210468292236328
681 1.379814863204956
682 1.3783458471298218
683 1.3602935075759888
684 1.3571735620498657
685 1.3817349672317505
686 1.303498387336731
687 1.3284951448440552
688 1.3396681547164917
689 1.3267930746078491
690 1.3584831953048706
691 1.3005273342132568
692 1.298364281654358
693 1.3589333295822144
694 1.3059279918670654
695 1.3682540655136108
696 1.3577618598937988
697 1.3616513013839722
698 1.3340259790420532
699 1.3597025871276855
700 1.3095120191574097
701 1.3117177486419678
702 1.3574259281158447
703 1.3366364240646362
704 1.3156391382217407
705 1.3166019916534424
706 1.2936609983444214
707 1.2805113792419434
708 1.3672977685928345
709 1.3649977445602417
710 1.3606656789779663
711 1.354233980178833
712 1.3714990615844727
713 1.353981852531433
714 1.310057282447815
715 1.4065066576004028
716 1.3280774354934692
717 1.3096859455108643
718 1.3487051725387573
719 1.327311635017395
720 1.3445392847061157
721 1.3402597904205322
722 1.3588610887527466
723 1.325990915298462
724 1.3073465824127197
725 1.4333606958389282
726 1.3365931510925293
727 1.2891122102737427
728 1.3098325729370117
729 1.3180019855499268
730 1.2921371459960938
731 1.3132619857788086
732 1.3142203092575073
733 1.3539412021636963
734 1.3636060953140259
735 1.3641873598098755
736 1.3674511909484863
737 1.333978295326233
738 1.3197611570358276
739 1.3262327909469604
740 1.3311011791229248
741 1.3598748445510864
742 1.353679895401001
743 1.3602912425994873
744 1.3226267099380493
745 1.3389756679534912
746 1.337589979171753
747 1.3496148586273193
748 1.3393303155899048
749 1.3433527946472168
750 1.309091567993164
751 1.2933329343795776
752 1.3605214357376099
753 1.333365797996521
754 1.334308385848999
755 1.2937068939208984
756 1.3456918001174927
757 1.3494313955307007
758 1.2915512323379517
759 1.3722155094146729
760 1.3013956546783447
761 1.3334872722625732
762 1.333650827407837
763 1.344344973564148
764 1.379339337348938
765 1.3506895303726196
766 1.3395156860351562
767 1.3235827684402466
768 1.3566558361053467
769 1.3307387828826904
770 1.3577665090560913
771 1.3090119361877441
772 1.3328465223312378
773 1.3484861850738525
774 1.3283793926239014
775 1.3293561935424805
776 1.3170075416564941
777 1.36253023147583
778 1.3015778064727783
779 1.3569413423538208
780 1.4014586210250854
781 1.3611761331558228
782 1.3604001998901367
783 1.3342684507369995
784 1.307382583618164
785 1.3560179471969604
786 1.3224891424179077
787 1.3397960662841797
788 1.358215093612671
789 1.3653135299682617
790 1.3134822845458984
791 1.2901772260665894
792 1.303196668624878
793 1.3567556142807007
794 1.3612607717514038
795 1.3735851049423218
796 1.2921942472457886
797 1.3076800107955933
798 1.3431527614593506
799 1.3909761905670166
800 1.353140115737915
